#ID b_B435 b_errB435 b_V606 b_errV606 b_I814 b_errI814 b_Y105 b_errY105 b_J125 b_errJ125 b_JH140 b_errJH140 b_H160 b_errH160 b_Ks b_errKs b_CH1 b_errCH1 b_CH2 b_errCH2 ZBEST field ID_original
1 0.001723 0.002325 0.005429 0.002159 0.008718 0.001932 0.01467 0.001725 0.0136 0.002521 0.01319 0.002435 0.01718 0.002663 0.003676 0.03166 -0.04626 0.1079 -0.04494 0.09509 0.01 1.0 405.0
2 0.01221 0.004313 0.03735 0.004023 0.05415 0.003524 0.07369 0.003101 0.08224 0.00454 0.07989 0.004403 0.09507 0.004961 0.07173 0.0404 0.106 0.1167 0.03541 0.1032 0.01 1.0 608.0
3 0.05007 0.02673 0.02981 0.02435 0.1132 0.02177 0.2817 0.0192 0.3019 0.02824 0.3179 0.02721 0.4783 0.02361 0.06286 0.06733 -0.003773 0.1306 0.02806 0.118 0.01 1.0 21487.0
4 0.007884 0.004182 0.03725 0.004045 0.06913 0.003695 1.757 0.004924 0.1144 0.007505 0.1113 0.007084 0.1327 0.007088 0.02891 0.04481 0.01011 0.1271 -0.02808 0.1262 0.056 1.0 824.0
5 0.0154 0.009114 0.1012 0.008373 0.1693 0.007397 0.2609 0.006519 0.2818 0.00957 0.2893 0.009261 0.3132 0.01176 0.2764 0.05374 0.1906 0.1571 0.1184 0.1311 0.076 1.0 577.0
6 0.07346 0.005289 0.1647 0.005087 0.1863 0.004471 0.2087 0.00392 0.2181 0.005714 0.2246 0.005537 0.2274 0.005896 0.2753 0.04258 0.2247 0.1085 0.2067 0.09103 0.27375 1.0 1522.0
7 0.1219 0.01505 0.5471 0.01476 1.164 0.01391 1.317 0.01675 1.966 0.02464 1.979 0.02365 2.166 0.02488 -0.3542 0.07553 0.8744 0.3583 0.2853 0.2395 0.348 1.0 1867.0
8 0.005199 0.00566 0.0003473 0.005119 0.01194 0.004628 0.01629 0.004136 0.02284 0.006105 0.03054 0.005918 0.02308 0.00511 -0.01852 0.0418 -0.04595 0.138 -0.08919 0.1208 0.349 1.0 21357.0
9 1.431 0.02835 7.193 0.02865 19.63 0.02853 31.79 0.0257 41.19 0.03894 47.8 0.03867 55.02 0.02904 84.73 0.09765 55.52 0.9256 41.47 0.4706 0.435 1.0 1588.0
10 0.9927 0.01565 2.301 0.01513 3.916 0.01396 4.73 0.01136 5.247 0.01682 5.629 0.01641 6.091 0.01413 7.692 0.07741 4.812 0.2449 4.045 0.1882 0.4795 1.0 475.0
11 0.01285 0.002909 0.02148 0.002682 0.03195 0.002452 0.03306 0.002133 0.03429 0.003143 0.03496 0.003027 0.03452 0.004443 0.06132 0.03172 -0.1319 0.1319 -0.21 0.1185 0.534 1.0 503.0
12 -0.02284 0.03018 0.0009378 0.02755 0.0463 0.02513 0.09409 0.0227 0.08447 0.03323 0.152 0.03217 0.1786 0.02797 0.1495 0.0504 -0.1585 0.2139 -0.2214 0.179 0.549 1.0 21213.0
13 0.1007 0.007003 0.2828 0.006572 0.5478 0.00598 0.7505 0.00509 0.8386 0.00754 0.8916 0.007306 0.9836 0.006962 1.476 0.05323 1.258 0.1214 0.9518 0.09958 0.5825 1.0 927.0
14 0.01478 0.004431 0.02194 0.004203 0.03631 0.003839 0.03988 0.003524 0.03833 0.005146 0.04239 0.004963 0.05377 0.006725 0.04219 0.03649 -0.4029 0.2022 -0.3851 0.1812 0.596 1.0 2144.0
15 0.0007097 0.004575 0.001722 0.004256 0.0148 0.003929 0.0196 0.003583 0.01635 0.005249 0.02894 0.005094 0.0285 0.00564 0.02315 0.03615 0.005647 0.1419 -0.00686 0.1269 0.612 1.0 111.0
16 0.002393 0.001954 0.003411 0.001786 0.004619 0.001565 0.005265 0.00139 0.002752 0.002042 0.005042 0.001958 0.005705 0.001706 0.01805 0.02792 -0.08116 0.1392 -0.152 0.09028 0.612 1.0 20670.0
17 0.005151 0.002209 0.004882 0.002055 0.008351 0.001836 0.006584 0.002297 0.01123 0.003406 0.009022 0.00328 0.009879 0.002847 -0.0001083 0.02675 0.004673 0.1113 -0.1235 0.09481 0.8265 1.0 21665.0
18 0.005548 0.003275 0.006581 0.003007 0.0116 0.002591 0.01138 0.002461 0.01363 0.00338 0.01416 0.003315 0.01317 0.003158 0.0229 0.03209 -0.05893 0.1307 -0.0158 0.1147 0.8465 1.0 2294.0
19 0.03132 0.004171 0.03069 0.003774 0.05172 0.003416 0.04911 0.002956 0.0537 0.004364 0.0569 0.004201 0.04424 0.004907 0.09329 0.03777 0.05775 0.1324 0.0676 0.115 0.861 1.0 1136.0
20 0.0 -99.0 0.0 -99.0 0.0 -99.0 0.0 -99.0 0.0 -99.0 0.0 -99.0 -0.005706 0.006073 -0.01491 0.006032 -0.2347 0.09267 -0.1482 0.07346 0.97 1.0 2259.0
21 0.03905 0.002106 0.03912 0.00187 0.05364 0.001722 0.05971 0.002123 0.06999 0.003102 0.05819 0.00298 0.07014 0.01778 0.2119 0.05356 0.05943 0.2537 0.07324 0.2108 0.98 1.0 138.0
22 0.9761 0.01518 1.463 0.01409 2.855 0.01297 4.233 0.01113 5.274 0.01664 5.667 0.01623 5.889 0.01336 9.495 0.0613 11.13 0.29 8.412 0.1722 1.01005 1.0 1149.0
23 0.1218 0.009841 0.1976 0.009282 0.453 0.008593 0.8331 0.007773 1.007 0.01143 1.127 0.01109 1.249 0.01092 1.637 0.05449 1.405 0.8604 1.375 0.4569 1.05 1.0 1853.0
24 0.01275 0.004016 0.01761 0.003862 0.02857 0.003563 0.04505 0.004836 0.04542 0.00727 0.03972 0.00677 0.0439 0.008955 -0.06596 0.03222 0.07692 0.1317 0.02779 0.1075 1.069 1.0 2322.0
25 0.0124 0.002926 0.01067 0.002685 0.01721 0.002486 0.02561 0.002451 0.02697 0.00369 0.02492 0.003439 0.02813 0.003765 0.03985 0.03326 0.02947 0.1121 0.02133 0.0866 1.13 1.0 2129.0
26 0.04898 0.004821 0.05069 0.004475 0.07409 0.004092 0.1182 0.009128 0.133 0.01244 0.1294 0.0113 0.1484 0.03024 -0.008449 0.03945 -0.3859 0.2218 -0.4733 0.1447 1.195 1.0 1346.0
27 0.01753 0.004439 0.02532 0.004039 0.03402 0.003665 0.0792 0.00323 0.08103 0.004712 0.08147 0.004579 0.08685 0.005296 0.09975 0.04112 0.2209 0.1083 0.2707 0.0971 1.355 1.0 1233.0
28 0.0005994 0.004565 0.01189 0.004257 0.009051 0.003784 0.02928 0.003431 0.0248 0.005017 0.03396 0.004931 0.03568 0.005082 0.01073 0.03758 0.07553 0.1356 0.06901 0.1061 1.373 1.0 1369.0
29 0.00153 0.003015 0.002744 0.00289 0.00442 0.002644 0.01957 0.002474 0.02216 0.003621 0.01822 0.003489 0.02382 0.00343 0.0465 0.03051 -0.1905 0.1394 -0.2763 0.1006 1.4 1.0 2058.0
30 0.002366 0.002375 0.004582 0.002158 0.003296 0.001909 0.007969 0.001699 0.007132 0.002478 0.01032 0.002412 0.006283 0.002095 0.003189 0.03169 0.1031 0.1072 0.1113 0.09507 1.425 1.0 20851.0
31 0.03779 0.003278 0.03729 0.003029 0.04061 0.002778 1.682 0.006788 0.1238 0.006033 0.09364 0.005658 0.07075 0.005704 -0.2975 0.03466 -0.002114 0.1215 -0.02252 0.091 1.455 1.0 2165.0
32 0.006847 0.003755 0.01573 0.003441 0.01627 0.003119 0.03463 0.002826 0.03948 0.004148 0.05447 0.004029 0.05311 0.005774 0.0554 0.03451 0.4733 0.2122 0.4628 0.1576 1.48 1.0 1049.0
33 0.01142 0.003178 0.006609 0.002858 0.01037 0.002663 0.01186 0.002337 0.01288 0.003415 0.01506 0.003297 0.01359 0.002868 -0.05795 0.03503 -0.04569 0.1179 -0.1169 0.104 1.56 1.0 20502.0
34 0.01966 0.003237 0.02582 0.003023 0.06444 0.002841 0.1658 0.002593 0.2531 0.003954 0.3106 0.00394 0.3568 0.002848 0.4074 0.03364 0.6597 0.5576 0.2746 0.499 1.5872 1.0 1837.0
35 3.711 0.03057 8.709 0.03022 14.96 0.02933 0.0 -99.0 0.0 -99.0 0.0 -99.0 0.0 -99.0 2.121 0.05678 35.42 2.062 30.72 1.033 1.6625 1.0 2237.0
36 0.002722 0.009881 0.01589 0.00927 0.0005788 0.008381 0.01867 0.007635 0.02738 0.01113 0.03812 0.01082 0.01626 0.009378 -0.006532 0.03588 -0.02217 0.1445 0.03463 0.123 1.6775 1.0 20669.0
37 0.04022 0.00258 0.03238 0.002236 0.02983 0.001999 0.03196 0.002004 0.04851 0.002843 0.04054 0.002706 0.01932 0.00297 0.007654 0.03015 -0.03248 0.1945 -0.04603 0.1496 1.691 1.0 2205.0
38 0.003409 0.003328 0.002428 0.002997 0.004659 0.002708 0.006247 0.002494 0.01489 0.00361 0.006277 0.003496 0.01067 0.003056 0.02733 0.03138 -0.2587 0.1048 -0.2751 0.09325 1.7545 1.0 21662.0
39 0.05768 0.005897 0.1324 0.005318 0.1818 0.00459 0.1894 0.003858 0.1972 0.005655 0.1949 0.005485 0.2147 0.00586 0.2885 0.03994 0.2483 0.1448 0.2109 0.1236 1.81775 1.0 1320.0
40 0.004064 0.002584 0.005197 0.002349 0.003757 0.002123 0.005595 0.001906 0.008954 0.002912 0.0108 0.00271 0.008936 0.002325 0.03838 0.03203 0.3365 0.4535 0.3073 0.3643 1.83 1.0 21888.0
41 -0.002616 0.007056 0.001764 0.006536 0.04434 0.005981 0.05426 0.005294 0.1331 0.007978 0.1318 0.007696 0.1131 0.006516 -0.07956 0.04913 -0.2483 0.1508 -0.2059 0.1328 1.9 1.0 554.0
42 0.3139 0.005477 0.3443 0.004888 0.3513 0.004387 0.4022 0.009045 0.5592 0.01024 0.0 -99.0 0.6239 0.0449 0.696 0.03311 1.498 0.1129 1.586 0.08828 1.9864 1.0 2194.0
43 0.3121 0.008811 0.4173 0.008094 0.507 0.007359 0.7442 0.006528 1.175 0.00982 1.455 0.009657 1.642 0.008447 2.516 0.04613 2.827 0.1343 3.047 0.1175 2.0775 1.0 134.0
44 0.1376 0.007483 0.1832 0.006945 0.2027 0.006217 0.2941 0.005533 0.4388 0.008178 0.5766 0.007992 0.6499 0.008108 0.7844 0.04839 0.6975 0.121 0.7194 0.09567 2.13 1.0 1669.0
45 0.004901 0.002223 0.004905 0.002016 0.004232 0.001829 0.005281 0.001627 0.006479 0.002393 0.006028 0.002318 0.009422 0.002981 -0.008733 0.02822 -0.0134 0.1067 0.04283 0.09203 2.2015 1.0 1599.0
46 0.0258 0.004884 0.02904 0.004439 0.02265 0.003877 0.02818 0.003404 0.02969 0.00495 0.03081 0.004843 0.03944 0.005776 0.08059 0.03878 0.1617 0.2417 0.0183 0.2105 2.203 1.0 1284.0
47 0.00313 0.007959 0.009749 0.007218 0.005791 0.006462 0.01481 0.005876 0.03178 0.00859 0.04025 0.00841 0.05654 0.007011 -0.03661 0.03851 -0.2664 0.2423 -0.2841 0.2022 2.2065 1.0 1154.0
48 0.04032 0.00628 0.04419 0.00567 0.04449 0.004919 0.05179 0.004265 0.0673 0.006283 0.0855 0.006071 0.1013 0.008268 0.1088 0.0431 0.1293 0.1474 0.2029 0.1262 2.25 1.0 867.0
49 0.0005335 0.003332 0.003548 0.003076 0.0068 0.002787 0.003501 0.002462 0.0114 0.003655 0.01391 0.003497 0.01602 0.003049 -0.009664 0.03735 0.1519 0.108 0.1091 0.09894 2.26045 1.0 21129.0
50 0.01074 0.004355 0.003899 0.003747 0.008026 0.003306 0.006818 0.002926 0.008946 0.004319 0.0121 0.004149 0.01826 0.004067 0.000503 0.03105 0.008084 0.1205 0.04243 0.1377 2.333 1.0 643.0
51 0.1742 0.01413 0.2093 0.01274 0.1864 0.01115 0.1357 0.03526 0.2257 0.0344 0.0 -99.0 0.0 -99.0 0.5068 0.03514 0.01223 0.2189 2.331 0.2186 2.425 1.0 23243.0
52 0.001534 0.00276 0.009968 0.002598 0.02291 0.00232 0.02494 0.001973 0.02605 0.00289 0.02386 0.002778 0.02912 0.003413 0.04667 0.03211 -0.06456 0.1028 -0.06088 0.08947 2.46 1.0 621.0
53 0.001813 0.0113 0.003404 0.01041 0.0221 0.009491 0.04001 0.01182 0.03181 0.01721 0.102 0.01682 0.1362 0.01316 0.09291 0.04721 -0.1422 0.1394 -0.04944 0.1536 2.503 1.0 897.0
54 0.03026 0.005045 0.03241 0.004535 0.03209 0.003997 0.02082 0.003485 0.02302 0.005038 0.0336 0.004925 0.04689 0.006901 0.02888 0.03781 0.02166 0.1466 0.07704 0.1266 2.54 1.0 582.0
55 0.02071 0.01266 0.02126 0.01139 0.02787 0.01021 0.03325 0.009446 0.02766 0.01373 0.06014 0.0134 0.08404 0.008681 0.02723 0.03741 0.1126 0.385 0.08908 0.3122 2.541999 1.0 1147.0
56 0.02516 0.003241 0.02156 0.002879 0.01938 0.002565 0.02171 0.002215 0.02104 0.003221 0.02711 0.003146 0.06558 0.003782 0.05756 0.02771 -0.2396 0.112 -0.3303 0.09742 2.638 1.0 1909.0
57 0.002766 0.00639 0.00896 0.005901 -0.0001432 0.005128 0.008297 0.004587 -0.002895 0.006678 -8.368e-05 0.006503 0.02505 0.006345 -0.001809 0.03153 -0.03763 0.1227 -0.04678 0.1171 2.705 1.0 993.0
58 0.06684 0.004772 0.08072 0.004395 0.08528 0.003904 0.08613 0.003385 0.09315 0.004963 0.1048 0.004813 0.2144 0.005339 0.2071 0.04134 0.06746 0.16 0.05446 0.1366 2.71 1.0 433.0
59 0.05587 0.007014 0.1464 0.006708 0.1527 0.005846 0.1653 0.005128 0.1811 0.007512 0.2371 0.007298 0.321 0.00755 0.3467 0.05 0.5526 0.1873 0.4505 0.1481 2.8 1.0 1285.0
60 0.002016 0.003041 0.004344 0.002826 0.003089 0.002557 0.00566 0.002309 0.008768 0.003369 0.003935 0.003336 0.01157 0.002838 0.02054 0.03372 -0.03595 0.124 -0.01209 0.1119 2.8185 1.0 20736.0
61 0.007152 0.00313 0.008557 0.002855 0.009759 0.002573 0.009014 0.002266 0.00859 0.003294 0.01289 0.003184 0.01363 0.002911 0.04122 0.03215 0.08036 0.1179 0.1074 0.1053 2.8195 1.0 318.0
62 0.003009 0.006591 0.01918 0.006447 0.01185 0.005798 0.02129 0.005371 0.02297 0.007769 0.02048 0.00757 0.03575 0.006601 0.04838 0.03665 0.06194 0.155 -0.03316 0.1221 2.8945 1.0 22421.0
63 0.004016 0.002458 0.009372 0.002252 0.01308 0.002034 0.009651 0.001851 0.01304 0.002738 0.01647 0.002663 0.02197 0.002914 0.02822 0.02885 -0.1312 0.166 -0.2745 0.1435 2.8995 1.0 1174.0
64 0.07241 0.006885 0.183 0.006669 0.2587 0.006056 0.2577 0.006896 0.3114 0.01012 0.3326 0.009688 0.4705 0.01052 0.6252 0.04863 0.8585 0.2096 0.8847 0.1494 3.054999 1.0 1437.0
65 0.03333 0.004187 0.07405 0.003951 0.07644 0.003392 0.07586 0.002994 0.07497 0.004372 0.08513 0.004257 0.1086 0.004932 0.1684 0.04062 0.2186 0.1992 0.2256 0.1409 3.0775 1.0 1145.0
66 0.006331 0.003115 0.01512 0.0029 0.01449 0.002522 0.01824 0.002213 0.01409 0.003228 0.01469 0.003102 0.02194 0.003759 0.03578 0.02971 0.01944 0.1694 -0.03256 0.1449 3.157899 1.0 1043.0
67 0.002905 0.003375 0.02526 0.003202 0.02211 0.002809 0.02718 0.002454 0.03067 0.0036 0.0347 0.003468 0.04537 0.003769 0.1151 0.03466 0.08464 0.125 0.06662 0.1082 3.170499 1.0 1336.0
68 0.04755 0.004851 0.1071 0.004533 0.1142 0.004015 0.1131 0.003497 0.1119 0.005093 0.13 0.004962 0.1573 0.00611 0.3211 0.04084 0.3852 0.1327 0.3608 0.1065 3.190999 1.0 1127.0
69 0.008243 0.003952 0.02933 0.003634 0.03759 0.003298 0.03276 0.002876 0.03877 0.004244 0.04199 0.004058 0.05465 0.004941 0.09231 0.0316 -0.2116 0.3671 -0.2558 0.3044 3.2237 1.0 1125.0
70 0.00938 0.002771 0.01881 0.002639 0.02279 0.002381 0.0197 0.002933 0.02702 0.004325 0.02102 0.004133 0.03014 0.003636 0.089 0.03281 0.1078 0.1184 0.04455 0.09545 3.2625 1.0 1281.0
71 0.002677 0.002141 0.004434 0.001959 0.005851 0.001762 0.005614 0.001744 0.006033 0.002463 0.007709 0.002478 0.01325 0.00203 0.07293 0.02996 -0.4224 1.365 -0.3538 0.6646 3.2997 1.0 2325.0
72 0.03231 0.004697 0.07034 0.004412 0.07325 0.003902 0.05841 0.003336 0.05072 0.004881 0.05124 0.004703 0.0685 0.00623 0.1106 0.04018 0.07834 0.1305 0.06718 0.1114 3.30165 1.0 982.0
73 0.02049 0.0039 0.05576 0.003687 0.07096 0.003383 0.06603 0.002954 0.06942 0.004363 0.07461 0.004197 0.09272 0.004949 0.1805 0.03608 0.1911 0.1021 0.2063 0.09306 3.310899 1.0 104.0
74 0.005404 0.002648 0.006512 0.002413 0.009995 0.002216 0.009007 0.001945 0.006189 0.002848 0.01507 0.002771 0.009866 0.00238 0.07614 0.03191 0.1436 0.1812 0.1285 0.2002 3.3415 1.0 20423.0
75 1.504 0.02805 5.039 0.02901 9.648 0.02751 0.0 -99.0 0.0 -99.0 0.0 -99.0 6.988 0.1042 8.234 0.07437 18.08 0.3831 15.48 0.2482 3.48 1.0 2257.0
76 0.0 -99.0 0.0 -99.0 0.0 -99.0 0.0 -99.0 0.0 -99.0 0.0 -99.0 0.0 -99.0 -0.01844 0.01855 -0.2786 0.9087 -0.1074 0.7713 3.55 1.0 21308.0
77 0.0003053 0.001783 0.003334 0.001702 0.00626 0.00156 0.008118 0.001385 0.007747 0.002025 0.008242 0.001943 0.01122 0.002168 0.01839 0.02659 0.06066 0.1087 0.01767 0.1007 3.624 1.0 1488.0
78 0.001027 0.002319 0.007023 0.002159 0.008839 0.001927 0.006385 0.001702 0.005832 0.002485 0.00848 0.00241 0.006692 0.0021 0.02891 0.02912 -0.008811 0.1003 0.004203 0.08885 3.62865 1.0 22093.0
79 0.003454 0.003017 0.02139 0.002888 0.0251 0.002526 0.0216 0.002214 0.02269 0.003269 0.02265 0.003138 0.01874 0.003544 0.03354 0.03547 -0.08434 0.1075 -0.1355 0.0927 3.645 1.0 1029.0
80 0.01845 0.006738 0.1648 0.006527 0.2515 0.006045 0.26 0.005238 0.2621 0.007685 0.2643 0.007429 0.2751 0.01166 0.4348 0.05115 0.2438 0.2701 0.2945 0.2117 3.7745 1.0 45.0
81 0.0001072 0.002604 0.01119 0.002507 0.014 0.002142 0.01236 0.001882 0.01341 0.002742 0.009495 0.002643 0.01602 0.003256 -0.007423 0.03738 -0.01548 0.1161 -0.02697 0.1032 3.835 1.0 985.0
82 -0.0002475 0.003519 0.01239 0.003299 0.01534 0.002994 0.01832 0.002645 0.01658 0.003903 0.0159 0.003734 0.01471 0.00324 0.02803 0.03583 -0.1275 0.102 -0.2042 0.09305 3.841 1.0 20449.0
83 -0.003127 0.003929 0.02902 0.003754 0.03104 0.003327 0.03658 0.002914 0.02895 0.004268 0.03087 0.004107 0.0374 0.004135 0.02847 0.04206 0.08837 0.1088 0.06621 0.09742 3.844999 1.0 809.0
84 -0.0009595 0.002946 0.005611 0.002767 0.007274 0.002456 0.007332 0.002095 0.004868 0.003069 0.006308 0.003053 0.008455 0.002571 0.03178 0.02731 -0.07033 0.1135 -0.07738 0.09848 3.8525 1.0 21791.0
85 0.001812 0.002727 0.02229 0.00267 0.03313 0.002409 0.03249 0.002093 0.03086 0.003062 0.031 0.002957 0.02675 0.003024 0.05219 0.03025 -0.01524 0.1175 0.09141 0.09414 3.9075 1.0 1661.0
86 0.0 -99.0 0.0 -99.0 0.0 -99.0 0.0 -99.0 0.0 -99.0 0.0 -99.0 0.0 -99.0 -0.0715 0.03028 -2.228 5.954 -7.513 7.226 4.02 1.0 23267.0
87 0.00088 0.003027 0.01704 0.002859 0.03288 0.002595 0.03471 0.002316 0.02973 0.003387 0.03386 0.003267 0.03976 0.003741 0.05123 0.03386 0.212 0.1424 0.2397 0.1259 4.1315 1.0 324.0
88 0.0002689 0.00207 0.004074 0.001969 0.006537 0.001849 0.008082 0.001653 0.006619 0.002414 0.006129 0.002331 0.004908 0.002033 0.02473 0.02835 0.2733 0.1534 0.1385 0.1217 4.1465 1.0 22638.0
89 0.0008084 0.001646 0.00412 0.001547 0.009156 0.001451 0.008862 0.001221 0.009313 0.001792 0.0109 0.001731 0.009389 0.001767 0.0297 0.03168 0.1844 0.1525 0.1502 0.1359 4.155 1.0 368.0
90 0.01314 0.00326 0.02627 0.002989 0.03586 0.002675 0.0428 0.003989 0.0286 0.005562 0.03844 0.005455 0.05922 0.005311 0.1148 0.03943 1.404 0.1394 1.0 0.09896 4.157 1.0 2283.0
91 0.00159 0.002573 0.009104 0.002465 0.01359 0.002294 0.0179 0.002035 0.01723 0.002937 0.01373 0.002854 0.01955 0.003083 0.05977 0.03599 0.3137 0.1126 0.2923 0.09589 4.167 1.0 287.0
92 0.0 -99.0 0.0 -99.0 0.0 -99.0 0.0 -99.0 0.0 -99.0 0.0 -99.0 -0.08161 0.01677 0.07573 0.06034 0.7978 0.1836 0.7061 0.1411 4.20425 1.0 2166.0
93 -0.001381 0.004279 0.0119 0.004046 0.03026 0.00369 0.02623 0.00323 0.02737 0.004722 0.02952 0.004564 0.03408 0.005188 -0.00148 0.03776 0.08548 0.164 0.02579 0.1284 4.259 1.0 1421.0
94 -0.0008303 0.002614 0.009995 0.002475 0.01991 0.002253 0.02054 0.002014 0.01836 0.002903 0.0149 0.002823 0.01751 0.002618 0.01662 0.02914 0.3564 0.1173 0.3553 0.09835 4.268999 1.0 2051.0
95 -0.002102 0.002748 0.01142 0.002581 0.02184 0.002329 0.02622 0.002047 0.02709 0.003 0.02545 0.002884 0.02601 0.003048 0.04269 0.03235 0.4571 0.139 0.3939 0.1144 4.268999 1.0 2113.0
96 -0.004 0.003753 0.04025 0.003668 0.1158 0.003493 0.1278 0.003004 0.1283 0.004404 0.1297 0.004265 0.1289 0.004758 0.2963 0.03684 0.3062 0.1376 0.2231 0.1057 4.371051 1.0 1738.0
97 -0.002245 0.003872 0.005337 0.003222 0.01589 0.00307 0.01213 0.001872 0.008144 0.002713 0.009512 0.002645 0.0131 0.003289 0.02696 0.03065 -0.06829 0.1359 0.02568 0.1066 4.46 1.0 1188.0
98 -0.001249 0.002359 0.003961 0.002231 0.01026 0.002091 0.007598 0.001793 0.008293 0.002638 0.004047 0.002537 0.006175 0.002188 0.02463 0.03183 0.0454 0.1046 0.03801 0.08789 4.49095 1.0 22510.0
99 0.001296 0.002846 0.0009756 0.002601 0.008911 0.002364 0.0092 0.002065 0.006517 0.003034 0.0127 0.002948 0.01031 0.002545 0.03037 0.0318 -0.06308 0.1343 -0.01801 0.105 4.5685 1.0 20586.0
100 -0.001736 0.003722 0.002646 0.003561 0.008688 0.003262 0.009452 0.002922 0.01587 0.004294 0.005017 0.004152 0.01205 0.003549 -0.009994 0.0313 -0.003477 0.1144 0.01959 0.09492 4.571 1.0 22239.0
101 -0.001176 0.002714 0.003353 0.002517 0.01579 0.002319 0.01053 0.002036 0.007605 0.002983 0.01531 0.002873 0.01104 0.002479 0.03212 0.03375 0.08242 0.1088 0.09307 0.0973 4.625 1.0 21066.0
102 0.0006999 0.002388 0.001432 0.002219 0.009015 0.001985 0.006588 0.001738 0.006281 0.002553 0.008047 0.002453 0.00773 0.00214 0.0342 0.03235 -0.04784 0.09835 -0.08397 0.08875 4.65805 1.0 21482.0
103 -0.01336 0.01571 0.01966 0.01455 0.08156 0.0156 0.1227 0.009811 0.1573 0.01446 0.152 0.01394 0.1948 0.01015 0.2144 0.05134 0.5361 0.2292 0.5162 0.179 4.677 1.0 408.0
104 0.002928 0.009066 0.00807 0.0087 0.06838 0.008087 0.07014 0.007343 0.07551 0.01076 0.07229 0.01038 0.0874 0.008258 0.1178 0.03727 -0.2343 0.4912 -0.3141 0.359 4.762098 1.0 2085.0
105 -0.004476 0.003858 0.004254 0.003591 0.02252 0.003389 0.02276 0.003027 0.01719 0.004394 0.01894 0.00426 0.01539 0.00371 0.07889 0.03523 0.06878 0.2065 0.03262 0.1594 4.765 1.0 22767.0
106 -0.001262 0.002224 0.001191 0.002035 0.02231 0.001895 0.02483 0.001666 0.01819 0.002428 0.02076 0.00234 0.02177 0.002905 0.01116 0.02212 0.4283 0.1036 0.401 0.08812 4.8295 1.0 2120.0
107 -0.00721 0.01114 -0.0009621 0.01024 0.007379 0.009265 0.02586 0.01182 0.01279 0.01752 0.01686 0.01691 0.02694 0.01464 -0.004504 0.004786 -0.2438 0.1084 -0.1518 0.08529 5.15 1.0 23232.0
108 0.0009853 0.006284 0.006714 0.005745 0.02442 0.005277 0.04152 0.004792 0.05366 0.007008 0.05462 0.006842 0.05211 0.007222 0.05895 0.03684 0.1848 0.385 0.3002 0.2934 5.20605 1.0 783.0
109 -0.001832 0.002207 0.0007285 0.002008 0.005396 0.0018 0.00681 0.001575 0.005915 0.002304 0.002277 0.002218 0.006832 0.001942 -0.02257 0.02597 0.02809 0.158 -0.0234 0.1354 5.214501 1.0 20990.0
110 0.001842 0.002288 0.001626 0.002073 0.009038 0.001781 0.01227 0.001602 0.008889 0.002353 0.009775 0.002257 0.009901 0.001954 0.02048 0.0147 -0.02363 0.1036 0.0006536 0.08811 5.2285 1.0 21555.0
111 0.004664 0.004877 0.002542 0.003874 0.004567 0.003733 0.008826 0.002321 0.01121 0.003428 0.009319 0.003292 0.01253 0.002845 -0.0144 0.03641 0.1181 0.1158 0.1446 0.09892 5.240699 1.0 21839.0
112 0.01563 0.01013 0.008493 0.009177 0.05405 0.008083 0.06253 0.007208 0.04115 0.01051 0.06025 0.01023 0.07347 0.01164 -0.02921 0.03278 -0.04918 0.2058 -0.07106 0.2049 5.243899 1.0 939.0
113 0.009946 0.01075 0.0281 0.01002 0.1481 0.009437 0.2421 0.01806 0.0 -99.0 0.4394 0.02885 0.5263 0.5352 0.6602 0.04324 4.99 0.1794 3.543 0.1219 5.251 1.0 38.0
114 0.0005395 0.00122 0.003582 0.001115 0.01824 0.001054 0.02518 0.001348 0.02041 0.00199 0.01621 0.001875 0.01761 0.01004 0.07691 0.03419 0.02909 0.1748 -0.09259 0.1476 5.3089 1.0 161.0
115 0.002442 0.003761 0.0004413 0.003402 0.009207 0.003165 0.01847 0.004071 0.01698 0.005857 0.01393 0.005402 0.01972 0.004744 -0.005705 0.03108 0.2306 0.09993 0.18 0.08927 5.311451 1.0 571.0
116 -0.001187 0.003666 0.004014 0.003437 0.01062 0.003143 0.01794 0.00272 0.02637 0.004011 0.01697 0.00385 0.02428 0.005232 -0.0508 0.03487 0.06404 0.1048 0.1442 0.08771 5.311451 1.0 1556.0
117 0.004381 0.002406 0.001098 0.002137 0.003099 0.001915 0.007647 0.001775 0.006591 0.002597 0.0112 0.002543 0.008935 0.002197 0.02286 0.02941 0.2213 0.1184 0.2318 0.1043 5.42805 1.0 21822.0
118 -0.0002017 0.0002168 -0.0003923 0.0001953 0.0002384 0.0001763 0.000491 0.0001542 0.0006356 0.000227 0.001014 0.0002195 0.0007782 0.0001898 0.04697 0.03246 -0.03648 0.1957 0.01473 0.1571 5.435001 1.0 21217.0
119 0.001646 0.005139 0.004521 0.004583 0.01085 0.004021 0.0191 0.003252 0.02129 0.004777 0.01504 0.004632 0.01161 0.003982 -0.02218 0.03021 0.08116 0.8815 -0.1408 0.3683 5.54 1.0 22706.0
120 -0.001187 0.002354 -0.0006294 0.002175 0.009271 0.002001 0.02259 0.00181 0.02292 0.002644 0.02221 0.002584 0.02289 0.002959 0.1042 0.034 0.04376 0.1113 -0.01846 0.09804 5.64665 1.0 418.0
121 0.0138 0.01101 0.007949 0.01002 0.01968 0.008876 0.03665 0.007881 0.04738 0.01153 0.03465 0.01119 0.03136 0.009647 0.01584 0.01036 -0.007538 0.1711 -0.06659 0.1377 5.665 1.0 21685.0
122 0.0003909 0.001945 -9.088e-05 0.001761 0.001701 0.001616 0.00603 0.001457 0.004383 0.002131 0.007047 0.002103 0.005307 0.001802 -0.01781 0.02755 0.1605 0.113 0.2313 0.1032 5.6665 1.0 20615.0
123 0.005693 0.005724 0.00312 0.005405 0.01056 0.004918 0.03737 0.004506 0.04083 0.006582 0.04627 0.006362 0.03662 0.00556 0.1913 0.04731 0.512 0.2976 0.3934 0.1811 5.6667 1.0 22904.0
124 0.002784 0.006087 0.003929 0.005698 0.003673 0.005149 0.008124 0.004763 0.01648 0.006911 0.01542 0.006718 0.01531 0.00586 0.02524 0.03144 0.4251 0.1412 0.4348 0.1125 5.669149 1.0 22823.0
125 0.0003132 0.0015 -7.897e-05 0.001408 0.004214 0.001339 0.0 -99.0 0.0 -99.0 0.0 -99.0 0.0 -99.0 0.2331 0.02564 5.53 1.127 6.454 0.9096 5.6805 1.0 20072.0
126 0.001216 0.002903 -0.0009988 0.002647 0.005247 0.002307 0.01186 0.002081 0.01322 0.00305 0.01061 0.00297 0.0167 0.004062 -0.008119 0.03331 -0.1113 0.1053 -0.0556 0.08868 5.763899 1.0 2310.0
127 -0.002319 0.002721 0.0007011 0.002542 7.016e-05 0.002232 0.003423 0.002021 0.0118 0.003003 0.006134 0.002852 0.007878 0.002465 0.03261 0.03088 0.2202 0.2012 0.2392 0.1306 5.7666 1.0 21727.0
128 0.008128 0.01266 0.01519 0.01193 0.04672 0.01083 0.09766 0.01531 0.1378 0.02582 0.104 0.02097 0.1096 0.09202 0.05187 0.03476 0.3214 0.2546 -0.1414 0.2348 5.782999 1.0 108.0
129 0.001709 0.01005 0.001084 0.009303 0.01746 0.008665 0.04272 0.01534 0.06185 0.03538 0.03983 0.02128 0.06221 0.01893 -0.0111 0.03351 -0.1787 0.1009 -0.1211 0.08982 5.955502 1.0 20154.0
130 -0.002152 0.001891 0.0005896 0.001767 0.001855 0.001627 0.006268 0.0015 0.008068 0.002208 0.00931 0.002129 0.006044 0.001845 0.01978 0.02998 -0.0675 0.1982 -0.09618 0.1529 5.984151 1.0 22776.0
131 0.0119 0.01139 0.006001 0.01054 0.04939 0.009869 0.1326 0.01738 0.2417 0.03816 0.1798 0.02365 0.1694 0.1744 -0.03182 0.03869 -0.004534 0.1318 -0.006625 0.1193 6.02095 1.0 10.0
132 -0.003057 0.00774 -0.0004604 0.007289 0.005756 0.006646 0.02155 0.006309 0.02071 0.009123 0.01884 0.008811 0.0208 0.0077 -0.06139 0.03592 0.05609 0.2267 0.08271 0.1727 6.15425 1.0 23160.0
133 9.72e-06 0.007885 -0.001629 0.007449 0.0152 0.006916 0.0592 0.01376 0.06165 0.03395 0.1101 0.01921 0.09578 0.5169 0.01712 0.03457 -0.05191 0.1032 0.0781 0.19 6.196 1.0 14.0
134 0.001001 0.01038 -0.006718 0.009574 0.005046 0.008479 0.03217 0.007668 0.02602 0.01106 0.02564 0.01079 0.03042 0.009356 -0.04463 0.04168 0.01885 0.1405 0.003533 0.1089 6.356701 1.0 21976.0
135 -0.03861 0.04363 -0.05588 0.04096 0.002529 0.03723 0.5639 0.06821 0.4853 0.1902 0.3532 0.09405 0.3301 0.09205 -0.07983 0.04722 -0.06286 0.2766 -0.04071 0.2403 6.363 1.0 20077.0
136 0.002853 0.00406 -5.422e-06 0.00366 0.0007655 0.003297 0.01131 0.003013 0.00594 0.004349 0.0124 0.004202 0.01495 0.003664 0.03693 0.03469 -0.06361 0.1205 -0.03909 0.104 6.3695 1.0 21658.0
137 -0.001271 0.001902 -0.0003949 0.001786 0.0004779 0.001658 0.05356 0.002425 0.001729 0.003622 0.00134 0.003166 0.003564 0.002883 -0.001332 0.02811 -0.1419 0.6111 0.001008 0.5212 6.4 1.0 23261.0
138 -0.0001096 0.0003634 0.0001681 0.0003389 -0.0002847 0.0003137 0.02891 0.0005559 0.002535 0.0008452 0.001769 0.0006509 -0.0003731 0.0005924 0.0005443 0.008138 0.2616 0.847 0.4917 0.7589 6.430051 1.0 23262.0
139 0.004971 0.01798 0.00135 0.01754 0.007537 0.01674 0.5116 0.04356 0.07797 0.05288 0.2688 0.0527 0.1303 0.05206 -0.04697 0.03345 -0.1074 0.2306 -0.05509 0.2038 6.44005 1.0 20126.0
140 -0.00542 0.04059 -0.002487 0.03842 -0.05072 0.03458 1.628 0.1618 1.933 0.2009 0.0 -99.0 0.07299 0.1713 0.02489 0.03008 -0.3415 1.215 -0.4702 1.127 6.51 1.0 21099.0
141 -0.006706 0.009561 0.01416 0.009203 -0.003328 0.008167 0.5263 0.0314 0.108 0.03522 0.1544 0.03757 -0.02916 0.03917 -0.0134 0.02064 -0.1168 0.1752 -0.02769 0.1492 6.519 1.0 21623.0
142 0.001275 0.01544 0.03701 0.01431 0.01302 0.01296 0.1466 0.02488 0.1907 0.05847 0.1707 0.03399 0.2147 0.06194 0.007729 0.04616 -0.1093 0.1455 -0.07177 0.1297 6.64005 1.0 142.0
143 0.0002208 0.001126 -0.0002589 0.001055 0.001319 0.0009673 0.0 -99.0 0.0 -99.0 0.0 -99.0 0.0 -99.0 0.01991 0.03142 -0.08283 0.7139 0.2293 0.6054 6.67915 1.0 21409.0
144 0.0 -99.0 0.0 -99.0 0.0 -99.0 0.0 -99.0 0.0 -99.0 0.0 -99.0 0.0 -99.0 -0.05893 0.024 6.143 0.7208 4.459 0.2436 6.68 1.0 23244.0
145 0.0004729 0.001136 0.0004884 0.001059 0.00158 0.0009519 0.7112 0.003714 0.2036 0.004129 0.03781 0.00311 0.009656 0.002589 0.03089 0.02661 -0.2873 1.16 -0.1758 1.126 6.688299 1.0 21361.0
146 -0.00257 0.008762 -0.003363 0.008296 -0.005032 0.007482 0.03953 0.007048 0.03323 0.01029 0.04567 0.009918 0.02576 0.008614 -0.08099 0.04294 0.2648 0.2197 0.1085 0.1674 6.733 1.0 23119.0
147 0.00413 0.004059 0.001208 0.003749 0.0008013 0.003403 0.0103 0.002998 0.01217 0.004423 0.01061 0.00426 0.01169 0.003684 -0.0538 0.03939 0.01742 0.1357 0.08971 0.1153 6.775 1.0 22183.0
148 -0.02953 0.03545 -0.03342 0.03202 -0.03652 0.02925 0.3686 0.06765 0.0 -99.0 0.0 -99.0 0.3965 0.08725 -0.02514 0.08135 -0.1382 0.1333 -0.118 0.1205 6.825151 1.0 20296.0
149 -9.797e-05 0.01467 -0.01195 0.01316 -0.02064 0.01187 0.1148 0.02528 0.0 -99.0 0.02399 0.03905 0.03999 0.03161 -0.03165 0.05802 -0.1305 0.1344 -0.1071 0.1203 6.83 1.0 20272.0
150 0.001614 0.002464 0.001046 0.002342 -0.0006336 0.0021 0.006839 0.001997 0.007132 0.002921 0.007731 0.00277 0.006728 0.002403 0.03948 0.0282 -0.3344 0.2074 -0.3024 0.1617 6.926 1.0 23041.0
151 -0.007204 0.01094 0.01407 0.01008 -0.001407 0.008714 0.02886 0.007695 0.03419 0.01138 0.02321 0.01088 0.04926 0.006783 -0.03397 0.03962 0.1254 0.134 0.1201 0.116 6.9615 1.0 886.0
152 0.0 -99.0 0.0 -99.0 0.0 -99.0 0.0 -99.0 0.0 -99.0 0.0 -99.0 0.0 -99.0 -0.4644 0.06355 1.109 0.9844 1.511 0.7633 7.022999 1.0 23230.0
153 0.008693 0.008953 0.008314 0.007881 -0.001635 0.006931 0.04357 0.005992 0.05825 0.00884 0.05781 0.008504 0.08953 0.009071 0.05304 0.04833 0.0469 0.1565 0.04455 0.1374 7.045551 1.0 765.0
154 0.005293 0.008203 -0.003511 0.007791 -0.003405 0.00711 0.02674 0.009303 0.03587 0.01382 0.03761 0.01333 0.02155 0.01171 0.0244 0.03922 -0.2141 0.1487 -0.2224 0.1245 7.087949 1.0 20224.0
155 0.02479 0.01803 0.03209 0.01688 -0.003585 0.01541 0.05785 0.01459 0.08786 0.02246 0.05751 0.02065 0.06998 0.01794 0.01591 0.03973 0.01569 0.1641 0.0951 0.153 7.131 1.0 20116.0
156 -0.01541 0.01906 -0.006568 0.01764 -0.001512 0.0186 -15.1 0.04027 2.033 0.07887 0.3293 0.04919 0.3219 0.2226 -0.2235 0.04378 8.696 0.3494 9.722 0.3004 7.1385 1.0 39.0
157 -0.008017 0.007238 -0.006676 0.006824 0.001837 0.006295 0.01985 0.005991 0.02038 0.008775 0.02924 0.008503 0.02938 0.007359 0.0007195 0.04211 -0.2232 0.1231 -0.3046 0.1004 7.14605 1.0 23010.0
158 -0.01166 0.01175 -0.01434 0.01076 -0.008579 0.009371 0.036 0.008432 0.04061 0.0124 0.03688 0.01197 0.05832 0.006553 0.03461 0.03502 -0.09486 0.1003 -0.04452 0.09056 7.226 1.0 2297.0
159 -0.001737 0.002703 0.001119 0.002438 0.0001451 0.002134 0.005288 0.001916 0.008314 0.002858 0.008615 0.00269 0.0111 0.002279 0.01156 0.03244 -0.08263 0.09988 -0.1193 0.0893 7.25695 1.0 697.0
160 -0.004681 0.01201 -0.002717 0.011 0.01467 0.009759 0.06434 0.008959 0.08751 0.01319 0.1025 0.01255 0.09826 0.01033 -0.01055 0.04566 0.1102 0.199 0.1259 0.1757 7.29015 1.0 766.0
161 -0.001034 0.007788 0.003573 0.007195 1.79e-05 0.00659 0.1225 0.01159 0.2264 0.02679 0.164 0.01596 0.1733 0.03085 -0.0157 0.04306 0.01721 0.106 -0.05193 0.09472 7.313 1.0 107.0
162 6.167e-05 0.0006412 0.0001134 0.0005344 6.772e-05 0.0005202 -0.005448 0.0004531 0.005533 0.0006452 0.2666 0.00132 -8.417e-05 0.0004976 0.01614 0.01419 0.1591 2.279 -0.3243 2.97 7.314503 1.0 20057.0
163 0.00513 0.007478 -0.006989 0.006904 -0.004873 0.006169 0.02011 0.005739 0.0307 0.00834 0.05753 0.008151 0.04901 0.007148 0.0357 0.04823 0.153 0.1775 0.1328 0.1496 7.326 1.0 21395.0
164 -0.000605 0.004115 0.002961 0.003816 0.003291 0.003295 0.01002 0.002978 0.01839 0.004363 0.01844 0.00419 0.01266 0.003623 -0.03265 0.0324 -0.07675 0.1382 0.01692 0.1059 7.347 1.0 23305.0
165 0.006358 0.007794 -0.003701 0.007285 0.003396 0.006721 0.01545 0.006134 0.02754 0.009014 0.02731 0.008774 0.01894 0.007595 -0.03463 0.0331 -0.3549 0.7351 -0.5327 0.4285 7.40965 1.0 22842.0
166 6.854e-05 0.003614 0.003984 0.003306 -0.00295 0.002987 0.006401 0.003039 0.01241 0.004733 0.01156 0.004352 0.00578 0.0038 0.04886 0.03657 -0.08817 0.1334 -0.09949 0.1039 7.42505 1.0 20363.0
167 0.00739 0.00763 0.002664 0.006863 0.009511 0.006194 0.03433 0.008615 0.06238 0.01256 0.05191 0.01211 0.07532 0.009658 -0.04979 0.03751 0.04928 0.1808 -0.02963 0.1507 7.505 1.0 1157.0
168 -0.00085 0.002026 0.0004331 0.001879 0.000759 0.001659 0.004662 0.001508 0.007758 0.002212 0.00957 0.002137 0.007652 0.00185 -0.03761 0.03385 -0.01657 0.1388 -0.04615 0.1123 7.56205 1.0 21843.0
169 -0.0006838 0.002524 -0.000473 0.002338 -0.002742 0.002114 0.02772 0.002874 0.05116 0.004306 0.04744 0.004141 0.04178 0.005538 0.05562 0.02821 0.2291 0.3813 0.2108 0.3026 7.5884 1.0 2264.0
170 -0.001965 0.004541 -0.002277 0.004113 -0.002636 0.003685 0.01791 0.007565 0.0281 0.01223 0.04138 0.01554 0.03128 0.00934 -0.01367 0.03436 -0.2625 0.1017 -0.3688 0.09065 7.6203 1.0 22050.0
171 0.0001888 0.0003142 4.386e-05 0.0002833 4.596e-05 0.000248 0.0003264 0.0002205 0.0007552 0.0003269 0.0008016 0.0003128 0.000618 0.000271 0.0205 0.03281 -0.07334 0.167 -0.01964 0.1421 7.840051 1.0 21232.0
172 -0.003001 0.002521 0.000543 0.00238 -0.000722 0.002142 0.01578 0.002849 0.03667 0.004262 0.03339 0.004111 0.03653 0.004819 0.01775 0.01901 -0.08625 0.3637 -0.02081 0.2877 7.84525 1.0 2267.0
173 0.001684 0.008145 0.003877 0.007686 0.001903 0.007028 0.00911 0.009557 0.04257 0.01375 0.01495 0.01343 0.0142 0.01183 0.028 0.02889 0.002868 0.1044 0.01207 0.07996 8.003 1.0 23325.0
174 -0.0006138 0.002671 0.001353 0.002234 0.0002001 0.002153 -0.2163 0.005184 0.1239 0.006298 3.958 0.01782 0.0001481 0.003655 0.0007739 0.00838 0.4135 2.977 -2.712 6.619 8.018001 1.0 20046.0
175 0.001576 0.001804 0.0012 0.001604 -0.0005084 0.001407 0.001566 0.001271 0.004682 0.001836 0.006524 0.001805 0.0008473 0.001549 0.05019 0.03378 -0.2608 0.1127 -0.2214 0.09855 8.025001 1.0 21317.0
176 -0.00114 0.008698 0.005098 0.008375 -0.0004381 0.007467 -1.038 0.01837 0.496 0.0281 0.09141 0.02488 0.0904 0.0168 -0.08392 0.03415 -0.1923 0.2073 -0.16 0.1844 8.034997 1.0 829.0
177 0.0005149 0.0007358 -0.0003793 0.000667 -0.0002714 0.0006073 -3.07e-06 0.001681 0.1197 0.003486 0.0 -99.0 0.0007189 0.001956 0.0293 0.02548 -0.8988 0.2638 -0.2217 0.248 8.076494 1.0 21245.0
178 -0.003523 0.002555 -0.0007769 0.002117 -1.945e-05 0.002103 -0.1682 0.001923 0.05775 0.003262 1.026 0.006363 0.001571 0.002409 0.01908 0.02614 1.412 4.37 1.798 7.768 8.110003 1.0 20062.0
179 -9.689e-05 0.001398 0.001097 0.001233 -1.38e-05 0.001164 -0.2424 0.001739 0.04886 0.003381 0.9673 0.006738 0.003631 0.002322 -0.01878 0.03062 -1.261 3.935 -2.195 5.976 8.15505 1.0 20058.0
180 -0.005169 0.006916 -0.006895 0.006191 -0.0008007 0.005549 0.0075 0.004983 0.01159 0.007331 0.0261 0.007146 0.02031 0.006179 -0.007249 0.032 -0.04005 0.1718 -0.0338 0.145 8.34165 1.0 20996.0
181 0.005663 0.01471 0.006621 0.01385 -0.011 0.01278 0.01805 0.01138 0.03028 0.01667 0.06159 0.01611 0.05269 0.01397 0.002031 0.03479 -0.03485 0.2838 -0.1145 0.2332 8.365001 1.0 20242.0
182 0.0002943 0.001697 0.0006552 0.001355 -0.0004064 0.00135 -0.091 0.002705 0.05062 0.008615 1.806 0.01063 0.005953 0.00347 -0.02113 0.01806 0.6058 3.465 -4.896 5.105 8.38435 1.0 23271.0
183 0.0 -99.0 0.0 -99.0 0.0 -99.0 0.0 -99.0 0.0 -99.0 0.0 -99.0 0.0 -99.0 0.0857 0.0493 0.2231 0.2375 0.4196 0.4732 8.402297 1.0 23226.0
184 -0.002079 0.006051 0.004514 0.004966 0.003096 0.004784 0.003316 0.003143 0.01505 0.004813 0.02084 0.004493 0.02042 0.004304 0.01656 0.0282 -0.01938 0.1699 -0.02662 0.1387 8.475996 1.0 1825.0
185 -0.00414 0.003026 -0.001919 0.002873 -0.00373 0.002606 30.92 0.02375 -0.2545 0.006124 0.1242 0.006043 0.012 0.005119 -0.03163 0.03936 -0.1021 0.3331 -0.08315 0.3255 8.616 1.0 21340.0
186 -0.002087 0.003793 -0.0002053 0.003733 0.001947 0.002794 0.00216 0.002478 0.01216 0.00364 0.01824 0.003514 0.0279 0.007459 0.001829 0.00604 -0.02356 0.09082 0.0501 0.07458 8.64505 1.0 949.0
187 -0.004338 0.01541 0.004495 0.01399 0.000939 0.01214 0.006207 0.0111 0.01657 0.01653 0.0384 0.01594 0.03163 0.01378 -0.1728 0.04009 -0.03374 0.1259 0.1113 0.1107 8.64855 1.0 21270.0
188 -0.005983 0.01332 0.003812 0.01258 0.00173 0.01355 -0.05377 0.01205 0.01409 0.01788 0.0174 0.01718 0.01587 0.01493 0.01163 0.01903 -0.007957 0.3758 -0.1955 0.392 8.674448 1.0 23281.0
189 -0.002535 0.008032 -0.0009746 0.006681 -0.003067 0.006557 -0.7583 0.006 0.02233 0.009661 3.066 0.01831 0.009402 0.007882 -0.005321 0.02788 0.7536 8.452 1.786 10.21 8.720051 1.0 23270.0
190 0.00542 0.004822 0.006133 0.00408 0.008872 0.003976 -0.02323 0.002411 0.01625 0.003551 0.02918 0.003555 0.01611 0.003423 0.03234 0.03319 0.1599 0.1601 0.1487 0.1401 8.75 1.0 31.0
191 -0.0001861 0.0002797 -0.0001367 0.0002642 -0.000118 0.0002452 -0.002023 0.0006038 0.0 -99.0 0.001496 0.0009749 0.0006687 0.0007657 -0.0599 0.03285 -0.0506 0.3108 0.0124 0.256 8.77 1.0 23258.0
192 -0.003072 0.003561 -0.002699 0.00329 -0.003225 0.002965 0.003354 0.002751 0.01765 0.004078 0.03434 0.003937 0.02963 0.004598 0.008988 0.03868 0.004831 0.1309 -0.05065 0.1072 8.782847 1.0 306.0
193 -0.002486 0.002725 0.002032 0.002596 0.002134 0.002363 0.001922 0.002185 0.009183 0.003157 0.02037 0.003107 0.01768 0.003194 0.03275 0.03442 0.02095 0.107 -0.001015 0.08909 8.800303 1.0 1903.0
194 -0.001002 0.00163 0.0004637 0.001555 0.001386 0.001404 41.37 0.03716 -0.1106 0.004603 0.05083 0.004256 0.009458 0.003721 -0.006717 0.02928 -0.02662 0.7804 -0.007375 0.6685 8.875051 1.0 21302.0
195 0.0 -99.0 0.0 -99.0 0.0 -99.0 0.0 -99.0 0.0 -99.0 0.0 -99.0 0.0 -99.0 0.007496 0.02905 -0.4735 1.618 0.6052 1.613 9.164051 1.0 21298.0
196 -0.001222 0.002677 0.000477 0.002431 0.002015 0.002174 -0.0002173 0.001947 0.003644 0.002872 0.005899 0.002764 0.01023 0.00283 -0.01657 0.02898 -0.07573 0.1543 0.07617 0.1004 9.424996 1.0 548.0
197 -0.008184 0.0151 -0.0005297 0.01364 0.00518 0.01228 0.0189 0.02792 0.07185 0.04317 0.1795 0.04026 0.2344 0.02268 -0.08792 0.04064 -0.4249 0.2626 -0.3687 0.2008 9.575997 1.0 2280.0
198 -0.00774 0.01309 -0.006488 0.0119 -0.003596 0.01061 0.006719 0.01196 0.03727 0.01613 0.009699 0.01602 0.05856 0.008171 -0.04032 0.02682 0.1344 0.215 0.1882 0.1726 9.815001 1.0 2256.0
199 -0.01124 0.01315 -0.004409 0.01306 -0.003186 0.01038 0.007633 0.009997 0.02844 0.01417 0.02551 0.01367 0.062 0.008372 0.01092 0.0385 0.02847 0.1585 0.09045 0.1392 9.84 1.0 196.0
200 -0.003131 0.0138 -0.01232 0.01234 -0.005219 0.01111 0.009957 0.01112 0.02404 0.01629 0.02246 0.01543 0.05298 0.008283 -0.001831 0.03315 0.1016 0.2431 -0.02736 0.1948 9.84 1.0 2246.0
201 -0.0003339 0.01226 -0.003116 0.01118 -0.001268 0.009889 0.0231 0.01084 0.02794 0.01572 0.02876 0.01481 0.07267 0.008657 -0.04774 0.0331 0.04393 0.1146 0.06339 0.09028 9.893003 1.0 2193.0
202 0.006132 0.00796 0.001841 0.006768 0.002511 0.00567 0.005369 0.005623 0.0004003 0.008047 0.006241 0.00778 0.02768 0.005826 -0.009874 0.03425 -0.2949 0.1465 -0.4179 0.1243 9.893003 1.0 2238.0
203 0.002397 0.005519 0.00103 0.004963 -0.0007661 0.004426 0.002495 0.004361 0.003329 0.006308 0.006195 0.006028 0.01714 0.005021 -0.04086 0.02813 0.06999 0.1564 -0.0309 0.5368 9.893003 1.0 2240.0
204 -0.003841 0.0179 -0.01124 0.01577 0.007437 0.01667 0.0306 0.01541 0.01182 0.02217 0.02682 0.02047 0.11 0.01643 -0.03386 0.02622 0.2517 0.1681 0.1125 0.1439 9.893003 1.0 2273.0
205 -0.002797 0.00403 -0.001177 0.00384 -0.0007382 0.003458 0.001827 0.003178 -0.001694 0.004667 -0.003719 0.004495 0.01504 0.004076 -0.03797 0.03115 0.1912 0.1258 0.1227 0.1006 9.921551 1.0 2067.0
206 0.007591 0.0125 0.005131 0.0113 0.008899 0.01017 0.01988 0.02426 0.02456 0.0323 0.132 0.0356 0.1907 0.02505 0.223 0.05158 0.1858 0.2709 0.1405 0.2089 9.92585 1.0 2279.0
207 -0.003873 0.01285 0.00492 0.01209 -0.005392 0.01051 0.0131 0.009211 -0.004123 0.01338 0.02019 0.0129 0.03363 0.01141 0.01431 0.03849 -0.4317 0.2025 -0.1334 0.09125 9.933997 1.0 21200.0
208 -0.01421 0.01748 -0.01688 0.01609 0.02106 0.01451 0.01248 0.01264 0.02785 0.01861 0.002768 0.01794 0.1042 0.0123 0.006454 0.03498 0.01747 0.1724 -0.0792 0.1563 9.946496 1.0 990.0
209 -0.001483 0.005564 -0.002247 0.005558 0.0006805 0.004414 0.0004741 0.003819 -0.0004588 0.005626 -0.001848 0.005395 0.01708 0.004036 -0.02937 0.02931 -0.01551 0.1145 -0.04588 0.09903 9.946496 1.0 1414.0
