#ID b_B435 b_errB435 b_V606 b_errV606 b_I814 b_errI814 b_Y105 b_errY105 b_J125 b_errJ125 b_JH140 b_errJH140 b_H160 b_errH160 b_Ks b_errKs b_CH1 b_errCH1 b_CH2 b_errCH2 ZBEST field ID_original
1 0.195 0.007717 0.2084 0.006878 0.2204 0.004956 0.2673 0.004701 0.3327 0.006431 0.5041 0.00586 0.5734 0.005385 0.4537 0.03399 0.2684 0.1508 0.3109 0.1455 2.1935999393463135 0.0 68.0
2 0.02586 0.004379 0.02262 0.004283 0.01763 0.003159 0.0274 0.004245 0.03289 0.005659 0.04459 0.005077 0.05514 0.004972 0.07509 0.03162 -0.1818 0.1023 -0.2725 0.1074 2.17549991607666 0.0 89.0
3 0.05408 0.01559 0.06817 0.01611 0.06633 0.012 -10.15 0.01697 0.2338 0.02221 0.1578 0.01988 0.2249 0.0133 0.02786 0.04148 0.5046 0.6636 0.2108 0.4866 1.9605000019073486 0.0 132.0
4 0.003799 0.003907 0.02499 0.004055 0.04203 0.003004 0.04603 0.002741 0.05614 0.00372 0.05464 0.00333 0.05519 0.00388 0.1332 0.03942 -0.03786 0.1374 -0.1293 0.1314 1.9431999921798706 0.0 151.0
5 -0.0001604 0.004312 0.003327 0.0046 0.002927 0.003409 0.006211 0.003211 0.01364 0.004307 0.01239 0.003817 0.01563 0.003718 -0.004441 0.02791 -0.1308 0.1049 -0.04467 0.1089 1.9206000566482544 0.0 162.0
6 0.005961 0.003851 0.01183 0.003996 0.01265 0.002996 0.01388 0.002842 0.02473 0.003792 0.024 0.0034 0.02537 0.003933 0.0235 0.03215 -0.03973 0.1441 0.02444 0.1566 1.9817999601364136 0.0 165.0
7 0.006737 0.003195 0.009374 0.003317 0.01123 0.002473 0.0116 0.002349 0.01637 0.003126 0.01869 0.002829 0.02155 0.00294 -0.005074 0.02829 -0.1617 0.1118 -0.07058 0.1142 2.1514999866485596 0.0 166.0
8 0.0254 0.00529 0.03619 0.005441 0.05028 0.004072 0.06382 0.005027 0.1277 0.007132 0.1361 0.00624 0.1462 0.006514 0.1627 0.0351 0.4467 0.2206 0.4363 0.1789 2.0000998973846436 0.0 176.0
9 0.0006757 0.001809 0.003679 0.001884 0.002708 0.0014 0.003604 0.001308 0.009106 0.001755 0.006739 0.001573 0.008573 0.001854 0.008253 0.02737 -67.0 -67.0 0.07556 0.168 1.9144999980926514 0.0 180.0
10 0.03842 0.004254 0.03629 0.003879 0.03169 0.002782 0.02693 0.002482 0.03124 0.003363 0.02446 0.002986 0.03355 0.003394 0.05959 0.0383 -67.0 -67.0 -0.1092 0.1157 1.8590999841690063 0.0 192.0
11 0.006337 0.00279 0.01044 0.002781 0.0055 0.002048 0.01028 0.001922 0.008362 0.00257 0.01516 0.002324 0.01223 0.002666 -0.002868 0.02841 0.05502 0.1236 0.01061 0.11 1.9144999980926514 0.0 211.0
12 0.005521 0.003111 0.003762 0.003124 0.003894 0.002309 0.003084 0.002087 0.01219 0.002831 0.01074 0.00253 0.01378 0.002249 0.0319 0.03009 -67.0 -67.0 0.07255 0.1145 2.053299903869629 0.0 244.0
13 0.009609 0.003025 0.01177 0.003057 0.01029 0.00224 0.0131 0.002049 0.0155 0.002769 0.01772 0.002478 0.02108 0.003434 0.02911 0.02968 0.2949 0.2298 0.2459 0.2127 2.1875 0.0 247.0
14 0.0006248 0.003492 0.007095 0.003622 0.004467 0.002632 0.006244 0.002341 0.01465 0.003195 0.01223 0.002864 0.01484 0.00243 0.04545 0.02888 0.02955 0.1587 0.02391 0.1465 1.8294999599456787 0.0 252.0
15 0.004656 0.002304 0.005808 0.002397 0.006416 0.001782 0.005633 0.001626 0.01018 0.002187 0.0155 0.001968 0.01396 0.002207 0.08285 0.02464 -0.09701 0.1005 -0.01764 0.1049 2.184999942779541 0.0 303.0
16 0.03196 0.005523 0.05106 0.005754 0.06323 0.004266 0.1118 0.003935 0.18 0.005381 0.2336 0.00486 0.2539 0.004915 0.5555 0.03326 1.319 0.1191 1.428 0.1209 1.933899998664856 0.0 338.0
17 0.0263 0.005452 0.02868 0.004828 0.02995 0.003526 0.03096 0.003039 0.04078 0.004065 0.05308 0.003663 0.05288 0.00403 0.07766 0.03983 -0.2558 0.1306 -0.1844 0.1298 2.1710000038146973 0.0 361.0
18 0.004372 0.002718 0.01258 0.002842 0.007804 0.002039 0.01123 0.001882 0.01509 0.002553 0.0177 0.002294 0.0182 0.00266 0.02501 0.02867 0.06971 0.1579 0.03893 0.1425 2.0 0.0 374.0
19 0.01662 0.003081 0.01102 0.002991 0.01056 0.002216 0.01664 0.001994 0.02304 0.002713 0.02653 0.002426 0.03144 0.003002 0.1183 0.03246 0.3872 0.1441 0.3019 0.141 2.059999942779541 0.0 402.0
20 0.009511 0.004251 0.02865 0.004322 0.02442 0.003268 0.03504 0.004237 0.07306 0.00598 0.0858 0.005315 0.1028 0.005886 0.1408 0.0351 0.4775 0.1002 0.3988 0.1093 2.174999952316284 0.0 448.0
21 0.005217 0.004604 0.01155 0.004713 0.01121 0.003508 0.01818 0.003173 0.008376 0.004246 0.01639 0.003841 0.02491 0.00553 0.003501 0.02989 -0.2074 0.1119 -0.2967 0.1049 1.9191999435424805 0.0 449.0
22 0.008052 0.003204 0.01422 0.003315 0.01046 0.00241 0.0181 0.002198 0.02644 0.002997 0.03587 0.002672 0.03138 0.00298 0.03312 0.03078 -67.0 -67.0 -0.08602 0.09737 2.0179998874664307 0.0 450.0
23 0.007677 0.005244 0.04643 0.005014 0.06086 0.003549 0.07624 0.003084 0.075 0.004203 0.07924 0.003754 0.06871 0.004664 0.1087 0.0348 0.005063 0.2438 -0.02336 0.2199 1.9713000059127808 0.0 459.0
24 0.4294 0.009694 0.463 0.008467 0.4225 0.00611 0.442 0.005338 0.475 0.007382 0.652 0.0067 0.7223 0.006213 0.4665 0.03836 -67.0 -67.0 0.1662 0.187 2.0250000953674316 0.0 474.0
25 -0.00105 0.003246 0.009616 0.003461 0.01312 0.002593 0.01912 0.002304 0.01846 0.003124 0.01854 0.002785 0.01929 0.002664 0.003456 0.02798 -67.0 -67.0 -0.08017 0.1363 2.0308001041412354 0.0 490.0
26 0.06469 0.009665 0.08623 0.00983 0.1224 0.007223 0.1326 0.00662 0.1836 0.008886 0.1954 0.008069 0.2101 0.01191 0.2891 0.0564 -67.0 -67.0 -67.0 -67.0 1.9900000095367432 0.0 523.0
27 0.07339 0.01059 0.1265 0.01085 0.143 0.007972 0.183 0.007205 0.2124 0.009769 0.2468 0.008748 0.295 0.008549 0.3517 0.0542 0.2658 0.2179 0.3825 0.1852 1.9580999612808228 0.0 533.0
28 0.3232 0.008203 0.3316 0.006882 0.3024 0.004984 0.3085 0.004436 0.3204 0.006129 0.4569 0.005697 0.5176 0.005524 0.2725 0.03426 -67.0 -67.0 -67.0 -67.0 2.0230000019073486 0.0 534.0
29 0.126 0.01276 0.1876 0.0129 0.168 0.009433 0.2171 0.0086 0.3085 0.01167 0.326 0.0105 0.342 0.01205 0.2788 0.05357 -67.0 -67.0 -67.0 -67.0 1.9639999866485596 0.0 542.0
30 -0.00146 0.008897 0.07285 0.009392 0.137 0.006928 0.1778 0.006251 0.1762 0.008488 0.1862 0.007597 0.2026 0.00683 0.2783 0.04718 0.02005 0.3034 -0.1426 0.2466 2.1737000942230225 0.0 562.0
31 0.11 0.006773 0.1198 0.006444 0.1082 0.004683 0.1199 0.004195 0.1789 0.005769 0.228 0.005186 0.2278 0.005595 0.332 0.04284 -67.0 -67.0 0.1076 0.1099 2.1500000953674316 0.0 564.0
32 0.02733 0.00539 0.04167 0.005255 0.04312 0.003877 0.05512 0.003438 0.1075 0.004692 0.1258 0.004232 0.1407 0.004788 0.211 0.03785 0.1633 0.1238 0.2561 0.1191 2.078000068664551 0.0 634.0
33 0.04867 0.004783 0.05462 0.004566 0.06394 0.00332 0.0896 0.002982 0.1223 0.004098 0.1491 0.003712 0.1366 0.003946 0.1825 0.03548 0.07129 0.1053 0.09839 0.09999 1.8581000566482544 0.0 676.0
34 0.00988 0.007539 0.06752 0.00767 0.1239 0.005656 0.1648 0.004993 0.1743 0.006774 0.1674 0.006065 0.1956 0.00663 0.2782 0.0461 -67.0 -67.0 -0.06355 0.1346 2.0855000019073486 0.0 743.0
35 0.003152 0.003242 0.009352 0.003224 0.007744 0.002337 0.008874 0.00205 0.01442 0.002783 0.0168 0.002498 0.01545 0.003261 0.02536 0.03076 0.1443 0.2094 0.08911 0.1716 2.0350000858306885 0.0 747.0
36 0.0005299 0.003798 0.01893 0.003661 0.03311 0.002722 0.04076 0.002303 0.04558 0.003153 0.043 0.002844 0.04547 0.003429 0.04163 0.03265 0.1101 0.2531 0.03921 0.2028 2.1579999923706055 0.0 754.0
37 0.8351 0.01842 0.9198 0.01699 0.9745 0.01211 1.434 0.01086 2.049 0.01508 2.256 0.01363 2.18 0.01335 2.356 0.08472 3.298 0.2569 3.478 0.2473 1.819599986076355 0.0 828.0
38 0.002837 0.002948 0.01031 0.002797 0.006158 0.002022 0.006271 0.00176 0.01517 0.002361 0.01611 0.002137 0.01709 0.00264 0.005691 0.02993 -67.0 -67.0 -67.0 -67.0 2.174999952316284 0.0 854.0
39 0.05049 0.003149 0.06003 0.002362 0.04724 0.001585 0.05353 0.001334 0.06413 0.001898 0.0653 0.001737 0.07001 0.001281 0.02265 0.02746 0.01183 0.2114 0.1658 0.1906 1.9394999742507935 0.0 900.0
40 0.01682 0.004145 0.01139 0.003963 0.0137 0.0029 0.02013 0.002592 0.04041 0.003524 0.04518 0.003173 0.04724 0.003728 0.07205 0.03981 -0.08029 0.1752 -0.1338 0.166 2.0053999423980713 0.0 907.0
41 0.147 0.007881 0.161 0.007269 0.1333 0.005167 0.1606 0.004603 0.2028 0.006295 0.2063 0.005674 0.2102 0.006884 0.1945 0.04945 -67.0 -67.0 0.3834 0.1651 1.8882999420166016 0.0 926.0
42 0.04496 0.005549 0.05879 0.005241 0.05728 0.003803 0.07874 0.003251 0.1277 0.004464 0.1457 0.004032 0.1482 0.004332 0.238 0.03622 0.1803 0.1222 0.1623 0.1238 2.005000114440918 0.0 965.0
43 0.01782 0.00837 0.01075 0.00799 0.0141 0.005878 0.01226 0.00514 0.01921 0.006941 0.02575 0.006234 0.02637 0.004345 0.03672 0.03316 0.06953 0.1404 0.04993 0.1346 2.184999942779541 0.0 992.0
44 -0.001421 0.01098 -0.006245 0.01002 0.02056 0.007549 0.01694 0.004672 0.04014 0.006402 0.04189 0.005735 0.03137 0.005528 0.0461 0.03865 0.05172 0.3557 0.08973 0.2812 1.815000057220459 0.0 997.0
45 -0.0008933 0.003873 0.004453 0.003805 0.006015 0.002791 0.006976 0.00246 0.01447 0.003374 0.01808 0.003016 0.01511 0.00378 0.000325 0.02758 -0.1003 0.1811 0.06029 0.2484 1.9989999532699585 0.0 1010.0
46 0.02705 0.009206 0.1997 0.008763 0.3178 0.006491 0.3924 0.00543 0.4255 0.007469 0.446 0.006716 0.4337 0.007079 0.6767 0.04615 -67.0 -67.0 0.2673 0.1252 1.989300012588501 0.0 1017.0
47 0.05916 0.006561 0.06543 0.00623 0.05909 0.004508 0.07139 0.003995 0.1199 0.00543 0.1357 0.004884 0.1608 0.005349 0.187 0.04062 0.1165 0.1086 0.09615 0.1082 2.109299898147583 0.0 1018.0
48 0.01227 0.01666 0.03231 0.01673 0.009722 0.0124 0.03004 0.01679 0.05488 0.02312 0.03418 0.02077 0.06916 0.01836 0.02055 0.02745 0.09479 0.1402 0.1487 0.1274 1.8105000257492065 0.0 1026.0
49 0.3014 0.008907 0.3152 0.006701 0.2745 0.0048 0.2711 0.003911 0.2785 0.005403 0.4041 0.004943 0.4466 0.004633 0.2724 0.03374 -67.0 -67.0 0.1618 0.1174 2.0220000743865967 0.0 1038.0
50 0.1807 0.008565 0.199 0.00705 0.185 0.005113 0.2278 0.004438 0.3026 0.006077 0.3468 0.005468 0.3466 0.005643 0.371 0.03767 0.4656 0.1874 0.5035 0.1732 2.0009000301361084 0.0 1069.0
51 0.01797 0.003429 0.02086 0.003146 0.01657 0.002247 0.01492 0.001985 0.01861 0.002702 0.0193 0.002415 0.01582 0.002381 -0.02225 0.02873 -67.0 -67.0 -0.07166 0.1897 1.850000023841858 0.0 1103.0
52 0.1579 0.009437 0.2051 0.008803 0.238 0.006327 0.37 0.005555 0.5781 0.007707 0.6812 0.006969 0.7347 0.00667 0.9231 0.04058 1.203 0.3612 1.348 0.2618 1.9594999551773071 0.0 1145.0
53 0.03885 0.004827 0.05296 0.00439 0.05711 0.003203 0.05815 0.002796 0.07056 0.003803 0.07503 0.003415 0.07152 0.003439 0.1086 0.03002 0.2545 0.1774 0.3283 0.1668 1.9667999744415283 0.0 1162.0
54 0.004359 0.003931 0.004774 0.00375 0.005114 0.002685 0.009508 0.002242 0.01932 0.003045 0.01886 0.002737 0.02759 0.003693 0.03335 0.03708 -67.0 -67.0 -67.0 -67.0 1.8279999494552612 0.0 1163.0
55 0.1905 0.01518 0.2072 0.01366 0.2321 0.01008 0.3707 0.008997 0.627 0.01217 0.7238 0.01095 0.7653 0.01167 0.9279 0.05908 1.593 0.1409 1.718 0.1295 1.923200011253357 0.0 1185.0
56 0.0196 0.005358 0.01701 0.005105 0.01819 0.0037 0.02553 0.003269 0.04314 0.004468 0.03224 0.003958 0.04582 0.003439 -0.03974 0.03153 0.07026 0.215 -67.0 -67.0 1.8200000524520874 0.0 1212.0
57 -0.0004515 0.003144 0.006746 0.002962 0.003709 0.002111 0.004329 0.001796 0.01114 0.002464 0.009028 0.002193 0.0107 0.00366 0.01435 0.02987 -67.0 -67.0 -67.0 -67.0 1.9880000352859497 0.0 1214.0
58 0.007879 0.004569 0.005411 0.004449 0.01191 0.00324 0.01099 0.002897 0.0245 0.003923 0.03264 0.00353 0.03478 0.005599 0.03016 0.03191 0.1454 0.1081 0.04097 0.105 2.184999942779541 0.0 1254.0
59 0.00389 0.01289 0.1678 0.01239 0.3086 0.009007 0.3361 0.007587 0.4767 0.01034 0.4698 0.009281 0.6427 0.01593 0.9248 0.06635 -0.2153 1.434 -0.5135 0.9036 1.8799999952316284 0.0 1264.0
60 0.0812 0.007296 0.07933 0.006698 0.07167 0.00485 0.0764 0.004339 0.08137 0.005867 0.1061 0.0053 0.1028 0.008262 0.115 0.04059 -0.08835 0.1195 -0.05127 0.1173 2.1610000133514404 0.0 1271.0
61 0.006771 0.006327 0.03096 0.006102 0.04763 0.004375 0.06417 0.003838 0.06172 0.005534 0.0678 0.00472 0.05098 0.006987 0.1209 0.04261 0.06253 0.2174 -0.01714 0.184 2.010999917984009 0.0 1300.0
62 0.2346 0.01117 0.3267 0.009624 0.3862 0.007063 0.568 0.006117 0.9392 0.00848 1.157 0.007711 1.206 0.006413 1.509 0.03752 1.71 0.12 1.791 0.1072 2.0250000953674316 0.0 1347.0
63 0.27 0.01335 0.3486 0.01183 0.3273 0.008573 0.4791 0.007262 0.6953 0.01 0.7796 0.009025 0.7933 0.009708 1.037 0.06223 1.238 0.224 1.257 0.1852 1.8614000082015991 0.0 1375.0
64 0.1448 0.008605 0.1614 0.007882 0.1615 0.005649 0.2174 0.005015 0.3092 0.006902 0.3564 0.006218 0.3788 0.007053 0.492 0.043 0.3374 0.136 0.3108 0.1278 2.0162999629974365 0.0 1460.0
65 0.007941 0.00397 0.008263 0.003516 0.00286 0.002515 0.008617 0.002177 0.01364 0.002945 0.01964 0.002687 0.01282 0.00409 -0.004101 0.02931 -67.0 -67.0 -67.0 -67.0 1.9500000476837158 0.0 1479.0
66 0.002965 0.005846 0.02215 0.005638 0.03734 0.00398 0.03793 0.003563 0.04222 0.004816 0.04127 0.004343 0.04538 0.006167 0.0008866 0.04048 -67.0 -67.0 -67.0 -67.0 2.158600091934204 0.0 1504.0
67 2.139 0.03028 3.316 0.02603 5.669 0.01952 10.57 0.01763 12.7 0.02569 15.15 0.02325 17.15 0.01726 24.29 0.06062 36.8 0.8232 36.94 0.6221 2.1019999980926514 0.0 1537.0
68 0.01142 0.005827 0.04052 0.005397 0.0576 0.004036 0.08213 0.003432 0.08363 0.004674 0.09344 0.004205 0.09155 0.004613 0.1752 0.03955 0.2245 0.1353 0.2054 0.1237 1.9089000225067139 0.0 1571.0
69 0.0003291 0.003062 0.008474 0.002898 0.01294 0.002151 0.01539 0.001864 0.01872 0.002542 0.01947 0.002312 0.02147 0.002708 0.04782 0.02956 -0.1737 0.1826 -0.2658 0.157 1.969499945640564 0.0 1577.0
70 0.003688 0.002693 0.008593 0.002683 0.005015 0.001919 0.00824 0.001718 0.01116 0.002357 0.01083 0.002101 0.01313 0.002282 0.008122 0.02772 -67.0 -67.0 -67.0 -67.0 1.846500039100647 0.0 1587.0
71 0.0134 0.003544 0.01308 0.00317 0.01505 0.002342 0.01699 0.001977 0.02083 0.002686 0.02399 0.002426 0.02011 0.002655 0.02782 0.03231 -0.01778 0.225 0.06582 0.1869 1.850000023841858 0.0 1589.0
72 0.08032 0.006929 0.0777 0.006038 0.06562 0.004382 0.08612 0.003708 0.1103 0.005051 0.1287 0.004546 0.1335 0.005198 0.03104 0.0438 -67.0 -67.0 -67.0 -67.0 1.968999981880188 0.0 1660.0
73 0.08622 0.006414 0.09517 0.005455 0.1017 0.004025 0.1249 0.003458 0.1633 0.004706 0.1964 0.004258 0.2061 0.004335 0.2141 0.03291 0.4797 0.1207 0.5786 0.1112 2.069999933242798 0.0 1700.0
74 0.01948 0.00459 0.01207 0.004019 0.009917 0.002954 0.01422 0.002497 0.01377 0.003371 0.03166 0.00304 0.02677 0.003147 -0.01276 0.03373 -67.0 -67.0 -67.0 -67.0 2.184999942779541 0.0 1730.0
75 0.1537 0.007149 0.164 0.005782 0.1358 0.00418 0.1273 0.003588 0.1498 0.00494 0.2212 0.004504 0.2732 0.004493 0.2288 0.03218 0.08323 0.1048 0.05981 0.1001 2.191999912261963 0.0 1732.0
76 0.01047 0.002116 0.01614 0.001731 0.01684 0.001279 0.01988 0.001096 0.02692 0.001559 0.03352 0.001404 0.03374 0.001044 0.0216 0.02296 -0.1002 0.2039 -0.03625 0.1803 2.1045000553131104 0.0 1743.0
77 0.06474 0.007798 0.09166 0.007355 0.07634 0.005173 0.1067 0.004444 0.1619 0.006064 0.1962 0.005447 0.1979 0.006837 0.4611 0.04996 -0.01593 0.2315 0.01651 0.1853 2.055000066757202 0.0 1778.0
78 0.04287 0.007104 0.06817 0.00653 0.0826 0.00484 0.1152 0.004082 0.1724 0.005597 0.1971 0.005042 0.1981 0.005259 0.2989 0.03686 -67.0 -67.0 0.3095 0.1004 1.892300009727478 0.0 1784.0
79 0.006462 0.005128 0.03288 0.005166 0.06212 0.003743 0.0788 0.003253 0.09076 0.004466 0.0901 0.004008 0.08683 0.004382 0.1793 0.03956 -67.0 -67.0 -67.0 -67.0 1.9352999925613403 0.0 1806.0
80 0.02052 0.007334 0.07299 0.006891 0.1397 0.005209 0.1593 0.00449 0.1671 0.006051 0.1784 0.005412 0.1759 0.006177 0.2674 0.04331 0.1872 0.1315 0.1504 0.1257 2.1670000553131104 0.0 1845.0
81 0.006657 0.003401 0.01026 0.003132 0.009919 0.00233 0.01222 0.002008 0.01106 0.002665 0.01514 0.002386 0.01573 0.002525 -0.03802 0.02933 -67.0 -67.0 -67.0 -67.0 1.899999976158142 0.0 1857.0
82 0.005779 0.005944 0.01492 0.005538 0.01187 0.00416 0.01291 0.00454 0.02301 0.00615 0.02344 0.005368 0.02302 0.00498 0.01198 0.02303 0.1164 0.1172 0.05891 0.1031 2.0 0.0 1865.0
83 0.0586 0.005713 0.05027 0.00517 0.04025 0.003613 0.04761 0.003183 0.07592 0.004342 0.0863 0.003912 0.08541 0.004516 0.1776 0.04409 0.2749 0.2833 0.4295 0.2364 2.046799898147583 0.0 1897.0
84 0.02659 0.004957 0.03361 0.004795 0.02959 0.003555 0.03808 0.003117 0.05909 0.004259 0.06849 0.003832 0.06811 0.004281 0.08367 0.03796 0.01551 0.1116 0.09173 0.1036 2.0399999618530273 0.0 1952.0
85 -0.001385 0.003385 0.01217 0.003516 0.01389 0.00247 0.01698 0.002195 0.01779 0.002952 0.01783 0.002706 0.01844 0.002569 0.005514 0.02826 -67.0 -67.0 -0.02932 0.122 1.962499976158142 0.0 1955.0
86 0.2731 0.009347 0.2647 0.007678 0.2667 0.005416 0.3123 0.004669 0.3568 0.006464 0.4317 0.005854 0.4047 0.005489 0.3593 0.03991 -67.0 -67.0 -67.0 -67.0 1.8600000143051147 0.0 1978.0
87 0.3307 0.01133 0.339 0.009845 0.329 0.006959 0.473 0.006099 0.6308 0.008512 0.6705 0.007647 0.6855 0.007028 0.8552 0.04557 0.6742 0.3697 0.7803 0.3316 1.8320000171661377 0.0 1992.0
88 0.0116 0.006357 0.05252 0.006279 0.09834 0.004595 0.1213 0.00407 0.1377 0.005529 0.1313 0.004958 0.1223 0.005658 0.1988 0.04402 -0.07825 0.5166 0.02837 0.3287 2.1070001125335693 0.0 2001.0
89 0.1605 0.008653 0.1745 0.007814 0.1773 0.005568 0.23 0.004885 0.3049 0.006681 0.3391 0.006009 0.3636 0.006446 0.4515 0.04773 -67.0 -67.0 0.6361 0.1111 1.9479999542236328 0.0 2006.0
90 0.01976 0.00696 0.01384 0.006821 0.03394 0.004927 0.06429 0.004374 0.1254 0.005987 0.1468 0.005371 0.1353 0.006431 0.2379 0.04663 -67.0 -67.0 0.3703 0.2351 1.899999976158142 0.0 2018.0
91 0.2539 0.008468 0.235 0.007235 0.2359 0.005262 0.2931 0.004542 0.3779 0.006304 0.4319 0.005698 0.4189 0.005566 0.4746 0.0375 0.498 0.1238 0.5638 0.1169 1.8911000490188599 0.0 2021.0
92 0.09914 0.006138 0.09385 0.005433 0.08678 0.003988 0.0886 0.003443 0.1126 0.004724 0.1406 0.004268 0.1402 0.004585 0.1917 0.03771 -67.0 -67.0 0.1052 0.1043 2.1449999809265137 0.0 2024.0
93 0.02542 0.005534 0.02431 0.00533 0.01792 0.003826 0.02734 0.003377 0.04275 0.004621 0.03791 0.004108 0.03992 0.004219 0.05863 0.04382 0.1365 0.2375 0.06808 0.1959 1.820199966430664 0.0 2033.0
94 0.007478 0.003848 0.01063 0.003752 0.004693 0.002643 0.01099 0.002378 0.01706 0.003276 0.01929 0.002943 0.01626 0.002371 0.05074 0.0247 0.07064 0.1103 0.009215 0.1016 1.8250000476837158 0.0 2053.0
95 0.1062 0.01854 0.2697 0.01843 0.2958 0.01353 0.4645 0.01174 0.6671 0.01594 0.7226 0.01431 0.9557 0.01591 1.278 0.07196 1.01 0.6714 0.8758 0.4454 1.9192999601364136 0.0 2056.0
96 0.01021 0.003683 0.009507 0.003564 0.007618 0.002647 0.009224 0.002344 0.01309 0.003163 0.01815 0.002851 0.0189 0.003504 0.01983 0.02792 -67.0 -67.0 -0.1002 0.1194 2.194999933242798 0.0 2068.0
97 0.007519 0.004156 0.02093 0.004099 0.03197 0.002971 0.03969 0.002585 0.02292 0.003505 0.02862 0.003155 0.03773 0.003532 0.02759 0.03479 -0.01387 0.2693 0.04776 0.2226 2.0 0.0 2069.0
98 0.002041 0.004192 0.02111 0.004014 0.03975 0.003024 0.0462 0.0026 0.04765 0.003522 0.05772 0.003183 0.04798 0.003326 0.05823 0.02705 -0.1023 0.3275 0.1089 0.2938 2.1173999309539795 0.0 2080.0
99 0.001196 0.003063 0.006205 0.003089 0.004476 0.002315 0.00749 0.002016 0.01406 0.00275 0.01676 0.00249 0.01569 0.002413 -0.01538 0.02865 0.01461 0.135 0.0493 0.1236 1.99399995803833 0.0 2084.0
100 0.03944 0.005859 0.04227 0.00564 0.04089 0.004062 0.05568 0.003564 0.09371 0.004869 0.1208 0.004393 0.1197 0.004914 0.1916 0.04054 0.06286 0.3069 0.1166 0.2212 2.064500093460083 0.0 2085.0
101 0.01033 0.003155 0.007344 0.002976 0.00641 0.002202 0.008998 0.001959 0.006602 0.002679 0.00999 0.002386 0.01321 0.002263 -0.03496 0.02674 0.04101 0.144 0.03991 0.1382 2.116499900817871 0.0 2086.0
102 0.05334 0.005948 0.04862 0.00552 0.05346 0.003965 0.07189 0.003473 0.1236 0.004765 0.1356 0.004284 0.1344 0.004708 0.1714 0.0382 0.1113 0.2017 0.2029 0.1454 1.9850000143051147 0.0 2104.0
103 0.5131 0.01161 0.7012 0.01012 0.8439 0.007371 1.486 0.008697 2.056 0.01282 2.468 0.01181 2.458 0.009303 2.748 0.03895 3.849 0.1887 4.112 0.1612 1.815000057220459 0.0 2143.0
104 0.04982 0.007003 0.06902 0.0063 0.06497 0.004686 0.08588 0.00403 0.1076 0.005474 0.1224 0.004907 0.1444 0.005106 0.2542 0.03534 -67.0 -67.0 0.4165 0.1232 2.190000057220459 0.0 2170.0
105 0.04899 0.01452 0.263 0.01466 0.4349 0.01079 0.6787 0.009572 0.9033 0.01312 1.141 0.01187 1.388 0.01199 2.198 0.06421 3.411 0.5933 4.802 0.5927 1.8949999809265137 0.0 2191.0
106 0.007727 0.002425 0.009271 0.002327 0.005633 0.00172 0.00854 0.001501 0.01089 0.00204 0.01558 0.001825 0.01475 0.002325 -0.02845 0.02576 0.06453 0.2887 -8.44e-05 0.2549 2.1135001182556152 0.0 2199.0
107 0.0007953 0.002554 0.0007072 0.002586 0.003224 0.001902 0.006126 0.001712 0.00532 0.002301 0.008763 0.002036 0.01424 0.002315 0.03815 0.03017 -0.0665 0.1035 -0.1561 0.09637 2.031399965286255 0.0 2229.0
108 0.006694 0.00357 0.01052 0.003496 0.01516 0.002646 0.01848 0.00234 0.02716 0.003188 0.03502 0.002864 0.03083 0.003122 -0.01607 0.03234 0.2532 0.1353 0.1648 0.128 1.9144999980926514 0.0 2237.0
109 1.557 0.01672 1.565 0.01271 1.449 0.009011 1.652 0.007582 1.752 0.01071 2.275 0.009783 2.473 0.007684 1.784 0.03977 2.457 0.1795 2.584 0.1485 1.8980000019073486 0.0 2244.0
110 0.002576 0.004498 0.005075 0.00452 0.004191 0.003316 0.005611 0.002012 0.006178 0.002737 0.003662 0.00243 0.01201 0.004183 -0.0372 0.02781 -0.04157 0.1459 0.03493 0.1297 2.1338000297546387 0.0 2277.0
111 0.001555 0.003106 0.005742 0.003088 0.01021 0.002306 0.01171 0.002105 0.01083 0.002793 0.01353 0.002506 0.01599 0.002268 0.03671 0.02502 -0.07899 0.114 -0.08187 0.1071 1.9819999933242798 0.0 2286.0
112 0.008763 0.004907 0.009412 0.004883 0.01131 0.003604 0.01983 0.003217 0.03971 0.004392 0.03974 0.00391 0.04493 0.004051 0.1241 0.04277 -67.0 -67.0 -67.0 -67.0 1.8300000429153442 0.0 2299.0
113 0.003562 0.004107 0.003231 0.004007 0.002123 0.003005 0.007593 0.002725 0.008579 0.003647 0.01285 0.003243 0.01611 0.004019 -0.01876 0.02428 -67.0 -67.0 -67.0 -67.0 1.843000054359436 0.0 2305.0
114 0.1225 0.007021 0.1365 0.006462 0.121 0.004686 0.1495 0.0041 0.1764 0.005597 0.3048 0.005102 0.3451 0.005098 0.1694 0.03673 0.3874 0.1125 0.3851 0.106 1.86899995803833 0.0 2317.0
115 0.007006 0.005874 0.01206 0.006098 0.008272 0.004278 0.0129 0.002769 0.01527 0.003831 0.01837 0.003384 0.02025 0.004318 -0.03558 0.02872 -0.09184 0.1165 -0.1815 0.1088 1.9290000200271606 0.0 2319.0
116 0.006913 0.003514 0.003303 0.003389 0.006574 0.002569 0.007091 0.002279 0.01418 0.003096 0.02492 0.0028 0.0201 0.00277 0.03346 0.0301 -0.2063 0.121 -0.2278 0.1131 2.114500045776367 0.0 2343.0
117 0.08324 0.01362 0.2637 0.01376 0.3351 0.01024 0.5654 0.009129 0.9134 0.01247 1.272 0.01133 1.514 0.0112 2.314 0.05993 2.819 0.6189 3.221 0.4214 2.146199941635132 0.0 2347.0
118 -0.0007876 0.004653 -0.002593 0.004657 0.0003671 0.003478 0.006308 0.003233 0.01319 0.004242 0.02191 0.003965 0.01804 0.004191 0.04089 0.02433 -0.08362 0.2362 -0.1564 0.2762 1.9700000286102295 0.0 2356.0
119 0.01742 0.004307 0.02182 0.004212 0.01783 0.003082 0.0171 0.002673 0.02577 0.003615 0.02031 0.003251 0.02653 0.003277 0.02408 0.03595 0.3485 0.245 0.2856 0.1731 2.099400043487549 0.0 2363.0
120 0.02951 0.003314 0.02418 0.002901 0.02079 0.002152 0.01851 0.00187 0.01952 0.002547 0.0216 0.002286 0.0218 0.003053 0.0693 0.03465 -0.06925 0.2982 -0.103 0.2641 2.0982000827789307 0.0 2378.0
121 0.01089 0.002932 0.01471 0.002848 0.009066 0.002083 0.01221 0.001875 0.01271 0.00254 0.0174 0.002284 0.01737 0.00273 -0.003128 0.03306 -0.1647 0.1498 -0.1722 0.1772 2.140000104904175 0.0 2379.0
122 0.2503 0.01026 0.3831 0.009703 0.3802 0.007102 0.5556 0.005953 0.7366 0.008281 0.8335 0.007458 0.86 0.007502 0.9022 0.04239 1.223 0.1355 1.373 0.1228 1.8555999994277954 0.0 2390.0
123 0.0003913 0.002823 0.004799 0.00288 0.007762 0.00212 0.008804 0.001866 0.01233 0.002543 0.01135 0.002262 0.01131 0.001957 0.001055 0.02798 0.2311 0.1457 0.1027 0.1327 1.9009000062942505 0.0 2422.0
124 0.01113 0.003111 0.01055 0.002968 0.01156 0.002206 0.01234 0.002015 0.01133 0.002768 0.01345 0.002457 0.01556 0.002482 -0.0001764 0.02988 0.1205 0.1172 0.1552 0.1081 2.189500093460083 0.0 2430.0
125 0.008864 0.007381 0.06035 0.007306 0.09964 0.005648 0.1381 0.003362 0.1464 0.004596 0.1724 0.004182 0.1628 0.004435 0.2296 0.03354 -0.2702 0.1624 -0.01741 0.1535 2.065999984741211 0.0 2476.0
126 0.01015 0.005791 0.01323 0.00574 0.006704 0.004289 0.01794 0.005439 0.03716 0.00755 0.02975 0.006721 0.04792 0.005151 -0.0177 0.02821 -0.07191 0.1913 -0.1573 0.1587 1.9700000286102295 0.0 2477.0
127 0.05551 0.007447 0.1438 0.00734 0.1628 0.005435 0.2284 0.004816 0.3317 0.00665 0.3801 0.005999 0.4125 0.005122 0.6948 0.03768 0.4443 0.299 0.5091 0.2283 1.9838000535964966 0.0 2496.0
128 0.00477 0.00352 0.02361 0.003565 0.02661 0.002632 0.02341 0.003344 0.03091 0.004508 0.03005 0.004016 0.02742 0.003431 0.01058 0.02797 0.1233 0.1751 0.0627 0.159 1.8700000047683716 0.0 2500.0
129 0.03528 0.004413 0.03677 0.004204 0.02747 0.003105 0.03311 0.002802 0.04674 0.003763 0.03886 0.003371 0.0488 0.00532 -0.1654 0.03916 -0.5759 0.1537 -0.395 0.1203 1.8600000143051147 0.0 2532.0
130 0.08028 0.01021 0.1379 0.01015 0.1457 0.007526 0.2235 0.01131 0.3055 0.01389 0.387 0.0139 0.4944 0.03609 0.4774 0.04125 -0.3517 0.4506 -0.006834 0.3693 2.066499948501587 0.0 2535.0
131 0.04777 0.005868 0.0525 0.005629 0.03898 0.004171 0.0519 0.00533 0.07166 0.007232 0.09487 0.006493 0.09166 0.006454 0.1024 0.04219 -0.08546 0.1469 -0.02543 0.1339 2.0790998935699463 0.0 2548.0
132 0.01953 0.005936 0.02394 0.005767 0.0265 0.004248 0.02653 0.00378 0.04128 0.005144 0.03151 0.004598 0.04048 0.004653 0.0198 0.0231 -67.0 -67.0 -67.0 -67.0 1.899999976158142 0.0 2577.0
133 0.06316 0.006728 0.06326 0.006542 0.05862 0.004865 0.06818 0.004399 0.09116 0.005933 0.0865 0.005291 0.09032 0.007556 0.237 0.04164 0.6305 0.1999 0.43 0.1849 1.8250000476837158 0.0 2585.0
134 0.002492 0.003195 0.005916 0.003193 0.0021 0.002328 0.004149 0.002356 0.009225 0.003063 0.009152 0.002778 0.01051 0.00234 0.002932 0.02633 -0.2258 0.1181 -0.2289 0.1167 2.04010009765625 0.0 20104.0
135 0.007681 0.003491 0.01339 0.003603 0.01291 0.002655 0.007138 0.002503 0.01629 0.003528 0.01712 0.002992 0.0134 0.002538 0.02351 0.02842 -0.003172 0.1992 -0.006746 0.2018 2.109999895095825 0.0 20127.0
136 0.002859 0.002747 0.003838 0.002774 0.004344 0.002062 0.004215 0.001881 0.007013 0.002519 0.007269 0.002255 0.007616 0.00193 -0.02464 0.02493 -67.0 -67.0 -67.0 -67.0 1.9880000352859497 0.0 20164.0
137 0.0006057 0.002917 0.008168 0.003104 0.003893 0.002308 0.00454 0.002573 0.009823 0.003751 0.01419 0.003139 0.01093 0.002602 0.01403 0.02597 0.02763 0.09992 -0.01655 0.1067 2.124500036239624 0.0 20174.0
138 0.01335 0.004032 0.01165 0.004032 0.009766 0.003004 0.0087 0.002798 0.01382 0.003737 0.01761 0.003358 0.0167 0.002846 0.05514 0.02825 -0.01331 0.1129 0.00568 0.1216 2.180000066757202 0.0 20255.0
139 0.009537 0.002812 0.01141 0.002803 0.007319 0.002053 0.006127 0.001935 0.005729 0.002577 0.01207 0.002306 0.007346 0.001975 0.007205 0.02901 0.1395 0.1815 0.09721 0.1726 2.174999952316284 0.0 20265.0
140 0.00415 0.003054 0.008688 0.003137 0.001574 0.002287 0.004399 0.002157 0.01023 0.002929 0.009708 0.002591 0.006444 0.002192 0.0244 0.025 -67.0 -67.0 -67.0 -67.0 1.8294999599456787 0.0 20308.0
141 0.001638 0.002946 0.002276 0.003094 0.005355 0.002292 0.004512 0.002194 0.007908 0.003025 0.01424 0.002697 0.008961 0.002251 -0.0106 0.02719 -67.0 -67.0 -0.08895 0.1198 2.0480000972747803 0.0 20324.0
142 0.003743 0.003483 0.006495 0.003642 0.005273 0.002689 0.007415 0.002472 0.007364 0.003337 0.01162 0.002979 0.01077 0.002522 -0.02426 0.02533 0.03013 0.2869 0.0195 0.2117 1.9290000200271606 0.0 20385.0
143 0.00665 0.0028 0.002658 0.002738 0.003179 0.002053 0.004701 0.001884 0.006416 0.002539 0.00953 0.002272 0.00721 0.001921 0.0402 0.02478 0.1631 0.1236 0.1335 0.119 2.009999990463257 0.0 20448.0
144 0.01407 0.004064 0.0102 0.004063 0.009452 0.003004 0.01256 0.00273 0.01329 0.003692 0.02 0.003332 0.01485 0.002787 0.06998 0.03154 -0.4145 0.1892 -0.2763 0.1565 1.9600000381469727 0.0 20685.0
145 -0.0005136 0.002609 0.003529 0.002734 0.002936 0.001992 0.002532 0.001816 0.006417 0.002418 0.006802 0.002174 0.005965 0.001884 0.009401 0.02613 -67.0 -67.0 -67.0 -67.0 1.8890000581741333 0.0 20922.0
146 -0.002386 0.003611 0.0005262 0.003749 0.0032 0.002733 0.00369 0.002511 0.007615 0.003418 0.01069 0.00305 0.008975 0.002582 -0.007308 0.02695 -67.0 -67.0 -67.0 -67.0 1.944000005722046 0.0 20924.0
147 0.005535 0.00516 0.002666 0.00501 0.004031 0.003685 0.004652 0.00329 0.01735 0.004488 0.01103 0.003974 0.01141 0.003361 -0.008476 0.02578 0.3953 0.2302 0.2496 0.1814 1.9049999713897705 0.0 21091.0
148 0.0007073 0.002308 0.003748 0.002336 0.00202 0.0017 0.003065 0.001516 0.004852 0.002065 0.006563 0.001843 0.00541 0.001556 0.03282 0.02467 -0.1414 0.116 -0.1814 0.1156 2.0299999713897705 0.0 21118.0
149 0.01436 0.003818 0.01319 0.003625 0.01033 0.002608 0.01008 0.002297 0.01485 0.003094 0.01451 0.00278 0.01322 0.00235 0.01539 0.02983 -67.0 -67.0 -0.176 0.1108 1.850000023841858 0.0 21197.0
150 0.004412 0.003483 0.004215 0.00339 0.00444 0.002454 0.004346 0.002178 0.008726 0.002939 0.007694 0.002684 0.01032 0.002259 -0.01239 0.02526 -0.114 0.1334 -0.1868 0.1274 2.174999952316284 0.0 21245.0
151 0.004013 0.007511 0.01392 0.007039 -0.0007354 0.005113 0.008607 0.004479 0.0128 0.006022 0.01772 0.005366 0.01573 0.004562 -0.02337 0.02396 -67.0 -67.0 0.15 0.1351 2.003999948501587 0.0 21269.0
152 0.002804 0.003647 0.01189 0.003391 0.009132 0.002483 0.01302 0.002182 0.009307 0.002937 0.01026 0.002607 0.01055 0.002213 0.01614 0.02696 -0.004805 0.1515 -0.08188 0.1396 1.9714000225067139 0.0 21274.0
153 0.00122 0.00304 0.004206 0.00304 0.002475 0.002179 0.005083 0.001936 0.006206 0.002611 0.00942 0.002361 0.008631 0.002 -0.01242 0.02762 -67.0 -67.0 -0.1209 0.1056 1.9880000352859497 0.0 21312.0
154 0.005997 0.003882 0.003711 0.003864 0.003426 0.002794 0.004714 0.002483 0.003427 0.003319 0.008541 0.002983 0.006458 0.002548 -0.02207 0.02451 -0.08299 0.145 -0.007106 0.1615 2.0344998836517334 0.0 21336.0
155 0.0005726 0.002455 0.002225 0.002441 0.003994 0.001764 0.006061 0.001533 0.003652 0.002066 0.009126 0.001867 0.009978 0.001618 0.01073 0.03058 -67.0 -67.0 -67.0 -67.0 1.9493000507354736 0.0 21346.0
156 0.001766 0.003706 0.006172 0.003475 0.00826 0.002583 0.006856 0.00215 0.008605 0.002939 0.005862 0.002603 0.006639 0.002224 -0.04025 0.02663 -0.1697 0.1559 -0.08564 0.1396 2.0304999351501465 0.0 21454.0
157 -0.0001179 0.01179 -6.208e-05 0.01104 0.017 0.008053 0.01397 0.006924 0.03215 0.009511 0.0342 0.008463 0.02765 0.007134 -0.04977 0.0304 -67.0 -67.0 -67.0 -67.0 1.899999976158142 0.0 21508.0
158 0.002396 0.007839 0.01115 0.007772 0.01167 0.005724 0.008853 0.00511 0.01552 0.006926 0.01707 0.006175 0.01823 0.00521 -0.01219 0.02578 -0.03503 0.2138 0.08212 0.1963 1.9800000190734863 0.0 21548.0
159 0.00388 0.003654 0.004458 0.003381 0.001719 0.002328 0.003368 0.001433 0.004924 0.001942 0.006279 0.001751 0.005091 0.001502 -0.03822 0.03093 -67.0 -67.0 -67.0 -67.0 1.9889999628067017 0.0 21559.0
160 -0.0003446 0.005034 0.00578 0.005358 0.006931 0.003566 0.01026 0.002766 0.01319 0.003801 0.0216 0.003482 0.01886 0.002969 -0.03694 0.03262 0.3289 4.969 -0.1555 2.702 2.0999999046325684 0.0 21647.0
161 0.01042 0.01011 0.009678 0.009208 0.01219 0.006871 0.00943 0.005961 0.02419 0.00797 0.03519 0.007112 0.02747 0.006004 0.0425 0.025 -0.183 0.1262 -0.176 0.1129 2.119999885559082 0.0 21654.0
162 0.002107 0.002404 0.003661 0.002408 0.003756 0.001733 0.004423 0.001539 0.006234 0.002086 0.008599 0.001871 0.00598 0.001589 0.009476 0.02278 -0.06736 0.1038 -0.04272 0.09959 1.843500018119812 0.0 21659.0
163 0.005788 0.004814 0.004602 0.004443 0.003115 0.003284 0.005219 0.002917 0.01554 0.003883 0.01457 0.003474 0.0161 0.002938 0.01132 0.02767 0.01165 0.15 0.0137 0.1308 1.999400019645691 0.0 21679.0
164 0.008535 0.004037 0.003472 0.003653 0.004127 0.002602 0.005867 0.002359 0.00539 0.003215 0.01206 0.002853 0.005763 0.002448 0.05857 0.02469 0.1073 0.2561 0.1605 0.1798 1.8650000095367432 0.0 22040.0
165 -0.0001374 0.003202 0.003833 0.00319 0.004004 0.002234 0.006396 0.001974 0.01108 0.002668 0.01527 0.002419 0.01103 0.00205 -0.03216 0.02707 -67.0 -67.0 -67.0 -67.0 1.899999976158142 0.0 22227.0
166 0.01923 0.002901 0.01171 0.002434 0.009027 0.001743 0.007159 0.001543 0.006576 0.002092 0.0106 0.001906 0.006332 0.001582 0.01623 0.0239 -0.08729 0.1139 -0.1576 0.104 2.125 0.0 22241.0
167 0.01705 0.004136 0.019 0.003916 0.01332 0.002768 0.01319 0.002404 0.01629 0.00326 0.01814 0.002918 0.01383 0.002481 -0.01562 0.02866 -67.0 -67.0 -67.0 -67.0 1.850000023841858 0.0 22304.0
168 0.003168 0.003751 0.003866 0.003425 0.001888 0.002567 0.004205 0.002274 0.008504 0.003048 0.0126 0.002718 0.01004 0.002326 -0.03085 0.02409 -0.07731 0.1245 0.006163 0.1143 2.0439999103546143 0.0 22315.0
169 0.006842 0.002901 0.0122 0.002846 0.01184 0.002031 0.01115 0.001755 0.01042 0.002387 0.005922 0.002117 0.007937 0.00181 0.02177 0.02493 -0.09878 0.1277 -0.03107 0.12 2.0034000873565674 0.0 22423.0
170 0.01044 0.005277 0.0136 0.004724 0.008301 0.003522 0.01335 0.004062 0.01183 0.005511 0.01631 0.00485 0.01922 0.004263 -0.03124 0.02815 0.1581 0.1138 0.2642 0.1062 1.9290000200271606 0.0 22484.0
171 0.006148 0.00514 0.01384 0.005449 0.01148 0.003678 0.008522 0.002662 0.01353 0.003653 0.02013 0.003219 0.01551 0.002741 0.003171 0.02913 -0.1384 0.2476 -0.1515 0.2232 2.1600000858306885 0.0 22556.0
172 0.01283 0.003684 0.007508 0.003469 0.005338 0.002524 0.00547 0.002221 0.0098 0.003023 0.01204 0.002717 0.01268 0.002288 0.01059 0.024 0.2421 0.4792 0.2449 0.345 2.174999952316284 0.0 22561.0
173 0.004488 0.003022 0.004177 0.002767 0.007056 0.002068 0.007962 0.002589 0.01003 0.003496 0.01548 0.003148 0.01576 0.00267 0.03117 0.02493 -0.19 0.1479 -0.2623 0.1152 2.115000009536743 0.0 22567.0
174 0.007344 0.004005 0.005226 0.003894 0.007753 0.00279 0.005649 0.002463 0.01035 0.003318 0.01001 0.002926 0.01163 0.002508 -0.02574 0.02489 -67.0 -67.0 -67.0 -67.0 2.190000057220459 0.0 22705.0
175 0.006979 0.003514 0.002342 0.003434 0.005315 0.002554 0.00485 0.002302 0.006353 0.003097 0.0113 0.002781 0.00961 0.002361 0.003302 0.02456 0.08521 0.1359 0.09332 0.1249 2.1610000133514404 0.0 22747.0
176 -0.0002843 0.003165 0.0009383 0.00321 0.00597 0.002357 0.005563 0.002101 0.007376 0.002819 0.006761 0.002549 0.01076 0.00213 0.008526 0.02566 -0.1036 0.1648 -0.1085 0.1562 1.8954999446868896 0.0 22971.0
177 0.006515 0.003197 0.006363 0.003097 0.008267 0.002293 0.00532 0.002065 0.01035 0.002812 0.008283 0.002461 0.00634 0.002076 0.03799 0.02378 -67.0 -67.0 -67.0 -67.0 1.8300000429153442 0.0 22975.0
178 0.00296 0.002824 0.008316 0.002833 0.006569 0.002048 0.005299 0.001854 0.008259 0.00246 0.002058 0.002188 0.004196 0.001876 0.005983 0.02402 -0.006148 0.1528 0.01889 0.1386 2.0754001140594482 0.0 23086.0
179 0.002897 0.003145 0.005654 0.003174 0.003407 0.002294 0.004758 0.002086 0.01156 0.002822 0.01175 0.002511 0.009285 0.002136 0.03891 0.02892 0.07822 0.1213 0.0952 0.1094 1.8294999599456787 0.0 23173.0
180 0.006158 0.01187 0.01751 0.01183 0.005891 0.008818 0.01659 0.009201 0.01188 0.01142 0.03001 0.0112 0.0248 0.009572 -0.01088 0.02556 -0.03101 0.1065 -0.0003511 0.09989 1.899999976158142 0.0 23220.0
