 F
        6254       38029           3         300
   -0.283873784596771550E+02   -0.138454257005047889E+02
 T
   2
    0.200000000000000000E+01    0.300000000000000000E+01    0.896666666666666612E+00    0.103333333333333333E+00
   0
   0
 T T     0           0
    0.000000000000000000E+00   -0.340282346638528860E+39    0.000000000000000000E+00
 T F     1         269
    0.200266691158058805E-08   -0.284346513023265643E+02   -0.138067798271588771E+02
 T F     1          31
    0.499169778752596536E-09   -0.314627410688803977E+02   -0.146437618638269083E+02
