#ID b_B435 b_errB435 b_V606 b_errV606 b_I814 b_errI814 b_Y105 b_errY105 b_J125 b_errJ125 b_JH140 b_errJH140 b_H160 b_errH160 b_Ks b_errKs b_CH1 b_errCH1 b_CH2 b_errCH2 ZBEST field ID_original
1 0.02078 0.01269 0.01469 0.01145 0.02805 0.008691 0.02807 0.007683 0.03022 0.01034 0.02757 0.009157 0.03073 0.007835 -0.04499 0.02613 -0.03661 0.1431 -0.00756 0.132 0.05000000074505806 0.0 22865.0
2 0.09423 0.01196 0.1766 0.008613 0.2444 0.007356 0.2697 0.004989 0.2885 0.006416 0.2798 0.006313 0.3112 0.009102 0.1439088 0.1539231 0.01741591 0.1403056 0.02572474 0.1074648 0.085 7.0 391.0
3 0.08006 0.003649 0.08331 0.003272 0.07142 0.002882 0.06566 0.002763 0.05784 0.003837 0.05617 0.003798 0.06008 0.004326 0.06168 0.03376 -0.09635 0.1607 -0.08659 0.1114 0.1 1.0 1774.0
4 0.2623 0.01718 1.118 0.01644 2.686 0.01099 3.701 0.006921 4.204 0.009622 4.301 0.009254 4.908 0.007215 3.641914 0.09997281 1.885184 0.09448152 1.298968 0.1113017 0.108 4.0 513.0
5 0.006303 0.004973 0.03879 0.004439 0.05032 0.004342 0.05706 0.002994 0.06236 0.004385 0.0648 0.00425 0.07545 0.008862 0.08456 0.04058 0.05401 0.3281 0.04884 0.2024 0.30535 1.0 960.0
6 0.001611 0.002559 0.006136 0.002388 0.005436 0.001708 0.005149 0.00181 0.007707 0.002444 0.009347 0.002295 0.008968 0.002219 -0.006985 0.002285 -0.1923 0.7226 0.143 0.4749 0.335 2.0 22019.0
7 0.001475 0.002805 0.004991 0.002473 0.01005 0.001774 0.01583 0.001778 0.02419 0.002418 0.02688 0.00232 0.02669 0.003236 0.005382 0.01903 -0.04544 0.09471 -0.04897 0.0941 0.389 2.0 1126.0
8 0.003659 0.006561 0.05361 0.006116 0.1091 0.005637 0.1435 0.005337 0.1788 0.007498 0.1997 0.007576 0.2157 0.009717 0.1027 0.0437 -0.1341 0.6612 0.1546 0.4299 0.4239 1.0 558.0
9 0.01058 0.006786 0.02847 0.004921 0.06319 0.004326 0.08058 0.002947 0.09357 0.003796 0.1047 0.003757 0.1082 0.00499 0.1205608 0.1097557 0.0901613 0.1025415 -0.01806369 0.08913131 0.44 7.0 1611.0
10 0.003265 0.007467 0.0436 0.007168 0.1051 0.005196 0.1383 0.005565 0.1636 0.007513 0.1872 0.007186 0.1844 0.008577 0.1193 0.03403 -0.07699 0.2685 -0.07684 0.2034 0.462 2.0 1926.0
11 0.3706 0.02373 1.342 0.02169 2.92 0.01534 4.6 0.01295 5.489 0.02412 6.26 0.01791 7.4 0.01514 9.429181 0.1261322 7.827744 0.1128957 7.15943 0.116295 0.482 4.0 2.0
12 0.7798 0.04635 6.475 0.04354 22.28 0.03129 40.08 0.03379 55.21 0.0454 65.87 0.04151 77.26 0.03184 107.2 0.05171 92.09 1.017 65.26 0.7618 0.527 3.0 476.0
13 0.04711 0.005628 0.1108 0.00555 0.1744 0.0037 0.1588 0.003468 0.1544 0.004038 0.1645 0.004042 0.1741 0.004857 0.1889 0.02431 0.0827 0.0805 0.01519 0.1039 0.5685 3.0 1216.0
14 -1.076e-05 0.01365 0.005008 0.01185 0.00774 0.008708 0.01316 0.005733 0.008961 0.00801 0.01011 0.007759 0.01847 0.007426 -0.01010143 0.09350061 -0.1245985 0.2864688 0.105166 0.2211481 0.585 4.0 20745.0
15 0.01653 0.01314 0.03288 0.008087 0.09196 0.006672 0.1157 0.004331 0.1464 0.00485 0.164 0.006985 0.2088 0.00598 0.2539333 0.1355317 0.2382253 0.2150156 0.1580617 0.1869178 0.621 6.0 1415.0
16 0.01465 0.008624 0.02031 0.005677 0.06281 0.004701 0.07366 0.004038 0.08964 0.004597 0.113 0.006522 0.1282 0.005726 0.1587296 0.1230576 0.04971541 0.07410088 0.07785197 0.07365178 0.6277 6.0 1922.0
17 0.01236 0.0037 0.02681 0.003584 0.04442 0.002822 0.03405 0.002401 0.0357 0.003493 0.03689 0.003364 0.04183 0.003739 0.03384 0.03208 0.1416 0.197 0.1552 0.1581 0.64 1.0 1956.0
18 0.003039 0.005 0.002613 0.003527 0.005319 0.003118 0.005862 0.002111 0.006812 0.002845 0.007781 0.002783 0.00784 0.002745 -0.04590581 0.0892472 -0.07720823 0.09834937 0.07895254 0.0937783 0.65 7.0 22729.0
19 0.005006 0.006732 0.007297 0.00618 0.02643 0.004607 0.04293 0.003214 0.04772 0.004362 0.05905 0.00429 0.07018 0.005408 0.1044457 0.1026424 0.08540484 0.08110032 0.1333461 0.1008797 0.6945 4.0 1447.0
20 0.004726 0.003049 0.0095 0.002786 0.0188 0.002441 0.02435 0.002175 0.02665 0.003177 0.02638 0.003067 0.02911 0.003614 0.04494 0.03381 -0.06364 0.1486 -0.04489 0.1064 0.70255 1.0 818.0
21 0.003723 0.004366 0.004778 0.004058 0.009315 0.002992 0.009837 0.002605 0.01407 0.003569 0.01278 0.003263 0.01583 0.003634 0.01849 0.02303 -0.7757 0.3161 -0.4726 0.1978 0.7404999732971191 0.0 1625.0
22 0.01583 0.0164 0.003987 0.01145 0.0161 0.009993 0.01459 0.006758 0.01981 0.008746 0.008103 0.008706 0.02122 0.008696 0.01099248 0.09622325 -0.06571247 0.1057676 -0.03257637 0.08813506 0.781 7.0 22621.0
23 0.004215 0.002387 0.002305 0.002072 0.008094 0.001511 0.007623 0.001556 0.01062 0.002071 0.00956 0.002005 0.01265 0.002393 -0.01612 0.01976 -0.03547 0.1159 -0.1348 0.1261 0.7955 2.0 923.0
24 0.0801 0.005853 0.1072 0.005448 0.1982 0.005108 0.2024 0.004603 0.2163 0.006736 0.2263 0.006471 0.2224 0.007474 0.3263 0.04877 0.2622 0.1197 0.1436 0.09671 0.8 1.0 2069.0
25 0.007535 0.003678 0.006381 0.003031 0.01419 0.002462 0.01697 0.002915 0.0133 0.003427 0.01226 0.003624 0.01513 0.004151 -0.0009196966 0.07108147 0.04153834 0.07994294 -0.02678185 0.08147544 0.817 5.0 852.0
26 0.02617 0.005517 0.0357 0.004617 0.07118 0.003319 0.09747 0.003448 0.09861 0.004572 0.1058 0.004528 0.114 0.00542 0.1413 0.02854 0.05985 0.09036 -0.05996 0.08273 0.92 2.0 2406.0
27 0.3642 0.02985 0.7576 0.02137 2.452 0.01907 4.472 0.01249 6.314 0.01671 7.464 0.01588 8.674 0.0148 16.18935 0.1906883 25.67671 0.3847558 19.61809 0.2184484 0.96 7.0 1956.0
28 0.06148 0.009831 0.04948 0.007785 0.1268 0.007507 0.1788 0.004595 0.1861 0.006733 0.1997 0.006542 0.2195 0.007688 0.2803 0.04331 0.713 0.3337 0.6068 0.2365 0.9685 1.0 2023.0
29 0.02747 0.005432 0.01208 0.005091 0.03565 0.003821 0.0425 0.00393 0.04503 0.004495 0.04728 0.004515 0.04829 0.007123 0.1021 0.02708 -0.5152 0.1746 -0.4491 0.2176 0.9692 3.0 294.0
30 0.1404 0.01181 0.1968 0.01068 0.5008 0.00761 0.8588 0.008148 1.016 0.0109 1.101 0.01048 1.143 0.01192 1.571 0.05077 1.67 0.1773 1.075 0.1821 0.9985 2.0 378.0
31 0.03591 0.005719 0.02602 0.004874 0.06043 0.003546 0.09502 0.003093 0.1051 0.00388 0.1137 0.003581 0.1214 0.0044 0.1841 0.02422 0.094 0.09363 -0.06178 0.1184 1.03 3.0 326.0
32 0.09897 0.02134 0.2433 0.01732 0.9631 0.01385 2.392 0.01248 3.924 0.01615 4.863 0.01575 6.002 0.01523 12.92219 0.1216045 21.2969 0.400988 24.5887 0.2775122 1.07145 5.0 355.0
33 2.793 0.0311 3.146 0.0289 4.619 0.01964 7.151 0.01246 7.981 0.01235 8.29 0.01659 8.577 0.01805 10.3186 0.2042669 11.1148 0.1276398 10.51917 0.1257872 1.1200000047683716 4.0 580.0
34 0.5311 0.008226 0.5175 0.007383 0.6818 0.006778 0.8801 0.008011 0.9482 0.01184 0.9617 0.01145 0.9671 0.01095 1.291 0.04401 1.278 0.1273 1.027 0.1006 1.125 1.0 1571.0
35 0.9058 0.01056 1.148 0.009852 1.791 0.00936 2.709 0.01129 3.056 0.01683 3.533 0.01649 4.103 0.01425 5.663 0.03734 6.65 0.279 5.731 0.178 1.18365 1.0 1780.0
36 0.2989 0.01494 0.302 0.01139 0.4493 0.00919 0.7812 0.00782 0.7809 0.009754 0.7683 0.009513 0.8615 0.01135 0.7349918 0.1041273 1.046395 0.09744925 0.8232045 0.09260647 1.2414 5.0 1303.0
37 -0.008623 0.01679 0.04832 0.01545 0.1092 0.01093 0.3765 0.006848 0.5029 0.009794 0.5976 0.009141 0.669 0.02182 0.6015437 0.215341 1.031064 0.2456841 1.082167 0.2549345 1.315 4.0 2540.0
38 0.001015 0.002785 0.005032 0.002807 0.00337 0.002027 0.007807 0.001979 0.007463 0.002658 0.007359 0.002472 0.00969 0.002036 0.003072 0.02448 0.09031 0.1603 -0.04411 0.1498 1.3600000143051147 0.0 21994.0
39 0.07978 0.0062 0.09418 0.005437 0.1102 0.005231 0.1933 0.00359 0.2046 0.00527 0.2139 0.005115 0.2535 0.005412 0.4158 0.04126 0.2111 0.1116 0.09256 0.1017 1.38 1.0 731.0
40 0.002017 0.003892 0.004132 0.003894 0.005909 0.002796 0.01395 0.002507 0.01802 0.003418 0.01302 0.003037 0.01337 0.002576 -0.03373 0.02922 -0.1228 0.2712 -0.09912 0.1991 1.3949999809265137 0.0 22371.0
41 0.0001178 0.00352 0.005941 0.00371 0.002952 0.00275 0.01178 0.002465 0.01244 0.003345 0.01271 0.002989 0.01388 0.002569 -0.00956 0.02652 0.04334 0.214 0.0327 0.1791 1.4495999813079834 0.0 23465.0
42 0.002398 0.006556 0.009966 0.006035 0.002916 0.004526 0.01297 0.004208 0.0159 0.005343 0.01136 0.004785 0.02135 0.0048 0.006565 0.02265 -0.1119 0.1571 -0.06531 0.1905 1.498 3.0 23272.0
43 0.254 0.009733 0.253 0.00872 0.3054 0.006402 0.4719 0.005494 0.5378 0.007604 0.5583 0.006817 0.5621 0.00696 0.6774 0.04154 0.9048 0.2855 0.955 0.2546 1.4989999532699585 0.0 877.0
44 0.05623 0.00492 0.05073 0.004409 0.05658 0.003874 0.1025 0.003356 0.1201 0.004952 0.1283 0.004784 0.1372 0.005438 0.142 0.0394 0.1598 0.1586 0.1549 0.1369 1.5452 1.0 573.0
45 0.00103 0.002328 0.003034 0.002095 0.002547 0.001483 0.006694 0.001534 0.01031 0.002027 0.01029 0.00196 0.01317 0.002547 0.02198 0.02176 -0.02674 0.08962 -0.00918 0.09049 1.548 2.0 885.0
46 0.04569 0.002811 0.043 0.00237 0.06157 0.001694 0.09621 0.001812 0.1379 0.00243 0.1304 0.002327 0.1121 0.01093 0.4416 0.03302 0.4146 0.3223 0.6709 0.23 1.645 2.0 1639.0
47 0.02936 0.003958 0.02547 0.003594 0.01708 0.003195 0.02497 0.002885 0.03651 0.004248 0.0266 0.004086 0.01856 0.003528 0.05983 0.03762 0.09259 0.2066 0.1637 0.1849 1.691 1.0 21063.0
48 0.1634 0.009557 0.2741 0.009202 0.3076 0.006713 0.5125 0.007029 0.7268 0.009596 0.7719 0.009097 0.805 0.008441 0.9037 0.04009 1.204 0.1657 1.39 0.1514 1.7285000085830688 0.0 2270.0
49 0.01294 0.004066 0.008589 0.003178 0.007002 0.002519 0.01559 0.002237 0.01966 0.002854 0.02332 0.002718 0.0264 0.005043 0.0490846 0.07290574 -0.00459209 0.09383448 -0.05514566 0.09071037 1.73 5.0 453.0
50 0.05894 0.004134 0.0621 0.003787 0.05012 0.003345 0.07417 0.003059 0.108 0.004506 0.09873 0.004336 0.07395 0.005602 0.1437 0.03992 0.1369 0.1908 0.1376 0.1395 1.75 1.0 1673.0
51 0.002139 0.002526 0.003333 0.002607 0.002595 0.001921 0.004957 0.001755 0.009252 0.00238 0.006492 0.002131 0.007395 0.001815 0.01699 0.02564 0.1983 0.1782 0.2574 0.1706 1.784500002861023 0.0 20494.0
52 0.00996 0.006422 0.007635 0.005602 0.007752 0.004176 0.01377 0.002787 0.02029 0.005117 0.02186 0.003715 0.02366 0.003758 0.05968133 0.09042341 -0.01018679 0.08825006 -0.0978355 0.1112171 1.8175 4.0 1341.0
53 1.761 0.02577 2.08 0.0203 3.966 0.01592 5.896 0.02159 9.2 0.02656 11.23 0.02823 12.84 0.02325 20.82561 0.1073586 50.28416 0.6949695 40.35593 0.6496485 1.8265 5.0 1892.0
54 0.001025 0.004813 0.006787 0.004297 0.01104 0.003218 0.01258 0.00219 0.01305 0.002273 0.01429 0.002906 0.01879 0.004671 -0.02988739 0.07841779 0.1227792 0.04878235 -0.2079349 0.07408955 1.885 4.0 850.0
55 0.07716 0.006632 0.07791 0.005397 0.05843 0.004257 0.07075 0.003929 0.07116 0.004862 0.07853 0.004759 0.1004 0.00794 0.1141602 0.08206969 0.07964814 0.1857762 0.1793092 0.1749172 1.9095 5.0 1139.0
56 0.006212 0.004391 0.007957 0.004006 0.007784 0.002887 0.009447 0.002549 0.01059 0.003192 0.01184 0.002951 0.01509 0.003502 -0.03087 0.02174 -0.1676 0.1457 -0.06493 0.1526 1.929 3.0 2240.0
57 0.01309 0.006976 0.01488 0.00457 0.01152 0.003941 0.01506 0.002603 0.02255 0.003345 0.02005 0.003321 0.02547 0.004932 0.1141593 0.122431 -0.03546325 0.09813605 0.04607047 0.08185335 1.954 7.0 325.0
58 0.0483 0.009036 0.06117 0.006109 0.07706 0.005052 0.1102 0.003328 0.1626 0.004362 0.1882 0.004251 0.2078 0.005166 0.1879195 0.1113305 0.1827321 0.1734585 0.3436138 0.1398234 1.9614 7.0 1763.0
59 0.03885 0.004827 0.05296 0.00439 0.05711 0.003203 0.05815 0.002796 0.07056 0.003803 0.07503 0.003415 0.07152 0.003439 0.1086 0.03002 0.2545 0.1774 0.3283 0.1668 1.9667999744415283 0.0 1162.0
60 0.002962 0.007537 0.006007 0.005293 0.006897 0.004772 0.01275 0.003217 0.02349 0.004178 0.02974 0.004147 0.02807 0.005426 -0.04770589 0.1068166 -0.1170104 0.09868292 -0.09724405 0.08847445 1.999 7.0 469.0
61 0.005997 0.003882 0.003711 0.003864 0.003426 0.002794 0.004714 0.002483 0.003427 0.003319 0.008541 0.002983 0.006458 0.002548 -0.02207 0.02451 -0.08299 0.145 -0.007106 0.1615 2.0344998836517334 0.0 21336.0
62 0.1347 0.01592 0.1581 0.01048 0.1561 0.009022 0.201 0.007448 0.318 0.008429 0.4634 0.01197 0.6078 0.007832 0.003032151 0.09849859 0.1060441 0.04816524 -0.1251164 0.04810729 2.0635 6.0 20563.0
63 0.002978 0.006001 0.01434 0.004701 0.01243 0.003788 0.007899 0.00325 0.02231 0.00418 0.01815 0.00398 0.02043 0.004046 0.04194479 0.07210396 0.09164535 0.2151902 0.04977144 0.1850511 2.1775 5.0 21486.0
64 0.1223 0.01335 0.1299 0.01093 0.12 0.008706 0.1662 0.007788 0.2114 0.009685 0.2966 0.00946 0.3209 0.01495 0.1424803 0.09002858 0.06219751 0.1473455 0.1135224 0.1609959 2.186 5.0 1056.0
65 0.0002009 0.004399 0.002576 0.004098 0.004917 0.002966 0.003447 0.002019 0.00754 0.002795 0.01012 0.002682 0.009681 0.002617 -0.04989444 0.07611131 -0.08346488 0.06590077 0.08618228 0.08290865 2.191499 4.0 23594.0
66 0.3016 0.02003 0.4576 0.0135 0.62 0.01126 0.9133 0.01013 1.449 0.01345 1.835 0.01628 2.136 0.0145 3.243572 0.1800469 5.290344 0.1080527 6.223946 0.09706687 2.19965 6.0 1410.0
67 0.005391 0.004517 0.008233 0.003625 0.0054 0.002854 0.002797 0.002597 0.00899 0.003294 0.007538 0.003079 0.007623 0.003287 -0.02439769 0.0653931 -0.1006004 0.08496334 -0.05475546 0.08150163 2.2025 5.0 23235.0
68 0.009356 0.004982 4.915e-05 0.004307 0.01117 0.003224 0.004853 0.002128 0.01306 0.002553 0.0153 0.002433 0.01662 0.002406 0.03095 0.0239 -0.1195 0.07678 -0.1513 0.09657 2.2125 3.0 1639.0
69 0.2214 0.01107 0.3521 0.01065 0.38 0.007141 0.4302 0.004854 0.6002 0.007319 0.7153 0.006464 0.8165 0.006952 0.6680468 0.1312711 0.7181333 0.08459931 0.4657803 0.1067079 2.28615 4.0 1809.0
70 0.007131 0.003323 0.006819 0.002948 0.006093 0.002145 0.003581 0.00217 0.009834 0.002708 0.005134 0.002438 0.01154 0.002393 0.007555 0.02066 -0.1491 0.1053 -0.1081 0.1242 2.3 3.0 21976.0
71 0.1627 0.01025 0.1532 0.006543 0.1276 0.005331 0.124 0.004855 0.1463 0.005446 0.1939 0.007771 0.3014 0.006769 0.2961465 0.1193991 0.3237163 0.0499141 0.2957877 0.05015474 2.3089001178741455 6.0 1889.0
72 0.252 0.01337 0.3098 0.009705 0.328 0.008172 0.3291 0.005731 0.4515 0.007615 0.4745 0.007312 0.7595 0.008282 0.4720406 0.1576704 0.4193445 0.2394744 0.1927496 0.1487763 2.333 7.0 1027.0
73 0.01482 0.005881 0.0136 0.004154 0.01592 0.003584 0.01528 0.002475 0.01722 0.003149 0.02368 0.00316 0.02691 0.005005 0.03575536 0.1017257 -0.04059368 0.1059084 -0.04159389 0.09037065 2.4247 7.0 1479.0
74 0.01263 0.007211 0.03783 0.006696 0.03267 0.004922 0.04034 0.003025 0.05444 0.00379 0.07495 0.003518 0.08559 0.004879 0.1304 0.02658 0.2848 0.1407 0.2673 0.1627 2.425 3.0 2449.0
75 0.024 0.005221 0.03411 0.004683 0.04067 0.003228 0.04128 0.0033 0.05771 0.004396 0.0816 0.004289 0.09451 0.005805 0.1594 0.03146 0.1381 0.1625 0.03498 0.151 2.432 2.0 598.0
76 0.1702 0.01065 0.2618 0.008652 0.2774 0.006793 0.2866 0.006065 0.3882 0.00774 0.459 0.007388 0.5288 0.009519 0.666985 0.09777047 0.5764045 0.1153383 0.6000985 0.1077741 2.44 5.0 857.0
77 0.008146 0.00382 0.01409 0.003616 0.01595 0.002617 0.01295 0.002836 0.0182 0.003785 0.01881 0.003654 0.01439 0.00341 0.05068 0.02904 0.1374 0.1285 0.1033 0.1167 2.49155 2.0 22907.0
78 0.04197 0.01299 0.0428 0.01361 0.1162 0.01024 0.1716 0.009353 0.2055 0.01305 0.2934 0.01207 0.4078 0.01057 0.1089 0.05771 0.05326 0.5989 -0.02404 0.4114 2.5 0.0 675.0
79 -0.002073 0.01042 0.01437 0.01031 0.01682 0.007409 0.0188 0.007305 0.02299 0.008751 0.04567 0.00958 0.05925 0.009681 0.001506112 0.07468514 0.06878127 0.1071206 -0.1646684 0.1087555 2.5065 4.0 862.0
80 0.004592 0.004233 0.003854 0.003855 0.00787 0.002809 0.006438 0.001683 0.00697 0.002275 0.01137 0.002068 0.01362 0.002297 -0.03556 0.03408 0.3053 0.3822 0.09249 0.2882 2.5420000553131104 0.0 1085.0
81 0.004446 0.01765 0.007447 0.01192 0.007229 0.01032 0.006797 0.009557 0.006338 0.01307 0.02827 0.01526 0.06654 0.008835 0.09398136 0.1022977 0.3348111 0.067669 0.01545408 0.07077815 2.5745 6.0 1006.0
82 0.002137 0.003055 0.005771 0.003082 0.006421 0.0023 0.006671 0.002041 0.005211 0.002742 0.01052 0.002466 0.0131 0.00232 -0.03897 0.02786 0.1458 0.1241 0.06699 0.1166 2.700000047683716 0.0 380.0
83 0.005265 0.003668 0.01256 0.003468 0.01349 0.002545 0.01033 0.002207 0.0158 0.002768 0.01307 0.002524 0.02548 0.003032 -0.009429 0.02337 0.08603 0.1143 0.0412 0.1319 2.741 3.0 2455.0
84 0.009718 0.003339 0.01667 0.003131 0.01736 0.002808 0.01451 0.002459 0.01697 0.003593 0.01886 0.003476 0.02361 0.004085 0.01656 0.03504 -0.003938 0.144 -0.06901 0.1175 2.786 1.0 1510.0
85 0.0418 0.009061 0.07422 0.007113 0.09649 0.006354 0.1052 0.004135 0.1001 0.005362 0.1489 0.005102 0.1906 0.006903 0.2075351 0.08369334 0.1068497 0.1266452 0.2120662 0.09870026 2.78625 5.0 141.0
86 0.02944 0.005754 0.04074 0.004495 0.04826 0.003486 0.04626 0.003145 0.0369 0.003959 0.04935 0.003839 0.05877 0.005285 0.1975915 0.07723186 0.1807908 0.08762299 0.01314499 0.08434138 2.8935 5.0 365.0
87 0.00642 0.007587 0.02324 0.006398 0.02267 0.004626 0.02234 0.003436 0.03695 0.004559 0.04694 0.004432 0.06357 0.006078 0.1136 0.02852 0.3784 0.1092 0.4692 0.09207 2.905001 2.0 2399.0
88 0.00349 0.003739 0.01114 0.003592 0.01173 0.002599 0.00801 0.001827 0.008629 0.002 0.01261 0.002488 0.01438 0.002745 -0.03268974 0.07233468 0.3026367 0.07666097 0.2340476 0.1041881 2.9145 4.0 2681.0
89 -0.0006733 0.00277 0.001896 0.002317 0.004371 0.001734 0.002374 0.001469 0.002564 0.001825 0.006499 0.001694 0.009284 0.001677 0.02533 0.01967 -0.2559 0.07856 -0.2993 0.09996 2.9232 3.0 20152.0
90 0.003105 0.002937 0.003944 0.00272 0.00439 0.00201 0.004864 0.001711 0.004747 0.002327 0.003488 0.002087 0.01059 0.001824 0.02921 0.02355 -0.1622 0.1753 -0.103 0.1556 2.986999988555908 0.0 2571.0
91 -0.0009277 0.00624 0.01722 0.004496 0.01865 0.0039 0.02585 0.002621 0.02457 0.003356 0.0286 0.003362 0.03841 0.004085 0.02748572 0.1178912 -0.008196365 0.1118107 -0.02161251 0.09545906 3.12465 7.0 2171.0
92 0.01744 0.005167 0.03279 0.004357 0.03419 0.003461 0.02358 0.003205 0.02656 0.003967 0.02298 0.003841 0.0358 0.005381 -0.001151233 0.08236995 0.06051973 0.09955359 0.01555569 0.1008712 3.134999 5.0 955.0
93 -0.003184 0.003283 8.167e-05 0.002182 0.003662 0.001866 0.003235 0.001655 0.004618 0.001909 0.004491 0.002601 0.0125 0.002415 0.03494871 0.08444425 0.1768087 0.06575377 -0.02054917 0.05813415 3.144499 6.0 2526.0
94 0.01888 0.007471 0.04415 0.005696 0.04954 0.004505 0.03609 0.00421 0.04626 0.005162 0.04457 0.005035 0.05836 0.007839 0.06174071 0.0858916 0.2201243 0.3359378 0.2170513 0.3163658 3.1745 5.0 2047.0
95 0.003182 0.0026 0.005461 0.002372 0.00797 0.002215 0.0111 0.001977 0.0094 0.002878 0.008355 0.00288 0.01445 0.003886 0.04111 0.03668 0.03549 0.1308 0.03625 0.1199 3.215 1.0 345.0
96 0.00941 0.004975 0.03304 0.004755 0.03958 0.004149 0.04435 0.003617 0.04198 0.005302 0.04913 0.005133 0.06776 0.00583 0.1449 0.04158 0.08435 0.3903 0.1447 0.2149 3.23685 1.0 880.0
97 0.004337 0.002805 0.01068 0.002553 0.008816 0.001826 0.01096 0.001901 0.0199 0.002588 0.01364 0.002445 0.02829 0.003439 0.1068 0.02231 0.3627 0.8491 0.253 0.6119 3.29155 2.0 2524.0
98 0.004859 0.004443 0.01629 0.003233 0.02334 0.002774 0.02198 0.002689 0.01816 0.003417 0.01621 0.003415 0.0236 0.003434 0.009180869 0.1036348 0.0 -99.0 0.0 -99.0 3.39 7.0 494.0
99 0.0002905 0.005357 0.003013 0.005067 0.004976 0.003826 0.008105 0.00261 0.01129 0.003694 0.00695 0.003504 0.01187 0.00339 0.06772014 0.08250146 0.1773758 0.0700895 0.1501253 0.08291561 3.42885 4.0 20896.0
100 0.01779 0.008192 0.06553 0.005637 0.08126 0.004685 0.07374 0.004048 0.0692 0.004572 0.072 0.006544 0.0853 0.007251 0.09428084 0.128564 0.1268837 0.07704077 0.1676567 0.071082 3.434 6.0 398.0
101 0.02925 0.003443 0.09677 0.003349 0.1012 0.0029 0.08875 0.002462 0.08459 0.003602 0.09265 0.003496 0.1008 0.004082 0.4204 0.03415 0.1289 0.1798 0.2155 0.152 3.4342 1.0 679.0
102 0.000624 0.002314 0.006064 0.002176 0.01108 0.001996 0.01274 0.001734 0.01476 0.002572 0.01394 0.002458 0.01855 0.002612 0.042 0.03035 0.04759 0.1677 0.1852 0.1495 3.449 1.0 240.0
103 0.005173 0.003117 0.009073 0.003057 0.01311 0.002253 0.01202 0.001991 0.01095 0.002697 0.0104 0.002409 0.008347 0.002024 0.03394 0.02819 -0.1052 0.1583 -0.06127 0.1448 3.4700000286102295 0.0 23037.0
104 0.01006 0.005957 0.01776 0.005765 0.02335 0.004121 0.02846 0.003647 0.03472 0.004968 0.03851 0.004475 0.03356 0.006018 0.154 0.04696 0.1714 0.2253 0.1204 0.1861 3.5190000534057617 0.0 1705.0
105 0.002906 0.00312 0.00675 0.002912 0.01296 0.00205 0.01246 0.001771 0.01501 0.002182 0.01473 0.002032 0.01401 0.003353 0.06985 0.02081 0.1005 0.1072 0.01701 0.121 3.55 3.0 2118.0
106 0.0002833 0.003307 0.005861 0.003242 0.007471 0.002293 0.005596 0.00202 0.007927 0.002742 0.01032 0.002462 0.008863 0.00213 0.01696 0.02711 0.2736 0.3701 0.04743 0.281 3.5522000789642334 0.0 21809.0
107 0.001539 0.005375 0.004108 0.005217 0.007922 0.003857 0.007749 0.003777 0.01539 0.005399 0.01781 0.004954 0.01455 0.004914 0.05164937 0.07733683 0.01690792 0.1052692 0.2990188 0.1018102 3.58115 4.0 22015.0
108 0.0007075 0.003437 0.003261 0.003325 0.004256 0.00241 0.006169 0.002147 0.005668 0.002922 0.009445 0.00261 0.00761 0.00223 0.03932 0.02363 -0.07686 0.1872 -0.106 0.1499 3.5829999446868896 0.0 22459.0
109 0.001843 0.003655 0.01042 0.003662 0.01785 0.002636 0.02295 0.002411 0.02828 0.003349 0.02974 0.002946 0.03234 0.003764 0.07242 0.03862 0.09133 0.1047 0.09769 0.0992 3.5934998989105225 0.0 1645.0
110 0.002279 0.004878 0.02806 0.004767 0.03744 0.003468 0.03553 0.003718 0.03206 0.004882 0.04654 0.004726 0.04689 0.007801 0.1215 0.02581 -0.05118 0.1178 -0.006918 0.106 3.6065 2.0 1832.0
111 0.002332 0.003886 0.01272 0.00347 0.0194 0.002491 0.01531 0.002079 0.01991 0.002604 0.01769 0.002386 0.01766 0.004069 0.02293 0.02044 0.06235 0.1317 -0.01818 0.1608 3.6145 3.0 1476.0
112 0.03798 0.0042 0.1878 0.004218 0.212 0.002883 0.187 0.003204 0.1731 0.004102 0.173 0.004096 0.1808 0.004983 0.2612 0.02302 0.3717 0.1303 0.4807 0.1305 3.6158 2.0 7.0
113 0.006208 0.005075 0.0211 0.00447 0.04017 0.003281 0.027 0.002934 0.02904 0.003369 0.03349 0.003419 0.03489 0.004568 0.04088 0.0255 -0.01448 0.09884 0.007176 0.1261 3.654999 3.0 1150.0
114 0.003642 0.00396 0.00875 0.003462 0.007124 0.002456 0.01942 0.00258 0.01522 0.003392 0.01956 0.003272 0.01636 0.003075 0.09908 0.02584 0.1163 0.09702 0.2094 0.09339 3.66 2.0 20507.0
115 0.0005077 0.004602 0.002312 0.002961 0.00788 0.002561 0.00917 0.002175 0.007568 0.002438 0.01703 0.003469 0.01516 0.002421 -0.04851108 0.1018883 -0.04699557 0.08068711 -0.08484369 0.07401659 3.75 6.0 522.0
116 0.005647 0.004126 0.02278 0.003945 0.03561 0.002852 0.03968 0.002773 0.03549 0.003177 0.0375 0.003194 0.03862 0.004237 0.05587 0.02487 0.244 0.07115 0.2296 0.1001 3.8625 3.0 238.0
117 0.003532 0.005646 0.00767 0.00512 0.01584 0.003683 0.02089 0.003536 0.01993 0.004005 0.02966 0.004873 0.03731 0.004626 -0.02522926 0.08811338 -0.1469257 0.08256485 -0.05611179 0.1052317 3.875 4.0 391.0
118 0.0002736 0.003214 0.0078 0.003035 0.01499 0.0027 0.01817 0.002392 0.02249 0.0035 0.01843 0.00341 0.02347 0.003981 0.0793 0.03227 0.1449 0.1363 0.006843 0.1077 3.9066 1.0 1303.0
119 0.01647 0.009275 0.4218 0.009693 1.004 0.007103 1.058 0.005906 1.083 0.008388 1.142 0.007568 1.101 0.007364 1.532 0.05579 1.771 0.3533 0.8721 0.2824 3.9800000190734863 0.0 1551.0
120 0.007519 0.002796 0.006673 0.002483 0.006319 0.001764 0.003462 0.001854 0.01596 0.002448 0.01425 0.002367 0.01307 0.002128 0.6047 0.0207 0.1719 0.1961 0.1054 0.1631 3.992 2.0 543.0
121 -0.003173 0.004631 0.007086 0.003055 0.02398 0.002536 0.02533 0.002217 0.02481 0.002493 0.03627 0.003564 0.03735 0.002274 0.03551046 0.1572878 0.06140375 0.09187745 0.0325582 0.1000084 4.02745 6.0 22102.0
122 0.001605 0.003334 0.006564 0.003079 0.01177 0.002152 0.01444 0.002405 0.01011 0.003082 0.01529 0.002978 0.01206 0.002875 0.02728 0.02279 0.1309 0.1727 0.2624 0.1618 4.116501 2.0 21392.0
123 -0.002455 0.002321 0.008961 0.002208 0.01166 0.001996 0.01119 0.001752 0.008221 0.002541 0.009784 0.00249 0.006151 0.002144 -0.01092 0.02971 0.3191 0.1526 0.3291 0.134 4.1193 1.0 20419.0
124 0.007046 0.008557 0.003909 0.005276 0.009197 0.004346 0.02182 0.003715 0.0222 0.004176 0.04095 0.006 0.02603 0.003933 0.571857 0.09376968 0.04919703 0.1402015 -0.0002322049 0.1110348 4.1342 6.0 21347.0
125 -0.0003538 0.003385 0.003798 0.003189 0.01806 0.002847 0.01492 0.002514 0.01307 0.003676 0.02332 0.003571 0.02872 0.004833 0.0202 0.03739 -0.1042 0.2045 -0.1769 0.1684 4.1599 1.0 1004.0
126 0.002268 0.0037 0.0119 0.003628 0.02802 0.002612 0.03348 0.002316 0.04004 0.003153 0.03549 0.002838 0.03411 0.003366 0.176 0.03678 0.005275 0.2249 0.04063 0.1835 4.170599937438965 0.0 1721.0
127 0.004737 0.003621 0.004405 0.003583 0.00821 0.002694 0.01142 0.002417 0.007627 0.003248 0.008206 0.00293 0.0141 0.003128 0.07464 0.02521 0.0913 0.1855 0.1596 0.1961 4.1880998611450195 0.0 531.0
128 -0.003743 0.004704 0.003009 0.00312 0.006087 0.002737 0.006872 0.001924 0.006954 0.00249 0.009005 0.002436 0.005963 0.002559 -0.06198894 0.1042831 -0.02739048 0.08694556 0.01219075 0.07456539 4.213 7.0 20040.0
129 0.0004952 0.002802 0.00379 0.002625 0.005788 0.001928 0.01209 0.002039 0.006979 0.002712 0.008477 0.002593 0.01253 0.005162 0.05157 0.02361 0.0758 0.1222 0.1546 0.1368 4.218 2.0 381.0
130 -0.002851 0.004943 0.0005818 0.003183 0.005686 0.002728 0.01104 0.002391 0.01122 0.002681 0.01607 0.003849 0.01836 0.003339 0.07351321 0.09094709 0.03464727 0.1940202 0.05856651 0.09085455 4.2405 6.0 2070.0
131 -0.005166 0.004797 0.003811 0.004474 0.01034 0.003348 0.01361 0.003017 0.008944 0.003707 0.01428 0.003466 0.01755 0.003369 -0.05534 0.02441 0.1733 0.1277 -0.09893 0.1644 4.2572 3.0 21133.0
132 0.01455 0.01272 0.03759 0.01127 0.1146 0.008299 0.1939 0.005525 0.2125 0.008113 0.2199 0.007445 0.3415 0.008986 0.3872048 0.1777844 0.4105642 0.1712582 0.5155838 0.1769173 4.320001 4.0 835.0
133 0.006655 0.00923 0.01657 0.006124 0.04789 0.005507 0.05955 0.003481 0.05225 0.004404 0.0605 0.004435 0.06759 0.006478 0.05050199 0.1336074 0.2229517 0.1491216 0.1331464 0.1172489 4.428 7.0 358.0
134 -0.02829 0.01765 0.0107 0.01555 0.01271 0.0111 0.04496 0.00752 0.07694 0.01085 0.0727 0.01006 0.1399 0.01074 -0.06621131 0.1107081 0.253212 0.09229476 0.1141021 0.09103115 4.437 4.0 3083.0
135 -0.002026 0.004329 0.003053 0.003966 0.01273 0.002967 0.01245 0.002598 0.01362 0.00324 0.00933 0.002971 0.01542 0.003182 0.03422 0.02318 0.03583 0.09793 0.01296 0.09898 4.439 3.0 2338.0
136 -0.05871 0.0696 0.05076 0.07078 0.1455 0.05264 0.126 0.08138 0.3583 0.1098 0.1311 0.1073 0.3517 0.08057 -0.03887 0.03388 -0.112 0.2281 -0.1002 0.188 4.457600116729736 0.0 21527.0
137 -0.001641 0.002284 0.004178 0.002134 0.01484 0.001893 0.01317 0.001665 0.01322 0.002445 0.01502 0.002354 0.01455 0.002448 0.02515 0.03192 -0.07116 0.1326 -0.05713 0.1127 4.501 1.0 1021.0
138 0.002344 0.006762 0.006547 0.004814 0.01824 0.004314 0.01913 0.002946 0.01929 0.003773 0.01499 0.0038 0.01559 0.003884 -0.00861067 0.1011147 -0.09412967 0.08616427 -0.1200923 0.08244772 4.56 7.0 20941.0
139 0.002214 0.0107 0.03308 0.009916 0.1357 0.007434 0.1468 0.007231 0.1981 0.008354 0.2266 0.008442 0.2444 0.009774 0.3862 0.03649 0.818 0.141 0.6199 0.1836 4.58 3.0 190.0
140 0.00273 0.004786 0.003569 0.004068 0.007188 0.003008 0.006514 0.002011 0.007761 0.002781 0.005067 0.002729 0.009652 0.00261 0.03893565 0.08195941 0.3598035 0.07260054 -0.03462004 0.1006061 4.663999 4.0 20179.0
141 0.001054 0.002976 0.004259 0.002629 0.007174 0.001997 0.007334 0.001845 0.01028 0.00242 0.004257 0.002342 0.008142 0.002226 0.0492 0.0215 0.3413 0.09755 0.3146 0.1038 4.686949 2.0 20053.0
142 -0.006577 0.008478 0.002978 0.005753 0.04569 0.005082 0.04467 0.004632 0.03646 0.005621 0.05013 0.00729 0.05772 0.007922 0.09293748 0.1015568 0.299788 0.06265404 0.08496257 0.05822426 4.7025 6.0 1938.0
143 -0.001032 0.003836 0.0009786 0.003525 0.009836 0.002496 0.01113 0.0026 0.01063 0.003426 0.008874 0.003311 0.01501 0.003157 0.04053 0.02432 0.3279 0.08359 0.2907 0.08349 4.7075 2.0 21123.0
144 -0.006364 0.004009 0.002737 0.003674 0.008286 0.003284 0.01273 0.002972 0.01274 0.004331 0.0168 0.004157 0.01053 0.003619 0.05231 0.03296 0.03354 0.16 0.05851 0.1419 4.759999 1.0 22466.0
145 -7.845e-05 0.004913 -0.0002953 0.004444 0.01214 0.003368 0.01299 0.00304 0.01292 0.003752 0.0222 0.003509 0.01869 0.003412 0.02909 0.0214 -0.08634 0.1382 -0.05713 0.1638 4.780999 3.0 22703.0
146 -0.00689 0.006233 0.007706 0.005322 0.06973 0.003965 0.07523 0.002707 0.06931 0.003911 0.07478 0.00361 0.07398 0.004947 -0.03030982 0.08998068 0.1517769 0.08117957 0.6837659 0.09939663 4.819 4.0 129.0
147 -0.006042 0.007072 0.003598 0.006513 0.01307 0.004752 0.03008 0.00325 0.0353 0.004049 0.0364 0.004335 0.04767 0.006025 0.1018122 0.08230255 -0.06566849 0.07325184 0.392859 0.09516764 4.895401 4.0 2825.0
148 -0.004309 0.004272 0.0001928 0.002915 0.005288 0.002579 0.005623 0.001628 0.008255 0.002185 0.007123 0.002199 0.008067 0.002087 -0.03007066 0.09609947 -0.0467885 0.1043285 -0.002733355 0.09248751 4.906651 7.0 20932.0
149 0.005743 0.00429 0.001514 0.003718 0.01 0.002798 0.01352 0.00192 0.01599 0.001791 0.01617 0.002568 0.01733 0.002838 0.01178648 0.08044271 0.01330963 0.08025276 0.2724854 0.1159165 4.9434 4.0 958.0
150 0.003755 0.003688 0.002733 0.003322 0.01463 0.002515 0.01755 0.002271 0.01895 0.002871 0.02047 0.002593 0.02273 0.003126 0.006667 0.0206 0.5105 0.1241 0.5127 0.1247 5.05 3.0 2576.0
151 0.007611 0.006544 0.004971 0.004437 0.02855 0.003815 0.03292 0.00248 0.02762 0.003318 0.02512 0.003289 0.02587 0.004346 -0.008907107 0.108041 -0.1792437 0.1595449 0.005872573 0.1284546 5.1736 7.0 1295.0
152 -0.001029 0.002914 -0.0008682 0.002805 0.002695 0.002101 0.004386 0.001288 0.007833 0.001771 0.00572 0.00163 0.007535 0.001374 0.01007 0.02449 -0.517 0.1771 -0.41 0.1476 5.190000057220459 0.0 23475.0
153 -0.003043 0.01108 0.004595 0.009756 0.01451 0.007241 0.04078 0.005035 0.038 0.007334 0.048 0.00681 0.05543 0.006152 0.1849555 0.1198658 0.5919529 0.1560099 -0.02856637 0.153448 5.1946 4.0 880.0
154 0.0009098 0.003334 0.001698 0.002354 0.004582 0.002058 0.006224 0.001436 0.006212 0.001805 0.004613 0.001814 0.002969 0.001841 0.01750335 0.09084451 -0.04741219 0.1792067 0.02982831 0.1268502 5.235 7.0 22227.0
155 -0.01234 0.01451 0.003352 0.01052 0.0232 0.009324 0.03194 0.006697 0.02376 0.0085 0.02944 0.008626 0.03508 0.008555 -0.02492167 0.1165944 -0.06757843 0.1149277 -0.05026891 0.09083188 5.2445 7.0 22778.0
156 -0.003223 0.004112 0.003038 0.003408 0.00684 0.002747 0.01268 0.003475 0.005844 0.004656 0.01098 0.004318 0.01132 0.004301 -0.07129575 0.07182982 -0.02447032 0.07181128 -0.116791 0.07272699 5.276 5.0 20720.0
157 0.2048 0.01734 1.365 0.01849 9.399 0.01547 19.41 0.01291 22.73 0.021 22.8 0.01888 22.49 0.00897 20.63 0.03184 12.55 0.3533 8.864 0.22 5.302000045776367 0.0 309.0
158 -0.0001045 0.004607 0.002669 0.003607 0.01526 0.002951 0.02117 0.00258 0.01683 0.003334 0.01586 0.003126 0.02006 0.004326 0.09725048 0.0708502 -0.1446451 0.09686127 -0.06621974 0.08917591 5.310751 5.0 1030.0
159 -0.001677 0.002441 0.002242 0.002329 0.002657 0.001723 0.006781 0.001689 0.00513 0.001939 0.005862 0.001945 0.006839 0.001849 -0.0206 0.01986 0.145 0.07765 0.1252 0.1032 5.354852 3.0 20921.0
160 -0.0004758 0.002349 0.001453 0.002195 0.003422 0.001999 0.008164 0.001779 0.008432 0.002659 0.002539 0.002573 0.005388 0.002192 0.009427 0.03032 0.1736 0.1511 0.298 0.1175 5.357502 1.0 22747.0
161 0.002574 0.004603 0.001116 0.004281 0.0355 0.003158 0.06494 0.003329 0.05931 0.004398 0.0592 0.004218 0.06241 0.006418 0.04749 0.02975 0.2484 0.1049 0.2933 0.0897 5.419 2.0 1706.0
162 -0.0008556 0.004911 0.002513 0.004227 0.01075 0.003081 0.01925 0.003165 0.03072 0.004253 0.01923 0.004034 0.02617 0.00506 0.01001 0.02521 -0.02727 0.1273 -0.01723 0.1214 5.426 2.0 1909.0
163 -0.008664 0.003858 0.000741 0.002722 0.007114 0.002412 0.01164 0.001762 0.009371 0.002236 0.006311 0.002229 0.007303 0.002223 -0.07997789 0.1142515 -0.1681618 0.08760978 -0.06566381 0.07082476 5.4383 7.0 20330.0
164 0.0003186 0.002075 0.001055 0.002149 0.005016 0.001557 0.008944 0.001432 0.00917 0.001964 0.009822 0.001822 0.004347 0.001529 -0.01929 0.02221 -0.284 0.3351 -0.1266 0.2346 5.568999767303467 0.0 21430.0
165 -0.001265 0.01281 0.0009437 0.01159 0.00656 0.00852 0.01597 0.006231 0.01706 0.008834 0.01881 0.008411 0.03628 0.008092 -0.08588398 0.09030268 0.08417341 0.07455519 0.3531523 0.08577605 5.5759 4.0 20296.0
166 -0.007203 0.04765 -0.00275 0.02886 0.01351 0.0248 0.04142 0.03077 0.09125 0.03938 0.1028 0.04851 0.2278 0.02255 0.03985633 0.1223471 -0.04110565 0.1257158 -0.04321181 0.1111582 5.5909 6.0 3126.0
167 -0.0002888 0.003884 -5.464e-05 0.002442 0.002839 0.002065 0.006781 0.001821 0.008284 0.002029 0.00555 0.002876 0.007386 0.001888 0.08693884 0.09523625 -0.1800046 0.07634559 -0.1125255 0.06725574 5.59375 6.0 21958.0
168 -0.0003609 0.002364 -0.00201 0.002494 0.004434 0.001884 0.008474 0.001711 0.01018 0.002333 0.01301 0.002077 0.007732 0.001768 -0.03631 0.02698 0.185 0.229 0.2429 0.1639 5.689000129699707 0.0 20697.0
169 0.0005544 0.003688 0.001537 0.003854 0.009591 0.002905 0.02446 0.002623 0.02261 0.003623 0.02567 0.00331 0.024 0.002811 0.05667 0.03195 -0.06769 0.443 0.09813 0.3058 5.694499969482422 0.0 20814.0
170 -0.004703 0.007984 -0.001885 0.00728 0.0167 0.005584 0.03053 0.0049 0.0327 0.006151 0.03233 0.005649 0.02285 0.005509 0.02328 0.02535 -0.1363 0.1366 -0.1825 0.1531 5.70075 3.0 22926.0
171 0.002982 0.00409 -0.001147 0.003737 0.01465 0.00267 0.03111 0.001775 0.02498 0.002688 0.02668 0.002366 0.02718 0.003281 0.0102045 0.08813267 0.1435419 0.06706271 0.1851534 0.07959248 5.7375 4.0 1841.0
172 0.01295 0.01274 0.01506 0.01154 0.02311 0.008735 0.06805 0.008419 0.05072 0.01129 0.04267 0.009663 0.05987 0.009703 -0.0151 0.02683 0.5564 0.1308 0.4088 0.1464 5.7395 3.0 23721.0
173 -0.003373 0.004078 0.00383 0.004003 0.006012 0.002957 0.01462 0.002595 0.01621 0.003506 0.0121 0.003153 0.009043 0.00266 0.06127 0.02822 -0.1778 0.5229 -0.009456 0.428 5.811999797821045 0.0 20674.0
174 0.02597 0.02221 0.02481 0.02128 0.05245 0.01588 0.1186 0.02313 0.1541 0.02654 0.09582 0.02691 0.1818 0.02586 -0.02264 0.03077 -0.685 0.4851 -0.4058 0.6088 5.846 3.0 20312.0
175 0.000987 0.004882 0.00187 0.003861 0.03325 0.003145 0.086 0.002813 0.1058 0.003498 0.1026 0.003434 0.09772 0.004557 0.1517561 0.06553437 -0.02545791 0.07817981 -0.05051796 0.07870699 5.86115 5.0 1779.0
176 -0.005043 0.00599 -0.002512 0.005302 0.003245 0.003982 0.01524 0.002738 0.01491 0.003801 0.02478 0.00372 0.01598 0.003556 0.04499456 0.101627 0.3862661 0.0896576 0.2882003 0.1005526 5.932501 4.0 21480.0
177 -0.003905 0.006034 -0.0002143 0.004845 0.007151 0.003881 0.01882 0.003893 0.02313 0.005079 0.01616 0.004538 0.02201 0.00483 0.03776282 0.08894887 -0.2622838 0.1980437 -0.3350477 0.1456744 5.97235 5.0 20617.0
178 0.001916 0.00549 0.00106 0.005041 0.0153 0.003628 0.04261 0.004695 0.04204 0.006196 0.04224 0.005828 0.03569 0.006587 -0.02746 0.0195 -0.1555 0.1309 -0.1284 0.114 5.996451 2.0 2555.0
179 -0.007572 0.03684 -0.01422 0.03351 0.003921 0.02579 0.2084 0.04542 0.2079 0.05757 0.1638 0.0739 0.2915 0.5078 -0.03367553 0.08160267 -0.2835729 0.09184064 -0.4259606 0.1107834 6.011501 4.0 1431.0
180 0.0007865 0.0045 -0.0001748 0.00432 0.002526 0.00322 0.008733 0.00222 0.01032 0.003109 0.008662 0.002938 0.01005 0.002882 0.03330395 0.07941376 0.009713304 0.06328046 -0.0997256 0.07705744 6.08 4.0 21133.0
181 0.003884 0.01791 -0.008329 0.01384 0.009767 0.01091 0.04283 0.009661 0.05411 0.01229 0.04349 0.01174 0.05514 0.01187 0.05960456 0.09925503 0.09259927 0.1283102 0.04908286 0.1118581 6.172 5.0 20222.0
182 3.832e-05 0.004922 -3.807e-05 0.004145 0.001996 0.003061 0.008971 0.001994 0.009562 0.002795 0.01066 0.002648 0.002517 0.002564 -0.008868828 0.1218365 0.3153163 0.3069957 -0.4422322 0.2111273 6.189999 4.0 23526.0
183 -0.001765 0.004199 0.001272 0.004049 0.01811 0.002951 0.09234 0.003287 0.0907 0.004383 0.08512 0.004184 0.07661 0.004938 0.101 0.0272 0.5294 0.09921 0.5123 0.08743 6.245 2.0 2179.0
184 0.002192 0.01679 0.009369 0.01152 0.005728 0.01016 0.03362 0.005993 0.02889 0.007526 0.02695 0.0074 0.0452 0.01212 -0.2140389 0.1513231 -0.05937513 0.12768 0.03315437 0.1002933 6.2794 7.0 203.0
185 0.0003672 0.004179 0.0003754 0.003858 0.0006396 0.002819 0.01173 0.002498 0.01197 0.003384 0.01265 0.002994 0.01032 0.002539 0.08805 0.0238 -0.166 0.1465 -0.239 0.138 6.294300079345703 0.0 20580.0
186 -0.001566 0.005295 0.0001837 0.004946 0.004732 0.00363 0.04531 0.003191 0.05341 0.00428 0.05153 0.003844 0.04911 0.004439 0.0916 0.03923 0.4353 0.1632 0.3955 0.1518 6.308000087738037 0.0 397.0
187 -0.007169 0.01978 0.0111 0.01563 0.01421 0.01248 0.09833 0.01233 0.06364 0.01495 0.09072 0.0144 0.09111 0.01417 -0.00265582 0.1186267 -0.2473425 0.227777 -0.1250965 0.2492957 6.345051 5.0 22930.0
188 0.001001 0.01038 -0.006718 0.009574 0.005046 0.008479 0.03217 0.007668 0.02602 0.01106 0.02564 0.01079 0.03042 0.009356 -0.04463 0.04168 0.01885 0.1405 0.003533 0.1089 6.356701 1.0 21976.0
189 0.01612 0.01678 0.06251 0.01346 0.03884 0.0104 0.3401 0.009563 0.1758 0.01212 0.207 0.01117 0.2034 0.01856 0.1656893 0.1026526 -0.2139613 0.3372825 -0.1804102 0.1886503 6.360001 5.0 210.0
190 -0.01004 0.0138 -0.002981 0.01095 -0.0001967 0.008535 0.02802 0.007738 0.00805 0.009507 0.01664 0.009312 0.02127 0.009356 -0.09253673 0.07347366 -0.07110875 0.077435 -0.1126205 0.07367482 6.4177 5.0 21033.0
191 0.002376 0.002849 -0.003064 0.002549 -0.001143 0.001989 0.1809 0.003901 0.05082 0.003561 0.02139 0.003074 -0.002473 0.003033 -0.1876 0.02245 -0.3833 0.3175 -0.3338 0.3665 6.435051 3.0 23598.0
192 0.01329 0.01915 0.01885 0.01579 0.006283 0.01249 0.05455 0.01348 0.0697 0.01956 0.01672 0.01684 0.05575 0.01733 -0.06791473 0.07998862 -0.1523599 0.1840322 0.01154101 0.1699411 6.44005 5.0 20471.0
193 -0.002778 0.006225 -0.0005587 0.005856 0.001241 0.005328 0.01661 0.007339 0.02329 0.01071 0.008104 0.0102 0.004936 0.009041 -0.0216 0.03718 -0.2591 0.1288 -0.3782 0.1 6.455001 1.0 23201.0
194 -0.0004291 0.004291 0.002332 0.003417 0.0001336 0.002664 0.01922 0.002448 0.01176 0.003084 0.01106 0.002912 0.0132 0.003718 -0.03681788 0.07012045 -0.006703503 0.08375611 -0.04775626 0.08077561 6.456551 5.0 223.0
195 0.0005854 0.003254 -0.0005978 0.003048 -2.58e-06 0.002212 0.009829 0.0015 0.007126 0.002117 0.00977 0.001985 0.009584 0.001949 -0.008829666 0.08863479 0.1351892 0.08410108 0.02668362 0.09362217 6.46155 4.0 21625.0
196 -0.003537 0.007888 -7.4e-06 0.006989 -0.001703 0.005099 0.0177 0.004507 0.0127 0.005563 0.01469 0.005144 0.01099 0.00505 0.01766 0.02408 0.04895 0.1512 -0.03409 0.1667 6.519 3.0 21789.0
197 -0.02017 0.01167 -0.002312 0.009991 0.001703 0.007613 0.01254 0.00676 0.01114 0.008296 0.02018 0.007662 0.02847 0.007606 0.03308 0.02579 0.2607 0.1095 0.3343 0.09779 6.519 3.0 22454.0
198 -0.007425 0.006737 -0.001186 0.004798 0.000206 0.004234 0.01329 0.0028 0.01251 0.003599 0.01622 0.003589 0.01259 0.003595 0.03157924 0.09581663 -0.05184451 0.1166795 -0.05305135 0.09932142 6.6543 7.0 23077.0
199 0.008693 0.01137 -0.004185 0.008232 0.005026 0.007329 0.041 0.005308 0.04567 0.007068 0.03393 0.006752 0.03892 0.00665 -0.11267 0.1223249 -0.08900838 0.08103796 -0.0003496504 0.0649764 6.662999 7.0 1086.0
200 -0.000119 0.002864 0.004309 0.002665 -0.01455 0.001931 0.02542 0.002081 0.02514 0.002708 0.02663 0.002643 0.02825 0.003276 0.05436 0.02231 0.03358 0.1307 0.1067 0.1359 6.67505 2.0 141.0
201 -0.0005221 0.003101 -0.0002239 0.002937 -0.001861 0.002117 0.003943 0.001974 0.006084 0.002442 0.005343 0.002291 0.007945 0.00224 0.0002612 0.02253 0.1419 0.08228 0.2634 0.1058 6.6811 3.0 21358.0
202 0.0006807 0.004444 -0.002646 0.002844 -0.0008198 0.002389 0.01864 0.002082 0.01781 0.002382 0.02223 0.003303 0.02464 0.002993 0.05744373 0.09582308 -0.01028479 0.05754659 -0.01829282 0.05865695 6.682999 6.0 945.0
203 -0.00221 0.003786 -0.002387 0.003447 -0.0008381 0.002643 0.008356 0.002358 0.006361 0.002933 0.0113 0.002733 0.009485 0.002664 0.009924 0.02167 -0.04144 0.08953 -0.03631 0.1066 6.844001 3.0 22931.0
204 0.002873 0.004306 -0.004001 0.003427 0.001399 0.002746 0.008972 0.00243 0.009449 0.00304 0.01336 0.00294 0.006537 0.002967 -0.03489112 0.07553219 -0.1222191 0.1523259 -0.04513488 0.138293 6.858601 5.0 21275.0
205 -0.06174 0.0269 0.03923 0.02559 -0.04584 0.02283 1230.0 0.37 4.264 0.0661 1.521 0.06064 0.623 0.05168 -0.1241 0.05044 -0.1876 0.3708 -0.3614 0.3153 6.861 1.0 21313.0
206 -0.008143 0.00836 0.0007403 0.005816 -0.003353 0.005087 0.021 0.003483 0.02454 0.004475 0.03521 0.004513 0.03065 0.004484 -0.08731743 0.1263586 0.01823988 0.2182055 0.162101 0.1681952 6.911 7.0 23021.0
207 0.008584 0.01161 -0.007179 0.009281 -0.004787 0.007439 0.02658 0.006793 0.02847 0.008327 0.03052 0.008102 0.03955 0.00817 -0.1278087 0.08808951 -0.07011745 0.1334282 -0.05097871 0.1174177 6.922 5.0 22372.0
208 -0.009424 0.01316 -0.001751 0.009047 -0.0005215 0.007727 0.03676 0.005139 0.04671 0.006774 0.05191 0.006777 0.06031 0.007047 0.02624579 0.1227102 0.03188247 0.1528438 -0.06224417 0.1265103 7.0005 7.0 1580.0
209 0.002809 0.004526 0.003082 0.004253 0.0002175 0.003819 0.009839 0.003423 0.01041 0.005045 0.01562 0.004889 0.007971 0.004229 0.003528 0.0318 -0.03328 0.1092 -0.1073 0.09303 7.00505 1.0 22155.0
210 0.000949 0.002685 -0.001055 0.00246 0.002006 0.002266 0.008732 0.002055 0.01216 0.003048 0.0121 0.00291 0.007084 0.00252 -0.02489 0.03222 -0.209 0.1482 -0.3065 0.1311 7.040051 1.0 20415.0
211 -0.0008964 0.02102 0.002288 0.01503 0.006541 0.01358 0.02955 0.009878 0.03748 0.01321 0.0326 0.01271 0.03509 0.01377 0.01043269 0.09599353 -0.01834231 0.1261217 -0.06079179 0.1210656 7.0644 7.0 22633.0
212 -0.0002465 0.004286 -0.002861 0.003992 -0.004844 0.003602 0.04589 0.0033 0.05656 0.004862 0.05083 0.004706 0.04997 0.006403 -0.01208 0.03916 -0.09046 0.1288 -0.08557 0.107 7.074751 1.0 277.0
213 -0.003841 0.009028 0.009089 0.008596 -0.001573 0.006233 0.01152 0.005447 0.01499 0.007214 0.03174 0.006462 0.03264 0.005887 0.01548 0.02931 0.231 0.1269 0.2495 0.1108 7.0843000411987305 0.0 1028.0
214 0.005293 0.008203 -0.003511 0.007791 -0.003405 0.00711 0.02674 0.009303 0.03587 0.01382 0.03761 0.01333 0.02155 0.01171 0.0244 0.03922 -0.2141 0.1487 -0.2224 0.1245 7.087949 1.0 20224.0
215 -0.001027 0.03041 0.007867 0.02824 0.04601 0.02043 0.1905 0.01974 0.2393 0.02728 0.288 0.02561 0.2622 0.02566 -0.2234007 0.1242899 0.3106158 0.1256633 -0.002495744 0.1296816 7.1505 4.0 23574.0
216 -0.007225 0.008977 0.003869 0.006426 -0.000675 0.005528 0.01552 0.004286 0.02142 0.005101 0.01703 0.005263 0.02261 0.005314 0.06017248 0.1047734 -0.04622851 0.1079605 -0.02882817 0.08524187 7.18415 7.0 22688.0
217 0.003143 0.03034 0.01622 0.02751 0.028 0.01979 0.1952 0.03738 0.3537 0.04633 0.3206 0.04463 0.0953 0.04868 0.06757674 0.08758949 0.1321046 0.07935378 -0.3831927 0.09861191 7.18505 4.0 20674.0
218 0.007886 0.008927 -0.003353 0.00703 0.004354 0.0054 0.0159 0.004852 0.02209 0.006282 0.01992 0.005894 0.02368 0.006062 -0.08838203 0.07505099 -0.1217536 0.07778461 -0.05511213 0.07847625 7.2266 5.0 20498.0
219 -0.0004673 0.004621 -0.004785 0.003296 0.0002713 0.002994 0.008223 0.00208 0.01239 0.002689 0.01309 0.00269 0.01211 0.002675 -0.03573741 0.1066805 0.0 -99.0 0.01364368 0.0813052 7.246999 7.0 21018.0
220 0.0001046 0.006493 0.002344 0.005853 -0.005723 0.005136 0.01608 0.00471 0.01784 0.006807 0.03118 0.006628 0.02135 0.005749 -0.05709 0.04706 -0.04807 0.1058 -0.1783 0.09283 7.33995 1.0 20784.0
221 0.01066 0.02345 -0.0003314 0.01782 -0.001398 0.01428 0.05106 0.01696 0.07418 0.02234 0.07267 0.02142 0.07283 0.0215 -0.08937603 0.09580062 -0.479974 0.2753047 -0.1861054 0.2516057 7.360001 5.0 21816.0
222 0.003142 0.01029 -0.001851 0.009539 -0.002448 0.007158 0.009262 0.006253 0.01911 0.008336 0.02441 0.00741 0.03459 0.006317 0.026 0.0251 0.1237 0.174 0.1817 0.1506 7.430200099945068 0.0 22853.0
223 0.01493 0.01318 -0.009631 0.01045 -0.0009744 0.008272 0.01626 0.00747 0.01919 0.009291 0.04499 0.009032 0.02853 0.009144 0.03809642 0.07727814 -0.08649746 0.09332188 -0.1231395 0.08972166 7.494001 5.0 21002.0
224 -0.005571 0.01348 0.008127 0.01164 0.008511 0.008508 0.02592 0.008505 0.04026 0.01134 0.0482 0.01108 0.05138 0.007661 -0.0009619 0.0179 0.008904 0.1101 -0.09553 0.1081 7.497 2.0 1589.0
225 -0.005379 0.004532 -0.002196 0.003605 -0.0004202 0.002829 0.007887 0.002524 0.01325 0.00323 0.0169 0.003043 0.01314 0.00312 0.09105978 0.06091649 -0.03685116 0.08350095 -0.0635326 0.07599574 7.50505 5.0 20607.0
226 0.002021 0.005247 0.0001997 0.003793 0.001801 0.003415 0.01377 0.002349 0.02434 0.003009 0.01896 0.002989 0.02411 0.00355 0.05537978 0.0978744 -0.01226395 0.1238928 0.02147255 0.1125654 7.577501 7.0 2142.0
227 0.003358 0.00732 -0.001011 0.004663 0.001107 0.004107 0.005782 0.002748 0.01162 0.003511 0.01157 0.003532 0.01396 0.003536 0.01190192 0.1057178 0.0 -99.0 0.0 -99.0 7.579 7.0 20217.0
228 -0.0006838 0.002524 -0.000473 0.002338 -0.002742 0.002114 0.02772 0.002874 0.05116 0.004306 0.04744 0.004141 0.04178 0.005538 0.05562 0.02821 0.2291 0.3813 0.2108 0.3026 7.5884 1.0 2264.0
229 0.00196 0.0103 0.005844 0.00753 0.004172 0.006611 0.02973 0.006902 0.05816 0.009515 0.0463 0.008766 0.05076 0.00925 0.09943441 0.1139266 -0.3005804 0.2494579 0.02472403 0.1767581 7.625 7.0 1999.0
230 0.0005709 0.0034 0.002275 0.003479 -0.001376 0.002596 0.007454 0.002394 0.01597 0.003537 0.01795 0.002893 0.01703 0.003045 0.02231 0.03061 -0.1081 0.1932 -0.156 0.1792 7.6570000648498535 0.0 409.0
231 0.04338 0.01328 -0.02419 0.009695 0.009449 0.007755 0.01942 0.006839 0.04141 0.008737 0.04229 0.008338 0.03222 0.00853 -0.05808008 0.08657879 -0.01913914 0.1149689 -0.0459457 0.09958499 7.703249 5.0 22253.0
232 -0.005906 0.01409 0.005005 0.009523 -0.0006421 0.008551 0.01173 0.005665 0.02077 0.007279 0.03438 0.007441 0.02209 0.007294 -0.04529038 0.1042036 -0.06043171 0.09184851 -0.03872289 0.08386211 7.732 7.0 20579.0
233 0.001466 0.02195 0.02053 0.0151 0.007032 0.01297 0.08383 0.01782 0.1623 0.02499 0.2386 0.02808 0.2241 0.01484 0.01031544 0.1086385 0.4128512 0.07739841 0.2899946 0.06460003 7.804501 6.0 841.0
234 0.002023 0.004419 -0.002944 0.003539 0.0008959 0.002822 0.005924 0.002494 0.01335 0.003088 0.01315 0.003016 0.01467 0.003078 0.09459086 0.07750139 -0.06927723 0.07598478 0.004813832 0.07853334 7.810051 5.0 20854.0
235 6.688e-05 0.006473 -0.001539 0.006477 -0.007592 0.00477 0.02717 0.004514 0.06445 0.005902 0.08875 0.005431 0.09203 0.005439 0.0608 0.03703 -0.05482 0.3008 0.1378 0.2585 7.826900005340576 0.0 2345.0
236 -0.003025 0.0154 0.008244 0.01329 0.00829 0.009611 0.02241 0.009666 0.05154 0.01275 0.04762 0.0123 0.05061 0.01149 0.05816 0.028 -0.1753 0.1028 -0.05041 0.09459 7.837101 2.0 22248.0
237 0.001684 0.008145 0.003877 0.007686 0.001903 0.007028 0.00911 0.009557 0.04257 0.01375 0.01495 0.01343 0.0142 0.01183 0.028 0.02889 0.002868 0.1044 0.01207 0.07996 8.003 1.0 23325.0
238 0.006214 0.00665 0.003104 0.006096 0.001289 0.004595 0.01534 0.005867 0.1902 0.008138 0.0158 0.00829 0.02126 0.007638 0.005798362 0.009630498 0.03850599 0.03589064 -0.1135579 0.040008 8.02 4.0 23297.0
239 -0.0007632 0.002706 0.0003314 0.002309 -0.000181 0.001636 0.003606 0.001734 0.008801 0.002282 0.01199 0.00222 0.009747 0.002074 0.008455 0.022 -0.1291 0.2172 -0.07621 0.1688 8.0298 2.0 21169.0
240 0.001857 0.002413 0.0005529 0.002239 -0.0003994 0.001688 0.009491 0.002581 0.2144 0.003155 0.02227 0.003388 0.01867 0.003362 -0.03609107 0.06230422 -0.01769947 0.08513586 0.3847422 0.09258711 8.034998 4.0 23283.0
241 0.001363 0.00282 0.004228 0.002622 0.003009 0.001923 0.006027 0.001634 0.02008 0.002072 0.01683 0.00195 0.01693 0.00244 0.003794 0.01994 -0.1555 0.1105 -0.03934 0.1093 8.038 3.0 2245.0
242 0.003543 0.006746 0.0002914 0.005061 -0.001245 0.004103 0.004366 0.003577 0.009911 0.004404 0.01537 0.004303 0.006674 0.00443 0.0266657 0.06945185 -0.1058672 0.08319361 -0.1104443 0.07680062 8.038498 5.0 22628.0
243 8.989e-05 0.003182 -0.001054 0.003025 9.046e-05 0.002214 0.004338 0.002406 0.02201 0.003248 0.02506 0.003113 0.03438 0.005273 0.02968 0.02297 0.8755 0.2843 0.6677 0.2146 8.10075 2.0 1997.0
244 -0.003523 0.002555 -0.0007769 0.002117 -1.945e-05 0.002103 -0.1682 0.001923 0.05775 0.003262 1.026 0.006363 0.001571 0.002409 0.01908 0.02614 1.412 4.37 1.798 7.768 8.110003 1.0 20062.0
245 -0.01582 0.02249 0.0212 0.01556 -0.01592 0.0131 0.01057 0.008698 0.03436 0.01125 0.03292 0.01134 0.03697 0.01132 0.08698629 0.1020656 -0.1891922 0.09370358 -0.05259656 0.07847717 8.2 7.0 22577.0
246 -0.007486 0.0101 0.005069 0.009496 -0.05886 0.006957 0.01197 0.01017 0.04878 0.0142 0.04814 0.01336 0.04498 0.0124 0.06014 0.02743 -0.43 0.2191 -0.02328 0.2196 8.246901 2.0 20139.0
247 -0.002261 0.006637 0.0006296 0.005521 -0.002721 0.004472 0.008125 0.004188 0.02006 0.005205 0.03109 0.005071 0.01814 0.005058 -0.02787569 0.06151675 0.01769398 0.1022252 -0.04284309 0.103053 8.279998 5.0 21879.0
248 0.002299 0.00543 0.004649 0.005462 0.0001545 0.004098 0.02292 0.003628 0.08681 0.004953 0.1044 0.004444 0.1031 0.005879 0.1103 0.03941 0.08756 0.1402 0.2602 0.132 8.293399810791016 0.0 2264.0
249 -0.001052 0.004132 0.001643 0.004196 0.0007279 0.0031 0.01578 0.002734 0.06236 0.003761 0.06926 0.003371 0.05998 0.003839 0.113 0.03901 -0.03214 0.1298 0.05677 0.1225 8.319999694824219 0.0 2036.0
250 -0.005169 0.006916 -0.006895 0.006191 -0.0008007 0.005549 0.0075 0.004983 0.01159 0.007331 0.0261 0.007146 0.02031 0.006179 -0.007249 0.032 -0.04005 0.1718 -0.0338 0.145 8.34165 1.0 20996.0
251 0.00103 0.006631 -0.004691 0.006356 0.004172 0.004606 0.00724 0.004969 0.02582 0.00668 0.03281 0.006401 0.02826 0.006017 -0.03525 0.03059 -0.1682 0.1255 -0.1866 0.1228 8.3594 2.0 22746.0
252 -0.0007898 0.00379 0.004851 0.003676 0.001934 0.002678 0.001926 0.002874 0.02384 0.0039 0.02679 0.003692 0.012 0.00355 0.08919 0.02542 -0.06901 2.051 -1.016 1.431 8.382 2.0 22524.0
253 0.005778 0.005494 0.00895 0.003896 0.004964 0.003365 73.59 0.03502 -0.1983 0.00737 0.3449 0.008059 0.02663 0.005304 -0.2541046 0.2145087 -0.3440283 0.3730233 -0.03473866 0.2611946 8.38505 7.0 23093.0
254 -0.01313 0.01649 -0.001573 0.01384 0.02155 0.01123 0.04437 0.01437 0.2176 0.01836 0.2209 0.01765 0.2408 0.01539 0.07064459 0.09419224 -0.1751283 0.1506891 -0.1112413 0.1108876 8.39 5.0 674.0
255 -0.001118 0.003779 -0.002059 0.004032 0.00114 0.00299 0.003034 0.002843 0.01174 0.003804 0.01631 0.003402 0.01307 0.002892 0.007823 0.02641 0.1251 0.1233 0.1034 0.1253 8.460000038146973 0.0 20236.0
256 0.002072 0.005123 0.002008 0.004932 0.001361 0.003609 0.002811 0.002504 0.00731 0.003517 0.01881 0.003316 0.008032 0.003251 -0.005797107 0.0838201 0.1849858 0.09486853 -0.1427206 0.1022792 8.619303 4.0 21222.0
257 -0.005983 0.01332 0.003812 0.01258 0.00173 0.01355 -0.05377 0.01205 0.01409 0.01788 0.0174 0.01718 0.01587 0.01493 0.01163 0.01903 -0.007957 0.3758 -0.1955 0.392 8.674448 1.0 23281.0
258 0.003025 0.01405 0.02253 0.0131 0.03562 0.009379 -0.2431 0.01088 0.1828 0.01471 0.1776 0.01427 0.2427 0.01329 -2.218 0.04234 0.2478 0.1045 0.4261 0.1016 8.71175 2.0 538.0
259 0.00854 0.005252 0.0002147 0.003603 -0.001949 0.003101 -0.002341 0.00293 0.04021 0.004065 0.0452 0.003724 0.04934 0.004915 0.03418799 0.1082967 0.0 -99.0 0.0 -99.0 8.85 7.0 2138.0
260 0.01708 0.008489 0.0143 0.006135 0.0207 0.005372 -0.03475 0.006614 0.0977 0.00798 0.07459 0.007712 0.05067 0.009572 -0.02270881 0.1058045 0.0 -99.0 0.0 -99.0 8.85 7.0 2232.0
261 -0.009451 0.01117 -0.0002898 0.007419 0.001729 0.006526 -0.004685 0.008102 0.003601 0.007744 0.1593 0.0142 0.006598 0.007984 -0.07468984 0.1085797 0.1156896 0.0555893 0.5574746 0.05575515 8.88 6.0 20502.0
262 0.007575 0.006933 0.01036 0.00645 0.02023 0.00467 -0.04455 0.004634 0.04527 0.006623 0.05748 0.006133 0.04774 0.009954 0.0568199 0.0844233 0.004167432 0.04986501 -0.2540407 0.0669222 8.914997 4.0 297.0
263 0.4886 0.006754 1.543 0.005942 1.558 0.003451 -0.003058 0.001896 -0.1291 0.002142 -0.05046 0.003015 0.1713 0.005986 -10.15341 0.1642956 6.560338 12.14083 0.1650032 6.444766 8.951 6.0 1136.0
264 -0.009591 0.01087 0.04326 0.01031 0.04066 0.007409 -0.2395 0.007496 0.07983 0.009121 0.1054 0.009839 0.104 0.01583 0.02399517 0.09830382 0.01164637 0.05379414 -0.3955346 0.07217748 8.958797 4.0 274.0
265 0.00703 0.02197 -0.009985 0.01922 -0.007099 0.01421 0.00554 0.009656 0.006556 0.01368 -0.001532 0.013 0.05689 0.0125 -0.05082893 0.1429833 -0.1351531 0.2212527 0.03630153 0.2315376 9.05395 4.0 20680.0
266 -0.001247 0.01547 0.004275 0.01366 2.055e-05 0.01013 0.0003165 0.006874 0.003956 0.007275 -0.00791 0.009379 0.03447 0.00639 0.01267375 0.086531 0.502299 0.06157795 0.3192883 0.08291101 9.1072 4.0 262.0
267 0.01841 0.02592 -0.00351 0.02328 0.02093 0.01632 -0.003388 0.008134 -0.0002595 0.01469 0.009093 0.01091 0.04771 0.007481 -0.05489562 0.09370357 0.1889735 0.08266882 -0.04528386 0.09534837 9.1399 4.0 2520.0
268 0.001042 0.01445 0.004885 0.01248 0.001958 0.009214 0.002412 0.006169 -0.0002233 0.005745 0.0113 0.008302 0.04181 0.006239 0.0406641 0.1035095 -0.3463918 0.2163096 -0.2025924 0.192093 9.17415 4.0 906.0
269 -0.0008025 0.003264 0.002266 0.002834 0.0003841 0.002128 -0.0009373 0.001786 0.00468 0.002236 0.007712 0.002059 0.01252 0.002079 0.004915 0.0212 0.02811 0.108 0.1379 0.1321 9.215 3.0 1664.0
270 0.000483 0.003579 0.0008065 0.003094 0.002258 0.002267 -0.000335 0.0022 0.005691 0.002965 0.005184 0.002947 0.01092 0.002453 -0.03852 0.02194 -0.06747 0.1089 -0.07644 0.104 9.509001 2.0 2543.0
271 -0.01531 0.01731 0.006803 0.01291 -0.009876 0.01037 0.03489 0.02332 0.05838 0.02495 0.07812 0.02703 0.1212 0.01496 0.06302369 0.06921101 0.02132574 0.1574396 -0.04222562 0.1390557 9.539998 5.0 2092.0
272 0.0004505 0.00881 -0.00133 0.005357 0.001106 0.004685 -0.002384 0.004119 0.06615 0.004658 0.1441 0.006668 0.1893 0.005751 0.07132546 0.1141324 0.1592073 0.07503986 0.4422314 0.0655514 9.559999 6.0 2876.0
273 -0.001207 0.01281 0.001537 0.008466 -0.00056 0.007518 7.14e-05 0.005345 0.01557 0.006766 0.01246 0.007074 0.02839 0.005476 -0.06822522 0.1062028 -0.02312254 0.09713145 -0.03551629 0.08200146 9.5734 7.0 94.0
274 -0.006528 0.008127 0.005519 0.007198 -0.002586 0.005282 0.002181 0.003479 0.01375 0.004626 0.03291 0.004659 0.0436 0.005629 -0.1783704 0.09819124 1.68414 0.4205004 -0.2492552 0.4314357 9.65855 4.0 775.0
275 -0.001278 0.004577 0.001381 0.004425 0.003834 0.003136 0.001918 0.002579 0.009565 0.003481 0.02064 0.003147 0.03566 0.004812 -0.027 0.04185 0.05454 0.1357 0.1504 0.1236 9.874199867248535 0.0 1040.0
276 0.002151 0.005983 -0.001506 0.006003 0.005042 0.004503 -0.003346 0.00559 0.007336 0.007581 0.0003533 0.00666 0.03802 0.01023 0.06884 0.03119 0.04179 0.1254 0.07278 0.1225 9.892999649047852 0.0 990.0
277 0.002397 0.005519 0.00103 0.004963 -0.0007661 0.004426 0.002495 0.004361 0.003329 0.006308 0.006195 0.006028 0.01714 0.005021 -0.04086 0.02813 0.06999 0.1564 -0.0309 0.5368 9.893003 1.0 2240.0
278 -0.003841 0.0179 -0.01124 0.01577 0.007437 0.01667 0.0306 0.01541 0.01182 0.02217 0.02682 0.02047 0.11 0.01643 -0.03386 0.02622 0.2517 0.1681 0.1125 0.1439 9.893003 1.0 2273.0
279 0.004276 0.008221 0.0007419 0.007626 -0.004151 0.005637 0.002883 0.00428 -0.01775 0.006933 0.02914 0.005862 0.05573 0.006414 0.05542225 0.3236224 -1.766729 0.9772999 -1.95749 0.6866733 9.900048 4.0 1162.0
280 -0.001285 0.009767 -0.0104 0.009 0.005923 0.006615 0.003891 0.006916 7.27e-05 0.009334 0.03434 0.0089 0.04526 0.008025 -0.03947 0.02762 0.02844 0.1255 0.2286 0.1199 9.922647 2.0 226.0
281 -0.01421 0.01748 -0.01688 0.01609 0.02106 0.01451 0.01248 0.01264 0.02785 0.01861 0.002768 0.01794 0.1042 0.0123 0.006454 0.03498 0.01747 0.1724 -0.0792 0.1563 9.946496 1.0 990.0
282 -0.004447 0.01659 0.009796 0.01534 0.01716 0.01137 0.001937 0.012 -0.007611 0.01625 0.05627 0.01535 0.06437 0.008942 0.01623 0.02656 0.04148 0.0942 -0.02981 0.1043 9.96635 2.0 396.0
283 0.005897 0.01679 0.001451 0.01547 -0.001132 0.01162 0.000199 0.009886 0.008987 0.0129 0.01797 0.01317 0.04195 0.01286 -0.08566353 0.07701819 0.1112099 0.06237676 -0.1687031 0.08091572 9.970898 4.0 21908.0
284 0.009194 0.01491 0.01065 0.0141 -0.01824 0.01002 -0.03152 0.00694 -0.03318 0.01076 0.003746 0.009281 0.05982 0.007906 -0.1334829 0.09919922 0.005893918 0.0972406 0.06814843 0.1020814 9.987495 4.0 1733.0
285 0.2283 0.008718 1.179 0.01187 2.029 0.005553 -0.04769 0.003251 0.1927 0.005128 0.7374 0.004326 1.167 0.004906 3.21285 0.1653325 274.4275 106.8143 119.6475 54.93471 9.987495 4.0 1999.0
286 0.0193 0.04312 0.008634 0.02833 0.006508 0.02177 0.0001387 0.01394 0.004926 0.01572 0.07637 0.02222 0.1286 0.011 0.04044968 0.1428297 -0.2093704 0.7995279 -0.219898 0.6088346 9.987495 6.0 1678.0
287 0.02502 0.0289 -0.006039 0.01729 -0.001955 0.01461 0.03336 0.02374 -0.01207 0.02529 0.05985 0.03722 0.1006 0.02297 -0.09523991 0.08556638 0.04805319 0.05469609 -0.08249124 0.0476668 9.987495 6.0 2939.0
288 -0.0009288 0.005495 0.002802 0.003292 0.001146 0.002833 -0.0009945 0.003549 0.001643 0.00431 0.005841 0.005552 0.01729 0.007141 -0.03005982 0.0785915 -0.05205356 0.07453833 -0.06917093 0.07024118 9.987495 6.0 3139.0
289 -0.007303 0.008745 -0.004832 0.009288 0.004971 0.006573 -0.001471 0.005928 0.0003533 0.008097 0.009683 0.007352 0.02535 0.006044 -0.03905 0.02807 -0.1686 0.2084 -0.06408 0.1724 9.987500190734863 0.0 1104.0
