#ID b_B435 b_errB435 b_V606 b_errV606 b_I814 b_errI814 b_Y105 b_errY105 b_J125 b_errJ125 b_JH140 b_errJH140 b_H160 b_errH160 b_Ks b_errKs b_CH1 b_errCH1 b_CH2 b_errCH2 ZBEST
1 0.0003362 0.01271 0.002846 0.009351 0.007966 0.008314 0.02321 0.00889 0.01791 0.0114 0.02774 0.0114 0.04242 0.01128 -0.02018153 0.1312385 -0.1716342 0.08065976 -0.06706207 0.06585108 0.01
2 0.004408 0.007127 0.007768 0.005075 0.01297 0.004527 0.01981 0.003104 0.01979 0.003976 0.02038 0.003969 0.01998 0.004005 -0.04522999 0.1071118 -0.1006935 0.07860594 -0.07109421 0.07052028 0.041
3 42.64 0.07665 147.2 0.1766 313.7 0.08796 468.4 0.05645 529.6 0.08348 569.3 0.0789 620.1 0.04453 573.1 0.02665 243.5 4.127 159.8 2.561 0.0665
4 -0.0009657 0.005245 0.003592 0.003777 0.005656 0.003305 0.01084 0.002278 0.01325 0.002939 0.01354 0.002955 0.01217 0.002926 -0.05008587 0.1001755 -0.08529172 0.08105357 -0.0260403 0.07403789 0.1245
5 0.01879 0.01158 0.2036 0.01004 0.4074 0.007211 0.7223 0.009645 0.8412 0.01322 0.8117 0.01241 0.9645 0.01336 1.188 0.04466 0.4414 0.1373 0.1913 0.1075 0.173
6 0.1057 0.00816 0.1983 0.006705 0.2423 0.005112 0.2554 0.004507 0.2476 0.005591 0.2576 0.005481 0.2571 0.00676 0.1805971 0.08865475 0.01821079 0.1020819 -0.004589365 0.1000342 0.2225
7 0.003148 0.004243 0.02195 0.004198 0.03934 0.003041 0.05188 0.002669 0.06436 0.003649 0.05985 0.003264 0.05469 0.003914 0.1998 0.03963 -0.1456 0.203 -0.1304 0.1769 0.24500000476837158
8 -0.00023 0.002059 0.002726 0.00208 0.006222 0.001529 0.006366 0.001339 0.006801 0.001828 0.01168 0.001631 0.005418 0.001368 -0.02538 0.02309 -0.069 0.09921 0.05432 0.09511 0.26750001311302185
9 0.0134 0.007865 0.08869 0.007472 0.1773 0.005635 0.2323 0.004788 0.2515 0.006572 0.2787 0.005905 0.2673 0.006032 0.3235 0.04047 0.001829 0.1326 -0.06152 0.1229 0.2759000062942505
10 0.01114 0.005404 0.07624 0.005298 0.1502 0.003826 0.1901 0.004224 0.221 0.005693 0.2208 0.005451 0.2392 0.006308 0.3532 0.02859 0.124 0.1625 0.03356 0.1492 0.33
11 0.0334 0.00438 0.0766 0.004191 0.1 0.003819 0.1155 0.003502 0.1179 0.005508 0.131 0.004954 0.1313 0.005631 0.1941 0.04268 0.01559 0.1097 -0.07028 0.09845 0.3598
12 0.9302 0.01322 2.149 0.01299 3.656 0.0122 4.568 0.0101 5.159 0.01499 5.632 0.01469 6.077 0.01216 8.531 0.06122 4.585 0.2278 3.875 0.1545 0.365
13 0.3015 0.0141 2.337 0.01378 5.759 0.009786 8.658 0.01101 10.98 0.01595 12.56 0.01554 14.28 0.01105 22.04 0.03353 11.56 0.3439 9.075 0.2427 0.4012
14 0.01286 0.009192 0.1129 0.0087 0.2432 0.006203 0.3303 0.00547 0.3636 0.006881 0.3904 0.006322 0.4254 0.008103 0.4628 0.03453 0.1698 0.1009 0.1019 0.1301 0.45
15 0.04885 0.01534 0.5236 0.01283 1.51 0.01015 2.409 0.009202 2.884 0.01156 3.229 0.01153 3.611 0.01033 4.679169 0.09975846 2.607079 0.1538646 3.72315 0.1268326 0.474
16 0.0729 0.01092 0.3792 0.01111 0.8577 0.008343 1.202 0.007263 1.403 0.01023 1.493 0.009232 1.622 0.008292 1.971 0.04144 1.229 0.4241 0.8857 0.2776 0.4740000069141388
17 0.2026 0.01169 0.3353 0.01113 0.4586 0.007978 0.5512 0.008909 0.7015 0.01191 0.7453 0.0114 0.8656 0.02109 1.031 0.05837 1.223 0.1804 0.9475 0.1703 0.487
18 0.1424 0.02899 1.263 0.02798 3.958 0.01975 7.094 0.01103 9.012 0.01229 10.4 0.01471 12.19 0.01306 16.21581 0.1504872 10.58631 0.4170421 9.434037 0.3230818 0.4945
19 0.05551 0.008121 0.3707 0.007971 1.017 0.00561 1.518 0.006308 1.929 0.008786 2.267 0.008823 2.635 0.006756 4.185 0.02861 2.41 0.1202 1.988 0.104 0.54195
20 0.008431 0.005977 0.03321 0.005157 0.06862 0.003712 0.1002 0.003822 0.1041 0.004996 0.1182 0.004853 0.1301 0.005745 0.1143 0.03087 0.1236 0.08579 0.05476 0.08256 0.55
21 0.1318 0.02974 1.26 0.01999 4.027 0.01678 6.252 0.01194 7.836 0.01281 9.302 0.02043 10.53 0.01006 14.51788 0.1609716 11.66311 0.1190712 7.9643 0.08404673 0.5508999824523926
22 0.006628 0.005131 0.01414 0.004106 0.02253 0.003165 0.01521 0.002809 0.01212 0.003524 0.01675 0.003392 0.01685 0.00342 0.03847628 0.08197423 -0.01906594 0.09151082 -0.02136258 0.08455251 0.565
23 0.08887 0.008476 0.2258 0.008249 0.4132 0.005585 0.4813 0.005267 0.5207 0.006217 0.5447 0.006203 0.5652 0.006758 0.5707 0.03087 0.4904 0.09954 0.3219 0.1261 0.58
24 0.01135 0.01053 0.01897 0.007552 0.03829 0.006546 0.03415 0.004301 0.02657 0.005488 0.02358 0.005477 0.0371 0.006426 0.02371594 0.1036787 -0.09474424 0.08496603 -0.03080279 0.07875635 0.61545
25 0.02318 0.007362 0.0275 0.005267 0.04979 0.004675 0.05953 0.00316 0.05971 0.004097 0.06061 0.004018 0.06296 0.006462 0.03506998 0.1076001 0.00194292 0.08271221 -0.03758314 0.07499891 0.74445
26 0.02256 0.01075 0.05335 0.009878 0.1665 0.006994 0.2669 0.004732 0.3428 0.006312 0.3546 0.006303 0.4247 0.008944 0.5432386 0.1312829 0.3496622 0.07807569 0.3035187 0.09982384 0.80375
27 0.004639 0.003037 0.005362 0.002519 0.01063 0.002441 0.01046 0.001468 0.0113 0.002182 0.005955 0.00207 0.009064 0.001794 0.04678 0.02897 -0.04915 0.1696 -0.0338 0.1456 0.8085
28 0.005566 0.007345 0.02144 0.004827 0.05693 0.004149 0.08092 0.003618 0.09839 0.004067 0.1149 0.005783 0.1204 0.005064 0.1812438 0.112858 0.2507405 0.1252829 0.203176 0.09525514 0.886
29 -0.002886 0.008668 0.0009199 0.007791 0.008859 0.005746 0.01441 0.005477 0.02041 0.007785 0.02973 0.007519 0.0184 0.007127 -0.0006777286 0.07536375 0.1582143 0.06500975 -0.3085018 0.09599067 0.9335
30 0.5579 0.0236 0.6605 0.0156 1.364 0.01377 1.701 0.00916 1.868 0.01195 1.95 0.01152 2.033 0.01405 2.276485 0.1964309 2.567389 0.1422199 2.000036 0.1265896 0.9468
31 0.04578 0.005876 0.05133 0.005728 0.09614 0.004211 0.1393 0.005097 0.1473 0.005983 0.1593 0.005817 0.1737 0.006954 0.2832 0.02897 0.1891 0.1062 0.2117 0.1427 1.00775
32 0.0525 0.005916 0.06419 0.005722 0.1132 0.004132 0.1544 0.003706 0.1687 0.005327 0.1813 0.004575 0.1718 0.005184 0.2388 0.04152 0.1863 0.162 0.04445 0.154 1.0099999904632568
33 0.02937 0.005736 0.02759 0.003746 0.04598 0.003136 0.06238 0.002007 0.06683 0.002726 0.06414 0.002641 0.06683 0.003003 0.1185245 0.1239555 0.125616 0.2449812 0.244552 0.2107159 1.055
34 0.2955 0.009493 0.3992 0.008716 0.7497 0.008137 1.191 0.007069 1.395 0.01047 1.577 0.01022 1.666 0.008806 2.658 0.0446 3.035 0.4426 2.317 0.2792 1.08205
35 0.3496 0.009372 0.3926 0.008018 0.6885 0.004783 1.024 0.003049 1.12 0.003991 1.258 0.004099 1.318 0.003869 1.255456 0.1104703 1.388216 0.424749 0.6015924 0.3551696 1.151
36 0.01075 0.004836 0.01209 0.003333 0.01636 0.002932 0.0182 0.002008 0.01179 0.002544 0.01676 0.002565 0.01875 0.003042 0.06685556 0.1044609 -0.002750611 0.09621981 0.06671783 0.08338019 1.155
37 0.03 0.008344 0.03671 0.007332 0.0581 0.005326 0.09371 0.00363 0.09581 0.00574 0.1068 0.004935 0.121 0.008453 0.08392242 0.1078952 -0.1677647 0.05918603 0.2683121 0.0790253 1.1625
38 0.0117 0.003848 0.009385 0.002381 0.01208 0.001997 0.0176 0.002555 0.01177 0.002857 0.01721 0.00396 0.02418 0.003749 -0.0001944042 0.09196637 0.02503191 0.1124354 -0.04780738 0.09782367 1.173
39 -0.003461 0.006237 0.004985 0.004562 0.004963 0.004019 0.01319 0.002705 0.01956 0.003516 0.01882 0.003521 0.01298 0.003494 0.02708567 0.1131235 0.0 -99.0 -0.06622462 0.2171782 1.3115
40 0.01515 0.007965 0.01897 0.00528 0.02504 0.004503 0.04257 0.004014 0.04509 0.004509 0.04065 0.006502 0.05272 0.005564 0.01966546 0.1611451 -0.5978214 0.3522666 0.04626516 0.2449587 1.3235
41 0.1537 0.006417 0.1411 0.00563 0.1482 0.003934 0.2057 0.004162 0.2022 0.005496 0.1766 0.00528 0.214 0.006358 0.1624 0.02966 0.2839 0.09374 -0.003547 0.08683 1.3265
42 0.1827 0.00716 0.184 0.006245 0.2356 0.00432 0.4027 0.004639 0.4173 0.006189 0.3424 0.005873 0.4111 0.006176 0.4084 0.02811 0.3919 0.1449 0.4264 0.1276 1.3478
43 0.3254 0.01554 0.4252 0.01486 0.7867 0.01051 1.583 0.01035 2.004 0.01246 2.282 0.01362 2.751 0.01518 3.508949 0.137571 5.702038 0.1003808 5.867383 0.1062733 1.38
44 0.713 0.01907 0.7857 0.01355 1.148 0.01121 1.971 0.008042 2.172 0.01129 2.374 0.009986 2.791 0.009323 3.14807 0.1450102 3.817565 0.1192453 4.428038 0.08909654 1.4073
45 0.01012 0.004243 0.005885 0.003338 0.007626 0.002703 0.01736 0.002449 0.01719 0.003054 0.02362 0.002903 0.01752 0.003081 0.06832565 0.07522041 0.02206398 0.1007534 0.1239189 0.0946328 1.43
46 -0.004694 0.01169 0.002474 0.00839 0.01049 0.007222 0.03763 0.004836 0.05032 0.006665 0.05076 0.006496 0.05496 0.006679 0.003179543 0.1315958 -0.07614754 0.132383 -0.02611428 0.1112517 1.44615
47 0.00249 0.00326 0.003015 0.003299 0.001316 0.002339 0.007273 0.002184 0.008685 0.002945 0.008221 0.002652 0.006074 0.002245 -0.02888 0.02581 0.01858 0.1039 0.05794 0.1013 1.5135999917984009
48 0.2613 0.007758 0.2807 0.006329 0.2944 0.00483 0.4082 0.006543 0.6995 0.008221 0.6084 0.008244 0.3584 0.009268 0.3390894 0.08419354 0.398242 0.07508121 0.270991 0.07500254 1.565
49 0.04967 0.006731 0.03703 0.003937 0.03752 0.003227 0.05066 0.002766 0.05452 0.003111 0.06696 0.004381 0.06168 0.003966 0.01782101 0.1094454 0.2277125 0.2094588 0.3048598 0.145652 1.565
50 0.2031 0.02225 0.2765 0.02014 0.2222 0.01485 0.3509 0.01308 0.455 0.0176 0.3946 0.01568 0.5683 0.01573 0.402 0.0626 1.088 0.2509 1.026 0.2115 1.5861999988555908
51 1.188 0.01561 1.46 0.01411 2.108 0.009808 3.871 0.01145 5.047 0.01588 5.241 0.01514 5.597 0.01381 7.112 0.04671 8.48 0.2262 9.07 0.2054 1.624
52 0.02922 0.009788 0.07493 0.008664 0.07005 0.006125 0.1017 0.004473 0.1377 0.005619 0.1455 0.00519 0.1543 0.007017 0.1519 0.0316 -0.04414 0.4716 -0.2163 0.4435 1.645
53 0.00217 0.002486 0.002651 0.002482 0.003781 0.001805 0.004566 0.001596 0.00561 0.002161 0.008128 0.00194 0.004216 0.001644 0.005321 0.02255 0.07247 0.09748 0.1718 0.09982 1.7209999561309814
54 0.01742 0.006078 0.02115 0.00565 0.0203 0.00503 0.03109 0.004477 0.04639 0.006564 0.04651 0.006409 0.04167 0.006424 0.01686 0.03616 0.007744 0.1377 0.0516 0.1025 1.7595
55 0.02223 0.004982 0.01919 0.004101 0.02582 0.003272 0.02884 0.002996 0.04177 0.003736 0.03754 0.00362 0.04121 0.008338 0.005891223 0.07939605 0.007440189 0.1601043 -0.03159893 0.1204173 1.7685
56 -0.00258 0.007463 0.004434 0.005394 0.004282 0.004671 0.01321 0.003089 0.02426 0.004329 0.02243 0.004178 0.02855 0.005608 -0.02240327 0.1284361 0.0101258 0.1416537 -0.01601286 0.1192983 1.7785
57 0.007478 0.003848 0.01063 0.003752 0.004693 0.002643 0.01099 0.002378 0.01706 0.003276 0.01929 0.002943 0.01626 0.002371 0.05074 0.0247 0.07064 0.1103 0.009215 0.1016 1.8250000476837158
58 0.00785 0.006037 0.007001 0.005169 0.01228 0.003868 0.02187 0.003327 0.03903 0.004157 0.0387 0.003879 0.04289 0.006545 -0.01307 0.02449 0.1936 0.09636 0.2543 0.1105 1.875
59 0.009149 0.003381 0.01235 0.00311 0.009898 0.002236 0.008982 0.002332 0.01301 0.00309 0.01363 0.002957 0.01098 0.002797 0.06483 0.02632 0.1676 0.1339 0.1059 0.08294 1.89005
60 0.0004167 0.003924 0.004323 0.003391 0.004578 0.002477 0.005885 0.002518 0.004766 0.00333 0.009643 0.003223 0.009216 0.003041 -0.007102 0.01743 -0.06597 0.1218 -0.04852 0.1197 1.92
61 0.01555 0.009682 0.01005 0.005775 0.01564 0.004941 0.02466 0.006159 0.02553 0.007253 0.05633 0.009659 0.04421 0.008124 0.0523507 0.09160686 -0.1075085 0.1620233 0.2096198 0.09547488 2.02
62 0.0358 0.01028 0.03339 0.00658 0.04314 0.005662 0.05212 0.003972 0.05712 0.004498 0.08701 0.006363 0.07787 0.005557 0.03373398 0.1107395 0.09259126 0.05523139 -0.09093519 0.05604173 2.036
63 0.02055 0.002927 0.02233 0.002869 0.01932 0.002013 0.01873 0.001961 0.02462 0.002252 0.02636 0.002173 0.02638 0.002956 0.01109 0.02047 -0.1494 0.09116 -0.08137 0.1265 2.054999
64 0.007658 0.004309 0.01171 0.003737 0.01042 0.002671 0.008521 0.002691 0.01342 0.003596 0.01149 0.003452 0.00689 0.003249 0.06623 0.02684 0.1627 0.1686 0.1498 0.1618 2.065
65 0.002621 0.005783 0.01744 0.005059 0.02794 0.004981 0.03219 0.00379 0.03245 0.005522 0.03076 0.005323 0.03754 0.006033 0.02534 0.03566 0.07281 0.1995 0.05825 0.1512 2.164999
66 0.01495 0.002747 0.01713 0.002529 0.01531 0.002266 0.0137 0.001988 0.02186 0.002953 0.02306 0.002838 0.02723 0.003753 -0.009427 0.03412 0.06297 0.1351 0.04699 0.1056 2.2325
67 0.00887 0.01183 0.01384 0.008366 0.01812 0.007387 0.01256 0.005081 0.03085 0.006623 0.0345 0.006607 0.04314 0.006589 0.07110287 0.1237118 0.01677283 0.10461 -0.02026805 0.09356752 2.25
68 0.04102 0.006868 0.05567 0.006419 0.06251 0.004612 0.05313 0.004041 0.08042 0.005055 0.1025 0.00468 0.1045 0.007344 0.08746 0.02917 0.03616 0.1276 0.1176 0.1542 2.258999
69 0.009093 0.003403 0.01133 0.002718 0.01014 0.002134 0.007409 0.001912 0.01081 0.002425 0.01275 0.002307 0.01308 0.002459 0.04960171 0.07215708 -0.1047159 0.1271149 -0.05764294 0.1211536 2.27055
70 0.01076 0.00611 0.006049 0.003906 0.007697 0.003412 0.01563 0.003083 0.01668 0.003455 0.03209 0.004971 0.03508 0.004214 0.1636883 0.1118866 0.2463814 0.09140133 0.1392625 0.07657944 2.296
71 0.04856 0.01008 0.03502 0.007186 0.04268 0.006208 0.01302 0.006369 0.02141 0.008137 0.025 0.00812 0.06308 0.009202 0.07421244 0.1303306 0.1014125 0.1983289 0.0925123 0.1652097 2.3315
72 0.01076 0.01174 0.02998 0.008071 0.02203 0.006988 0.01426 0.004665 0.02062 0.006036 0.02931 0.006015 0.02686 0.00534 0.06153832 0.1054527 -0.07372843 0.09111932 0.01969939 0.0843414 2.3385
73 0.164 0.009748 0.1305 0.005909 0.1324 0.004864 0.1074 0.004213 0.1127 0.005182 0.1573 0.006707 0.1816 0.006397 0.1624983 0.1166938 0.1508201 0.1492867 0.1636873 0.1228938 2.341499
74 0.02351 0.00344 0.02294 0.003104 0.02914 0.002237 0.01957 0.002371 0.02504 0.003172 0.03008 0.003077 0.04524 0.004195 -0.02937 0.02307 0.1941 0.1838 0.2785 0.2104 2.42
75 0.007556 0.005565 0.007502 0.005139 0.01146 0.003815 0.01225 0.003257 0.01286 0.004365 0.01642 0.003924 0.01828 0.003324 0.04461 0.02685 -0.02329 0.1695 0.04286 0.1348 2.476900100708008
76 0.008969 0.004895 0.01598 0.004222 0.03416 0.003111 0.04058 0.002677 0.05404 0.00336 0.07952 0.004206 0.07722 0.004277 0.1217 0.02347 0.257 0.07416 0.3437 0.09312 2.485
77 0.1972 0.006232 0.1882 0.005267 0.1726 0.003559 0.1836 0.005771 0.2208 0.00757 0.3474 0.007517 0.4819 0.007952 0.956 0.02686 0.943 0.1159 1.09 0.101 2.5015
78 0.07446 0.01143 0.1084 0.007449 0.1343 0.006375 0.1475 0.004236 0.1947 0.005539 0.2457 0.005395 0.3598 0.006625 0.4394151 0.1394025 0.2409924 0.08166853 0.3163058 0.06705857 2.5015
79 0.05648 0.01048 0.0722 0.006343 0.08811 0.005428 0.08357 0.00484 0.1106 0.006078 0.1474 0.007676 0.1883 0.009189 0.2149248 0.1366135 0.2952072 0.09213899 0.1456456 0.06667366 2.534
80 0.004137 0.004924 0.01153 0.004614 0.02888 0.003482 0.03655 0.003048 0.03447 0.004038 0.03449 0.003661 0.03358 0.003668 0.07069 0.03785 0.01364 0.1176 0.06612 0.1109 2.6322999000549316
81 0.01728 0.005984 0.02242 0.005691 0.02216 0.004233 0.02442 0.003804 0.02435 0.004722 0.02836 0.004409 0.04405 0.006117 0.0249 0.02885 -0.05791 0.07625 -0.02716 0.1014 2.674999
82 0.009573 0.00417 0.01782 0.003777 0.01394 0.002634 0.01982 0.002504 0.0179 0.002861 0.02804 0.002891 0.03645 0.003245 0.02741 0.02272 0.09816 0.3236 -0.1789 0.3949 2.7011
83 0.006078 0.006663 0.01342 0.004394 0.01532 0.003805 0.01262 0.002539 0.01294 0.003235 0.01892 0.003233 0.02393 0.003457 0.06250893 0.1209745 -0.1462239 0.08418182 -0.1594743 0.07072023 2.705
84 0.01402 0.01002 0.04712 0.006897 0.04048 0.005805 0.02384 0.002919 0.03361 0.003866 0.04114 0.003849 0.05335 0.00581 0.07116085 0.1252928 -0.1020527 0.1167108 -0.05461892 0.09929966 2.748
85 0.007045 0.0054 0.02122 0.004725 0.0182 0.003408 0.01783 0.002384 0.01414 0.003013 0.02928 0.003204 0.02817 0.004767 0.03180538 0.08693932 -0.2055244 0.08324035 0.3414207 0.1047885 2.773
86 0.007902 0.006378 0.01389 0.004814 0.009192 0.00418 0.008727 0.002334 0.009007 0.002952 0.01184 0.002976 0.01371 0.002957 -0.06614473 0.09166214 0.01404193 0.1502745 0.005779057 0.128263 2.7823
87 0.007425 0.003953 0.01076 0.002941 0.01139 0.002554 0.009652 0.001821 0.008444 0.002367 0.01148 0.002289 0.01345 0.003531 0.08422261 0.1143458 -0.08854148 0.08101222 -0.008064766 0.0662455 2.797
88 0.03516 0.006101 0.05585 0.004104 0.05565 0.002755 0.04238 0.00166 0.03648 0.001858 0.04952 0.002663 0.0531 0.001647 -0.2363607 0.1040994 -0.00684895 0.1957546 0.09082976 0.1602503 2.8
89 0.003931 0.00525 0.008357 0.00334 0.01001 0.00277 0.01033 0.002345 0.004785 0.002703 0.01139 0.003761 0.01092 0.003417 -0.01656455 0.08931014 0.07510749 0.07250415 -0.0007702975 0.07080352 2.82
90 0.007107 0.004773 0.009095 0.004419 0.01222 0.003194 0.01141 0.002183 0.009433 0.003801 0.01283 0.002919 0.01909 0.003866 -0.2498601 0.1074247 -0.06070645 0.1035149 -1.039806 0.1076162 2.865
91 0.0116 0.00262 0.02654 0.00226 0.02166 0.001507 0.0181 0.001171 0.01706 0.001607 0.02029 0.00147 0.02235 0.001044 0.02187 0.024 0.182 0.4131 -0.06906 0.3808 3.0722999572753906
92 0.008473 0.004029 0.01981 0.003521 0.01479 0.002493 0.01238 0.002167 0.01528 0.002687 0.01591 0.002497 0.02322 0.002987 0.05488 0.0206 0.3021 0.1106 0.3456 0.144 3.088999
93 0.0003653 0.004051 0.003305 0.003883 0.005717 0.002868 0.006365 0.001939 0.006493 0.002709 0.00761 0.002575 0.01348 0.002519 0.0228931 0.08832479 0.125083 0.1105632 0.120205 0.1114195 3.14
94 0.06046 0.04731 0.1484 0.04169 0.2567 0.03046 0.3622 0.02055 1.257 0.03444 1.435 0.02758 2.344 0.05163 2.93435 0.8453234 1.513106 0.4786448 3.121649 0.398809 3.14295
95 0.132 0.01163 0.3879 0.01089 0.6434 0.0099 0.7012 0.008663 0.7516 0.01269 0.864 0.01261 1.065 0.02108 1.655 0.06203 1.589 0.2121 1.586 0.1578 3.1752
96 -0.0005903 0.002308 0.001946 0.002098 0.004047 0.001857 0.01168 0.001885 0.006639 0.002574 0.01157 0.002728 0.01496 0.003139 -0.03708 0.03145 0.117 0.1836 0.08131 0.1412 3.19
97 0.001513 0.003667 0.005735 0.002868 0.0067 0.002464 0.00804 0.0026 0.004247 0.003673 0.008298 0.003282 0.009413 0.003125 0.06576969 0.09804139 0.0 -99.0 -0.01665353 0.06998899 3.1955
98 -0.0003001 0.003537 0.005231 0.003626 0.006524 0.002705 0.008361 0.00242 0.00916 0.003285 0.009202 0.002944 0.01591 0.004996 0.04936 0.02831 -0.07852 0.1393 -0.191 0.1321 3.2904999256134033
99 0.05001 0.005161 0.1074 0.005338 0.1336 0.003676 0.1247 0.003321 0.1345 0.004179 0.135 0.003828 0.163 0.004611 0.4402 0.0262 0.1404 0.08798 0.2738 0.1116 3.321899
100 0.01585 0.00677 0.04543 0.005187 0.05124 0.004072 0.0428 0.003555 0.05077 0.00442 0.04572 0.004301 0.05602 0.006962 0.1900038 0.07754707 0.118681 0.1681408 0.003706608 0.1409751 3.336899
101 0.001981 0.003457 0.01128 0.003221 0.01098 0.00286 0.01015 0.00251 0.01263 0.003677 0.006064 0.003547 0.01231 0.003101 0.04341 0.03065 -0.006338 0.1615 -0.06914 0.1421 3.46155
102 0.001375 0.003621 0.01043 0.003284 0.01663 0.002963 0.006049 0.002543 0.01166 0.003705 0.01354 0.003583 0.01335 0.003123 0.007541 0.02819 0.01568 0.1096 -0.02838 0.09556 3.4705
103 -0.001279 0.003623 0.002565 0.003152 0.007768 0.002314 0.006656 0.002314 0.009101 0.003045 0.01358 0.002995 0.01433 0.002694 0.0404 0.02368 0.001643 0.09058 0.01098 0.08608 3.485651
104 0.01545 0.003006 0.0107 0.002673 0.01054 0.002456 0.01153 0.00311 0.01519 0.004556 0.01991 0.004449 0.01607 0.003781 0.345 0.0304 -0.04659 0.1608 0.03111 0.1429 3.538
105 -0.0001617 0.00443 0.01519 0.004279 0.009338 0.003819 0.007308 0.003227 0.01293 0.004758 0.01453 0.004639 0.009855 0.003947 0.05273 0.03038 -0.01154 0.09926 0.001864 0.08645 3.544
106 0.001085 0.001809 0.003104 0.0017 0.004032 0.001256 0.004332 0.001108 0.002622 0.001366 0.004445 0.001277 0.004579 0.001243 0.03208 0.01716 -0.2905 0.286 -0.3265 0.3499 3.561599
107 0.002416 0.003651 0.01206 0.003477 0.01598 0.002567 0.02114 0.0022 0.0201 0.002951 0.02216 0.002664 0.02235 0.002895 0.06167 0.03103 0.07374 0.1677 0.03575 0.1557 3.5727999210357666
108 0.002635 0.006982 0.01921 0.006743 0.02029 0.006106 0.02752 0.00666 0.02881 0.009375 0.03285 0.009379 0.01337 0.008515 0.04715 0.03215 -0.02225 0.2216 0.1244 0.1822 3.583
109 0.002268 0.006957 0.01638 0.004969 0.02222 0.004304 0.01808 0.002974 0.01373 0.003827 0.01609 0.003812 0.01917 0.003804 0.06689279 0.1109839 -0.05219088 0.1135207 -0.04526013 0.09756856 3.6215
110 0.002025 0.003897 0.01519 0.003691 0.01459 0.002693 0.01435 0.002327 0.01416 0.003155 0.01301 0.002843 0.01012 0.00239 0.02734 0.02957 -0.07725 0.1085 -0.01391 0.1031 3.623300075531006
111 -0.001528 0.003065 0.005433 0.002819 0.01108 0.002061 0.01517 0.001485 0.01922 0.002025 0.02277 0.00193 0.02267 0.00196 0.05819 0.02552 0.07001 0.103 -0.09015 0.09527 3.670499
112 -4.4e-05 0.002591 0.003381 0.002478 0.004878 0.00182 0.004901 0.001549 0.005011 0.002112 0.005788 0.001885 0.00548 0.001597 -0.0229 0.02434 -0.007449 0.1095 0.03893 0.1041 3.7188000679016113
113 -0.005811 0.005339 0.03085 0.005262 0.05522 0.0038 0.06377 0.003205 0.06749 0.004313 0.08161 0.00394 0.07865 0.004506 0.1778 0.0388 0.3167 0.205 0.266 0.1582 3.8299999237060547
114 0.007865 0.004642 0.007029 0.00276 0.01369 0.002374 0.01584 0.002072 0.01456 0.002653 0.02051 0.003225 0.02551 0.004979 0.06147663 0.08999056 0.1853297 0.05367066 -0.006424182 0.0509608 3.8575
115 0.006247 0.007078 0.02169 0.006366 0.03989 0.004669 0.02993 0.004278 0.02616 0.005017 0.03764 0.004817 0.02773 0.005503 0.0432 0.02179 -0.4091 0.254 -0.4995 0.3028 3.8745
116 -0.002758 0.006304 0.008162 0.004235 0.01154 0.003711 0.01269 0.002343 0.006875 0.003245 0.01148 0.003157 0.01103 0.002994 0.090126 0.1123737 0.01235205 0.141597 -0.1037854 0.1383679 3.93
117 -0.001772 0.004518 0.003192 0.002826 0.006721 0.002397 0.005759 0.001997 0.005132 0.002283 0.006879 0.003243 0.01373 0.0025 0.2186048 0.09712417 0.1516809 0.07545879 -0.07827982 0.06671344 3.932
118 0.002144 0.007445 0.01467 0.006023 0.0276 0.004687 0.04092 0.009248 0.03551 0.01203 0.05568 0.009944 0.07572 0.01572 0.1155653 0.08902951 0.68006 0.1943645 0.6578178 0.1515648 3.9415
119 0.001419 0.001584 0.0009474 0.00147 0.004315 0.001094 0.005013 0.001198 0.005058 0.001601 0.008885 0.001485 0.01243 0.002593 0.07258 0.01539 0.6637 0.8676 0.2589 0.5692 3.9524
120 0.002126 0.00353 0.01943 0.003449 0.0279 0.002418 0.01904 0.002109 0.01677 0.002646 0.01756 0.002427 0.01654 0.002671 0.004487 0.02054 0.02492 0.1066 0.1176 0.1349 3.9715
121 0.003442 0.005652 0.02837 0.005751 0.06013 0.00422 0.07071 0.003686 0.07978 0.005018 0.07921 0.004493 0.08772 0.005772 0.1925 0.03936 0.09437 0.1294 0.0388 0.1292 4.016499996185303
122 0.008426 0.0104 0.1082 0.009555 0.2808 0.006846 0.4342 0.004763 0.5012 0.00631 0.545 0.006532 0.6581 0.007432 0.5415821 0.2302221 0.5001677 0.1854762 0.9102675 0.172451 4.0415
123 0.004685 0.004417 0.006533 0.004251 0.01586 0.003164 0.01561 0.00197 0.01654 0.002709 0.0161 0.002426 0.01828 0.002594 0.06889 0.0339 -0.2223 0.466 -0.2261 0.3275 4.074999809265137
124 -0.0003907 0.006914 0.04194 0.006924 0.09467 0.004991 0.09045 0.004381 0.1044 0.005954 0.09786 0.005331 0.1049 0.006365 0.2695 0.04489 -0.5419 0.7396 -0.307 0.5024 4.088699817657471
125 -0.008742 0.007482 0.01408 0.006084 0.01753 0.004858 0.03109 0.004469 0.02668 0.005595 0.02551 0.005306 0.02265 0.005559 -0.02509235 0.07842937 0.00783979 0.1748831 0.04253004 0.1523052 4.106
126 0.004347 0.003686 0.002481 0.003137 0.003663 0.002244 0.006683 0.002059 0.007286 0.002336 0.008147 0.00237 0.008675 0.002284 0.06334 0.02005 0.02782 0.0925 -0.03472 0.112 4.1277
127 0.0008067 0.003382 0.007058 0.0031 0.01114 0.002764 0.01153 0.002423 0.01321 0.003568 0.01122 0.003433 0.01029 0.002725 0.01457 0.02515 0.2478 0.1022 0.09852 0.08634 4.15
128 -0.00204 0.004403 0.003397 0.003897 0.008146 0.002884 0.01085 0.002014 0.01126 0.002122 0.01433 0.002725 0.01793 0.003563 0.06224462 0.1301917 0.1036197 0.1360257 0.02470321 0.1279292 4.1576
129 -0.0005221 0.004794 0.002158 0.00288 0.009049 0.002435 0.01247 0.00203 0.01239 0.002327 0.01663 0.003268 0.01687 0.002605 0.07096647 0.08879618 0.04947502 0.08605036 0.1208733 0.07594144 4.167
130 -0.002437 0.005927 0.02049 0.005215 0.03951 0.003801 0.03532 0.002571 0.02663 0.003375 0.03364 0.003427 0.03062 0.004066 0.2005558 0.09145816 -0.06539396 0.06765534 0.5772874 0.09464229 4.175
131 -0.0005624 0.003402 0.002739 0.003432 0.00864 0.002588 0.008384 0.002324 0.009627 0.003133 0.00936 0.002825 0.01343 0.002371 0.01935 0.02733 -0.1543 0.2249 -0.1053 0.2075 4.176599979400635
132 -0.002055 0.003775 0.03952 0.00376 0.05995 0.002593 0.05351 0.002382 0.04418 0.002957 0.03908 0.002682 0.03356 0.003654 0.06797 0.02356 -0.1236 0.09768 -0.1513 0.1254 4.18715
133 -0.003059 0.004813 0.006722 0.003682 0.01551 0.002871 0.01552 0.002582 0.008966 0.003199 0.01414 0.003072 0.0179 0.004374 0.06840895 0.07196331 -0.01063933 0.08704145 -0.02468124 0.08024517 4.241999
134 0.003245 0.004841 0.05767 0.004509 0.1195 0.003153 0.1113 0.003333 0.1062 0.004408 0.1087 0.004222 0.108 0.007074 0.08524 0.03075 0.3576 0.08753 0.2585 0.08972 4.268999
135 -0.000338 0.006074 0.001871 0.003939 0.005406 0.0032 0.008233 0.00204 0.008627 0.002262 0.007709 0.003193 0.01207 0.003164 0.2388763 0.09518278 -0.05868863 0.07441179 0.01669241 0.06643581 4.297
136 -0.001322 0.007624 0.08278 0.005932 0.2006 0.00474 0.2042 0.004011 0.1963 0.005018 0.1934 0.004878 0.2111 0.006419 0.4314602 0.0864841 0.5167758 0.1125033 0.5370573 0.1040717 4.305001
137 -0.003256 0.006321 0.004369 0.004527 0.01242 0.003974 0.01038 0.002643 0.007256 0.003413 0.008398 0.003419 0.01203 0.003389 0.026365 0.1051516 -0.06613649 0.108711 -0.05606556 0.08475122 4.362
138 -0.0006184 0.003147 0.0002556 0.002041 0.001979 0.001733 0.004569 0.00151 0.004589 0.001707 0.008822 0.002419 0.0107 0.002045 -0.01338313 0.08718748 0.1845039 0.08431657 0.1626281 0.06126643 4.410501
139 -0.0009122 0.00402 0.01249 0.003762 0.03227 0.002696 0.03527 0.002368 0.03483 0.002941 0.033 0.002708 0.03355 0.005295 0.0004068 0.02091 0.03351 0.1092 -0.03562 0.1116 4.475001
140 -0.000263 0.002832 0.001168 0.00258 0.0009902 0.002365 0.003949 0.002166 0.007285 0.003247 0.005965 0.003126 0.01121 0.002681 0.06873 0.03264 0.1416 0.1032 0.1453 0.09511 4.482
141 -0.003973 0.004165 0.0005585 0.003861 0.02629 0.003635 0.03738 0.003237 0.04085 0.004761 0.03995 0.004584 0.04935 0.005582 0.1507 0.038 -0.1534 0.1744 -0.1745 0.1548 4.591
142 -0.0001146 0.005565 0.0006396 0.003369 0.006859 0.002945 0.008156 0.002476 0.0102 0.00281 0.009817 0.004021 0.01518 0.003496 0.0336599 0.08843156 0.3269324 0.1590216 0.001103407 0.1328913 4.63955
143 0.0182 0.005955 0.006585 0.005436 0.06218 0.003992 0.01547 0.005155 0.02844 0.007038 0.01927 0.007009 0.02258 0.00621 0.06084 0.02978 0.436 0.2035 -0.05642 0.2089 4.7025
144 0.001708 0.003433 0.002333 0.003195 0.01433 0.002416 0.01089 0.002225 0.01181 0.00255 0.01101 0.002583 0.008067 0.002435 0.03533 0.02257 0.04154 0.06959 -0.01637 0.09221 4.707999
145 0.00175 0.002292 0.001782 0.001991 0.005173 0.001434 0.008572 0.00147 0.007172 0.001944 0.008157 0.001933 0.008058 0.001797 0.0476 0.02169 0.09697 0.1052 0.129 0.09611 4.782849
146 -0.004263 0.004581 0.004545 0.003814 0.01767 0.002831 0.01684 0.002087 0.01574 0.002775 0.01378 0.002654 0.01421 0.003249 -0.003319 0.02333 0.09433 0.09179 0.07799 0.08921 4.8012
147 -0.003196 0.00514 -0.0003248 0.003094 0.008375 0.002762 0.0108 0.002327 0.01213 0.002603 0.01531 0.003658 0.01688 0.003771 0.04838348 0.08568995 0.4213131 0.08199088 -0.0222891 0.06521565 4.850001
148 0.01062 0.00832 0.01349 0.006347 0.06312 0.005151 0.06883 0.004517 0.05258 0.005647 0.06434 0.00549 0.05883 0.008209 0.07025234 0.07476913 0.02502169 0.0968374 0.1030024 0.08896741 4.943
149 -0.006556 0.01002 0.001047 0.0101 0.05679 0.007417 0.06328 0.006701 0.07678 0.009211 0.07243 0.008123 0.07837 0.008419 0.08066 0.03194 0.2495 0.1287 0.1612 0.1246 4.965000152587891
150 0.006399 0.003609 0.01415 0.003388 0.03192 0.002492 0.0367 0.00241 0.04349 0.002824 0.03986 0.002803 0.0398 0.003621 0.04675 0.02275 1.026 0.08032 1.13 0.108 4.968
151 0.001134 0.002373 0.0006124 0.001553 0.003669 0.001324 0.005325 0.001149 0.006949 0.001425 0.007984 0.001826 0.007621 0.001268 0.01149213 0.09120117 0.2245037 0.05929661 0.01406898 0.05414004 5.0274
152 0.0004733 0.002665 0.002932 0.002342 0.003794 0.0017 0.004468 0.001717 0.006449 0.002271 0.006739 0.002223 0.005023 0.002065 -0.02244 0.02296 0.1285 0.08336 0.233 0.0817 5.029999
153 -0.001574 0.004996 0.004638 0.004356 0.01777 0.003186 0.02952 0.002111 0.03173 0.003398 0.03021 0.002846 0.03961 0.006998 -0.006210852 0.1000184 0.2631041 0.113484 0.4081697 0.1156058 5.0482
154 0.002448 0.004821 -5.794e-05 0.003814 0.01139 0.002993 0.01308 0.002637 0.01774 0.00327 0.01428 0.003178 0.01299 0.003189 0.1542914 0.08336493 -0.1328127 0.1696773 -0.07459787 0.1187395 5.095401
155 0.001667 0.003383 0.001771 0.003338 0.01111 0.002472 0.0115 0.002213 0.01296 0.002983 0.009099 0.002673 0.00841 0.002254 0.01127 0.027 -0.01169 0.09859 0.02914 0.09828 5.107999801635742
156 -0.04839 0.02259 0.01046 0.01504 0.04949 0.01339 0.07379 0.01269 0.08107 0.01629 0.07597 0.01641 0.1058 0.0169 -0.02258496 0.1352056 0.03442761 0.1716132 0.1580808 0.123416 5.1366
157 0.007405 0.004102 0.009367 0.003956 0.01255 0.002927 0.0241 0.00267 0.02446 0.003333 0.02271 0.003025 0.02696 0.004097 0.0357 0.02285 0.2156 0.07076 0.2606 0.09606 5.1419
158 0.0001002 0.00324 0.001219 0.002988 0.005573 0.002186 0.007468 0.001833 0.008198 0.002471 0.006066 0.00222 0.003261 0.001893 0.03885 0.02487 0.08252 0.1217 -0.01713 0.1126 5.177999973297119
159 -0.006176 0.02705 -0.01138 0.02036 0.04449 0.01658 0.05839 0.014 0.04011 0.0175 0.03292 0.01689 0.0316 0.01693 -0.0168535 0.07007375 0.136695 0.1219273 0.1340747 0.09620416 5.18615
160 -0.01203 0.01196 0.01114 0.01141 0.01557 0.01023 0.02462 0.009196 0.0511 0.01341 0.04295 0.01286 0.04717 0.01124 0.06435 0.03927 0.3759 0.3467 0.51 0.2874 5.233299
161 0.004276 0.009011 -0.005258 0.008248 -0.02598 0.005979 0.0185 0.006716 0.04336 0.008993 0.03446 0.008783 0.02249 0.008056 0.1306 0.02844 0.07518 0.3586 0.07862 0.3882 5.288999
162 -0.001187 0.003666 0.004014 0.003437 0.01062 0.003143 0.01794 0.00272 0.02637 0.004011 0.01697 0.00385 0.02428 0.005232 -0.0508 0.03487 0.06404 0.1048 0.1442 0.08771 5.311451
163 -0.006496 0.008931 0.006672 0.006409 0.01505 0.004862 0.02228 0.004251 0.02078 0.005205 0.01759 0.005046 0.009422 0.005218 0.01324067 0.06834716 0.01722302 0.1318085 -0.134586 0.1155036 5.32
164 0.0005747 0.002476 0.002632 0.002341 0.004584 0.001677 0.005407 0.001706 0.009256 0.00225 0.01193 0.002173 0.007708 0.002016 -0.01107 0.02103 0.3492 0.09148 0.4846 0.08889 5.3825
165 -0.0003869 0.008893 0.002338 0.008241 0.01032 0.006164 0.01683 0.00437 0.01684 0.00592 0.03038 0.005658 0.01802 0.005679 -0.009169776 0.08289076 0.2740068 0.1000083 0.4928179 0.1059215 5.4215
166 -0.008664 0.003858 0.000741 0.002722 0.007114 0.002412 0.01164 0.001762 0.009371 0.002236 0.006311 0.002229 0.007303 0.002223 -0.07997789 0.1142515 -0.1681618 0.08760978 -0.06566381 0.07082476 5.4383
167 -0.004162 0.003672 0.00379 0.003158 0.002972 0.003153 0.006995 0.001941 0.008774 0.002849 0.008988 0.002764 0.007321 0.002397 -0.006245 0.02982 0.4714 0.2918 0.5103 0.202 5.4879
168 0.005928 0.007181 0.004511 0.006599 0.0159 0.004982 0.02518 0.004409 0.02528 0.00555 0.02309 0.00503 0.02011 0.004981 -0.02287 0.02562 -0.2682 0.2084 -0.2956 0.2444 5.52565
169 -0.0006986 0.03851 0.02689 0.03423 0.1849 0.02535 0.4684 0.01767 0.4797 0.02732 0.5094 0.02402 0.5652 0.01688 0.6450224 0.1928757 2.017898 0.1720166 0.4939075 0.1646117 5.535001
170 0.00785 0.006127 0.001035 0.004151 0.01356 0.003625 0.03253 0.002422 0.03424 0.003283 0.03444 0.003249 0.03597 0.004852 0.1059148 0.1160956 0.1576031 0.1206617 0.5351629 0.09971097 5.535001
171 -0.0008943 0.002967 0.0005463 0.001928 -0.0004712 0.001618 -0.0004039 0.002615 -0.001578 0.002226 0.2077 0.005877 0.003423 0.002361 0.0300421 0.1298895 -0.1266146 0.2155791 0.0220271 0.1624039 5.551551
172 0.0006346 0.004244 0.001395 0.003816 0.003315 0.003426 0.008447 0.003152 0.009993 0.004601 0.007291 0.004434 0.008773 0.003841 0.006055 0.02922 0.1551 0.1483 0.08816 0.1284 5.559
173 -0.001023 0.005889 0.003579 0.003843 0.0262 0.003315 0.05448 0.002813 0.043 0.003197 0.05095 0.004475 0.05044 0.004174 0.04841876 0.1131307 0.1154076 0.06830991 0.1473067 0.06018966 5.614001
174 -0.004558 0.01116 0.005465 0.007889 0.09771 0.007124 0.2137 0.004981 0.2287 0.006479 0.2307 0.006383 0.2582 0.00887 0.130452 0.1333853 0.0 -99.0 0.4883531 0.1547164 5.64015
175 0.0008859 0.009757 -0.001587 0.009287 0.01477 0.008524 0.03316 0.007688 0.01108 0.01121 0.03669 0.01085 0.03784 0.009416 0.008306 0.03342 0.01222 0.2383 -0.07618 0.1796 5.7195
176 -0.0004587 0.00488 -0.0002118 0.003141 0.008641 0.00274 0.02465 0.00254 0.02363 0.002815 0.02071 0.004198 0.02125 0.002626 0.005211961 0.09232776 0.1851864 0.05692351 -0.006069872 0.05062605 5.745
177 -0.0005158 0.003678 0.002765 0.002472 0.001811 0.002206 -0.001991 0.001891 -0.0009393 0.002146 0.393 0.004054 0.0001523 0.002002 0.03823013 0.1206929 0.4024148 0.2032543 0.1513831 0.1240989 5.7575
178 -0.003685 0.006077 0.002701 0.004138 0.006708 0.003548 0.01675 0.003194 0.01964 0.004271 0.01056 0.005031 0.01102 0.003607 -0.007753377 0.101211 0.05894079 0.1310035 -0.004661642 0.09620466 5.865
179 -0.001761 0.004307 0.001165 0.003878 0.003103 0.002788 0.001495 0.001884 0.004529 0.002663 0.01494 0.002532 0.01303 0.002441 0.06084811 0.07991756 0.03064072 0.1193621 0.08772233 0.1540552 5.925
180 0.02788 0.01711 0.03856 0.01521 0.04944 0.01111 0.1355 0.0213 0.171 0.02414 0.1648 0.02745 0.1545 0.04451 -0.0626 0.03269 -0.08713 0.1436 0.1905 0.1587 5.955502
181 0.004492 0.01431 0.001538 0.0103 0.008646 0.009026 0.02716 0.006481 0.04123 0.009011 0.01784 0.008417 0.0248 0.008283 0.05355328 0.1122943 -0.1950028 0.2336753 -0.1182052 0.1327763 6.025
182 -0.00202 0.009835 0.0005493 0.007122 0.03061 0.006429 0.1085 0.004583 0.109 0.005921 0.1118 0.005857 0.1133 0.008713 -0.07936791 0.1389535 0.1894436 0.1264004 0.1120778 0.1009602 6.05105
183 0.00141 0.00275 0.001444 0.002548 0.0008368 0.001793 0.01253 0.001881 0.01119 0.002463 0.009238 0.002382 0.01266 0.003263 0.0368 0.02025 0.2093 0.1042 0.2615 0.08855 6.065
184 -0.001008 0.002717 -0.002789 0.00287 0.003317 0.002097 0.01119 0.001921 0.008278 0.002597 0.01213 0.002321 0.01022 0.001978 0.001234 0.02523 0.08207 0.1158 0.05555 0.1144 6.100500106811523
185 0.001736 0.004008 -0.0006722 0.003838 0.003351 0.003498 0.01356 0.003358 0.01164 0.00489 0.02234 0.004715 0.01944 0.004452 0.009664 0.03106 0.1448 0.1267 0.1566 0.09754 6.128249
186 0.002667 0.01792 -0.00331 0.01673 0.02633 0.01528 0.1015 0.01532 0.1163 0.02432 0.1164 0.02173 0.1081 0.01908 0.03725 0.05322 -0.12 0.1618 -0.08825 0.1504 6.171
187 -0.001923 0.003121 -0.00126 0.003098 0.00238 0.002276 0.0105 0.002037 0.01009 0.002748 0.01202 0.002481 0.009957 0.002113 -0.001653 0.02566 0.2034 0.1745 0.08125 0.154 6.171000003814697
188 0.005661 0.006099 0.004137 0.004643 0.01619 0.003686 0.07571 0.005413 0.06345 0.005637 0.06718 0.006636 0.06266 0.01122 0.09259259 0.07280394 0.1546103 0.09628835 0.1551036 0.08932863 6.215
189 0.001162 0.005574 0.000596 0.005181 0.001268 0.003694 0.008996 0.003147 0.006074 0.004254 0.01472 0.003815 0.01375 0.003267 -0.01942 0.03399 -0.07551 0.3089 -0.1066 0.2497 6.255000114440918
190 -0.004321 0.00497 -0.0003903 0.004568 0.001749 0.003289 0.01303 0.002218 0.0112 0.003066 0.01798 0.002945 0.01322 0.00288 0.01083954 0.08642223 0.00574895 0.09118048 0.06118146 0.1134561 6.267999
191 -0.0005227 0.008011 0.001216 0.007136 0.0136 0.005126 0.09249 0.003487 0.08802 0.00468 0.0916 0.004641 0.1027 0.005437 -0.06401575 0.1063462 0.04757478 0.0816306 0.0822755 0.1048627 6.308001
192 -0.003364 0.004667 0.002319 0.003155 0.0005708 0.002751 0.00705 0.00175 0.005913 0.00238 0.007853 0.002376 0.009842 0.002238 -0.001845232 0.0960099 -0.1295039 0.09472307 -0.143492 0.07359009 6.32
193 0.007081 0.01221 -0.004239 0.009197 0.004832 0.007273 0.0388 0.00641 0.02971 0.008014 0.02168 0.0077 0.04166 0.007751 0.06866708 0.08968422 0.03519039 0.1380436 0.3250056 0.12526 6.38955
194 -0.005457 0.006403 0.002156 0.004786 0.001378 0.003529 0.01241 0.003111 0.01203 0.003949 0.006082 0.003772 0.008365 0.003824 0.01745939 0.07422304 0.03874235 0.1033827 0.004897242 0.0954158 6.431151
195 0.000873 0.003957 -0.001113 0.003678 0.0004563 0.002769 0.005522 0.001844 0.009467 0.002586 0.01372 0.002451 0.01098 0.002394 0.00937849 0.08338262 -0.09096904 0.0667033 0.1167506 0.0856756 6.44
196 -0.005095 0.005251 -0.003208 0.003767 -0.0005462 0.003385 0.01585 0.002376 0.01141 0.003038 0.01304 0.003063 0.008431 0.002994 0.04029392 0.0903483 -0.1828741 0.1109523 -0.1612873 0.08432359 6.455001
197 -0.007526 0.009277 0.009894 0.007882 0.009723 0.006058 0.218 0.007046 0.02574 1843000060.0 0.101 0.01001 0.07227 0.009163 0.1780325 0.1114623 -0.8774179 0.4994008 -2.384965 0.4191973 6.456501
198 -0.00238 0.008695 0.006095 0.006143 -0.001879 0.00532 1.074 0.008006 0.4359 0.008918 0.2376 0.008473 -0.00221 0.007496 -0.05878846 0.2018033 0.0 -99.0 0.0 -99.0 6.491551
199 -0.002354 0.004042 3.771e-05 0.003135 0.0006678 0.002707 1.367 0.007295 0.02244 0.00588 0.01436 0.005629 0.008743 0.004845 -0.01755172 0.1421497 0.0 -99.0 -0.5675934 0.649581 6.49195
200 0.005194 0.01325 0.00978 0.01216 0.00408 0.01107 0.09619 0.01012 0.08475 0.01473 0.1019 0.01474 0.1358 0.01151 0.02869 0.05229 0.2247 0.138 0.2813 0.1268 6.5189
201 0.001592 0.007053 0.0038 0.006832 0.001766 0.004849 0.01244 0.004124 0.01153 0.005604 0.02059 0.004968 0.01289 0.004215 0.004045 0.02563 -0.04012 0.2509 0.03664 0.2167 6.601500034332275
202 0.004676 0.004883 -0.003206 0.003532 -0.003361 0.003234 0.007889 0.002035 0.005042 0.002678 0.005589 0.002529 0.006873 0.002529 0.02547095 0.07346902 -0.09642068 0.09110231 -0.09019481 0.08038969 6.637
203 0.003811 0.003698 -0.001615 0.002994 0.001108 0.002399 0.008232 0.002231 0.01191 0.002797 0.003694 0.002681 0.008671 0.002698 0.01336151 0.07429238 -0.03851391 0.08336345 -0.09704023 0.08480012 6.6963
204 -0.008247 0.009259 -0.001714 0.008341 -0.002901 0.006063 0.02547 0.005397 0.02211 0.006697 0.02508 0.006234 0.02973 0.00611 0.02173 0.03639 -0.367 0.1724 -0.3767 0.2059 6.7445
205 0.0006989 0.002738 -0.0022 0.002174 -0.002374 0.001762 0.005431 0.00155 0.004662 0.002 0.004722 0.001843 0.003866 0.001902 0.004926133 0.005774299 0.0009136926 0.02847845 -0.01224993 0.02435865 6.852
206 -0.002941 0.009567 0.001208 0.008874 -0.009764 0.007798 0.04549 0.007063 0.04812 0.01028 0.05544 0.01 0.03269 0.008633 -0.028 0.05014 -0.0435 0.1526 0.02322 0.1114 6.90225
207 0.008584 0.01161 -0.007179 0.009281 -0.004787 0.007439 0.02658 0.006793 0.02847 0.008327 0.03052 0.008102 0.03955 0.00817 -0.1278087 0.08808951 -0.07011745 0.1334282 -0.05097871 0.1174177 6.922
208 -0.01491 0.01851 0.002389 0.01486 -0.008389 0.01219 0.04211 0.01312 0.04777 0.01864 0.04147 0.01597 0.048 0.01681 -0.02974893 0.07656432 -0.1275999 0.1195385 0.06372421 0.1149037 6.9809
209 -0.01097 0.01281 0.002 0.009105 -0.0009232 0.008233 0.02659 0.006051 0.03627 0.008075 0.02277 0.007665 0.04822 0.007782 -0.06391789 0.10646 -0.04381994 0.08787827 -0.03118202 0.079129 7.0386
210 -0.001032 0.005068 1.152e-05 0.005019 -0.001578 0.003646 0.004618 0.003226 0.009358 0.004363 0.01478 0.003917 0.01162 0.0033 -0.03894 0.02427 0.3324 0.1298 0.4059 0.1229 7.054100036621094
211 -0.03542 0.01388 -0.0178 0.01007 -0.01142 0.00902 0.0467 0.00632 0.05109 0.008256 0.06248 0.008121 0.04509 0.008043 -0.09308454 0.1384317 -0.04133737 0.08617525 0.07197571 0.06867703 7.0725
212 0.005293 0.008203 -0.003511 0.007791 -0.003405 0.00711 0.02674 0.009303 0.03587 0.01382 0.03761 0.01333 0.02155 0.01171 0.0244 0.03922 -0.2141 0.1487 -0.2224 0.1245 7.087949
213 -0.01605 0.01478 -0.001323 0.01056 -0.001654 0.009433 0.01863 0.006546 0.02529 0.008628 0.02055 0.00843 0.03365 0.008454 0.07232244 0.09849118 -0.3420988 0.2256904 -0.3178799 0.12253 7.175851
214 -0.002341 0.01713 -0.001727 0.01265 -0.01035 0.0113 0.01776 0.00818 0.02353 0.01041 0.02283 0.01046 0.02528 0.01045 -0.08697845 0.1042208 -0.1718983 0.07843102 -0.08753058 0.06540535 7.188749
215 -0.04948 0.03171 -0.01027 0.02498 -0.01431 0.01952 0.06819 0.01769 0.08316 0.02234 0.08677 0.02173 0.09328 0.02229 0.04523995 0.09157202 -0.07820865 0.1245808 0.05243121 0.1185542 7.19175
216 -0.01115 0.01409 0.002335 0.01229 0.005946 0.009011 0.03674 0.01328 0.06445 0.01745 0.05238 0.01666 0.03804 0.01573 -0.1392 0.02828 0.02879 0.1185 0.01925 0.1229 7.23265
217 -0.0004673 0.004621 -0.004785 0.003296 0.0002713 0.002994 0.008223 0.00208 0.01239 0.002689 0.01309 0.00269 0.01211 0.002675 -0.03573741 0.1066805 0.0 -99.0 0.01364368 0.0813052 7.246999
218 -0.04364 0.03733 -0.02521 0.02606 -0.04504 0.02301 0.09698 0.01881 0.09856 0.02693 0.1586 0.02469 0.1256 0.02635 0.06367607 0.1216923 -0.06662225 0.1673603 0.01229649 0.1484132 7.255
219 -0.003331 0.006627 0.001698 0.0047 -0.004191 0.003999 0.01516 0.002788 0.02322 0.003608 0.01908 0.003579 0.01939 0.003658 0.03052678 0.1156065 -0.1202869 0.08169457 -0.0156054 0.06426731 7.315001
220 0.0004122 0.007788 -0.001317 0.005442 0.002024 0.004915 0.007255 0.003371 0.01247 0.004323 0.007414 0.004338 0.01061 0.004602 0.0004785647 0.09356461 -0.05625362 0.1012669 -0.02298024 0.09382465 7.325
221 0.006358 0.007794 -0.003701 0.007285 0.003396 0.006721 0.01545 0.006134 0.02754 0.009014 0.02731 0.008774 0.01894 0.007595 -0.03463 0.0331 -0.3549 0.7351 -0.5327 0.4285 7.40965
222 -0.007472 0.01242 0.003616 0.01151 0.004962 0.008703 0.01288 0.006021 0.02005 0.00845 0.04518 0.008172 0.02459 0.007822 -0.09852353 0.08794098 0.08439334 0.1210757 0.2249565 0.1218815 7.420051
223 0.01356 0.01928 -0.02344 0.01412 0.005367 0.0116 0.01963 0.01182 0.04139 0.01433 0.03733 0.01409 0.01147 0.01375 -0.00387484 0.07325044 -0.03169926 0.1331157 -0.02797083 0.1188969 7.420051
224 0.00102 0.008218 0.000767 0.005753 -0.009262 0.005092 0.01434 0.003631 0.02349 0.004704 0.01805 0.004719 0.02197 0.004792 -0.01194395 0.1174142 -0.04516118 0.113859 -0.06540111 0.09558275 7.425
225 -0.001792 0.003631 -0.00217 0.00373 0.001023 0.002801 0.01449 0.002533 0.02308 0.003759 0.02458 0.003083 0.02271 0.003462 -0.00839 0.03938 -0.06541 0.2557 -0.01614 0.2306 7.436100006103516
226 1.971e-05 0.007491 -0.005199 0.006847 0.0004938 0.005227 0.01185 0.005063 0.02319 0.006845 0.01563 0.005866 0.01696 0.005826 0.005379 0.0239 0.03363 0.09847 -0.05561 0.111 7.43665
227 -0.03215 0.03518 -0.03377 0.0215 -0.04413 0.02016 0.05204 0.02213 0.06714 0.02951 0.1224 0.0296 0.05851 0.02361 -0.06629625 0.139015 -0.04246763 0.1843825 -0.08511132 0.1543289 7.455001
228 0.0002351 0.01199 -0.00717 0.007804 -0.009312 0.006917 0.01237 0.004655 0.0198 0.005942 0.02121 0.005989 0.02608 0.005972 -0.1313727 0.1081307 -0.1203246 0.1169222 -0.05573057 0.08566342 7.494001
229 0.001979 0.004134 0.0007416 0.003575 0.0002267 0.002637 0.001676 0.002707 0.01271 0.003566 0.01443 0.003441 0.01201 0.003269 -0.003892 0.02605 0.23 0.08441 0.2761 0.09347 7.511151
230 -0.0009825 0.004588 -0.004567 0.004256 0.0008136 0.003135 0.004663 0.002677 0.005981 0.003642 0.01191 0.003274 0.008877 0.00277 -0.05122 0.02759 -0.09371 0.4005 -0.09403 0.2921 7.521999835968018
231 -0.01712 0.01766 -0.004571 0.01499 0.01534 0.01128 0.02742 0.01015 0.04868 0.01225 0.05177 0.01188 0.04763 0.01146 0.01506 0.0288 -0.1285 0.2336 0.0334 0.2584 7.564501
232 0.0121 0.01181 0.0003844 0.008597 -0.003688 0.007532 0.0149 0.005316 0.0285 0.006997 0.02996 0.006891 0.0349 0.007023 -0.04338522 0.1365477 0.0 -99.0 -0.01089177 0.1301664 7.584551
233 0.03234 0.06468 0.01343 0.04571 -0.01711 0.04104 0.1444 0.04736 0.4023 0.07196 0.2376 0.06066 0.235 0.06784 0.04665554 0.1083123 -0.0303796 0.191862 -0.1550222 0.1656888 7.6488
234 -0.004105 0.002902 -0.001897 0.0026 -0.001434 0.001971 0.003647 0.001699 0.01448 0.00215 0.01748 0.001988 0.01498 0.002235 0.0172 0.02086 0.2585 0.1091 0.22 0.1069 7.657
235 0.002035 0.0136 -0.01353 0.01233 0.01102 0.01083 0.01677 0.009532 0.03476 0.01402 0.03428 0.01351 0.02966 0.01173 0.02776 0.01996 -0.04993 0.1622 -0.0291 0.1386 7.683249
236 0.004038 0.003992 -0.0002678 0.003334 0.000472 0.002499 0.001914 0.00224 0.007215 0.002669 0.007218 0.002577 0.007082 0.002498 -0.001515 0.02217 0.05391 0.09054 0.1181 0.113 7.88005
237 -0.01002 0.007006 0.001219 0.005375 -0.001271 0.004278 0.007296 0.004366 0.02025 0.005208 0.01636 0.005009 0.03167 0.006204 -0.03264184 0.07025412 -0.03856364 0.1005025 -0.03624426 0.09173682 7.905
238 -0.0189 0.02584 0.005235 0.01858 0.007582 0.01591 0.007343 0.01036 0.0214 0.01392 0.02718 0.01387 0.03097 0.01328 0.004103361 0.02278683 0.03309004 0.08303882 0.0 -99.0 7.927
239 0.001495 0.003332 0.001926 0.002856 0.0002255 0.002101 0.003025 0.001739 0.006161 0.00216 0.009784 0.002003 0.005691 0.001948 0.01264 0.01972 -0.01967 0.07913 0.006851 0.1046 8.019497
240 0.001363 0.00282 0.004228 0.002622 0.003009 0.001923 0.006027 0.001634 0.02008 0.002072 0.01683 0.00195 0.01693 0.00244 0.003794 0.01994 -0.1555 0.1105 -0.03934 0.1093 8.038
241 -0.005305 0.01375 0.009843 0.009772 0.009726 0.008566 0.003123 0.006685 0.05145 0.008717 0.04039 0.008527 0.02129 0.008543 0.1350928 0.1120421 0.0 -99.0 0.06380136 0.1650385 8.0485
242 -0.003523 0.002555 -0.0007769 0.002117 -1.945e-05 0.002103 -0.1682 0.001923 0.05775 0.003262 1.026 0.006363 0.001571 0.002409 0.01908 0.02614 1.412 4.37 1.798 7.768 8.110003
243 0.02087 0.01469 -0.006082 0.01324 0.01255 0.01 0.01262 0.01002 0.04311 0.01224 0.04529 0.01124 0.06251 0.01092 -0.0184 0.0265 -0.1308 0.1127 -0.03786 0.1457 8.132998
244 -0.007486 0.0101 0.005069 0.009496 -0.05886 0.006957 0.01197 0.01017 0.04878 0.0142 0.04814 0.01336 0.04498 0.0124 0.06014 0.02743 -0.43 0.2191 -0.02328 0.2196 8.246901
245 -0.002261 0.006637 0.0006296 0.005521 -0.002721 0.004472 0.008125 0.004188 0.02006 0.005205 0.03109 0.005071 0.01814 0.005058 -0.02787569 0.06151675 0.01769398 0.1022252 -0.04284309 0.103053 8.279998
246 0.002299 0.00543 0.004649 0.005462 0.0001545 0.004098 0.02292 0.003628 0.08681 0.004953 0.1044 0.004444 0.1031 0.005879 0.1103 0.03941 0.08756 0.1402 0.2602 0.132 8.293399810791016
247 0.00067 0.006194 0.002063 0.004153 -0.0009297 0.003595 0.002603 0.004814 0.01246 0.006227 0.007455 0.008322 0.02051 0.007767 -0.009191145 0.0924843 -0.08737211 0.09093214 7.402743e-05 0.08497086 8.320003
248 -0.001463 0.003921 0.0003552 0.003566 -0.0008288 0.002507 0.00787 0.002605 0.06375 0.003524 0.06718 0.003388 0.07191 0.004174 0.06299 0.02377 0.355 0.1268 0.3675 0.1184 8.32345
249 0.007607 0.004234 0.001946 0.003713 0.0007864 0.002737 0.002506 0.00237 0.007991 0.002954 0.0125 0.00272 0.008513 0.002686 -0.01412 0.0222 -0.01886 0.1013 0.03999 0.1266 8.344497
250 0.005778 0.005494 0.00895 0.003896 0.004964 0.003365 73.59 0.03502 -0.1983 0.00737 0.3449 0.008059 0.02663 0.005304 -0.2541046 0.2145087 -0.3440283 0.3730233 -0.03473866 0.2611946 8.38505
251 -0.002079 0.006051 0.004514 0.004966 0.003096 0.004784 0.003316 0.003143 0.01505 0.004813 0.02084 0.004493 0.02042 0.004304 0.01656 0.0282 -0.01938 0.1699 -0.02662 0.1387 8.475996
252 0.004903 0.003802 0.001715 0.003891 0.000421 0.002823 0.003072 0.002545 0.01048 0.003441 0.01766 0.003066 0.01561 0.002878 0.0259 0.02702 -0.06732 0.1063 0.05638 0.1045 8.560500144958496
253 -0.002591 0.004335 0.003134 0.003686 0.0004634 0.00274 0.0005292 0.001857 0.004545 0.00261 0.007678 0.002508 0.006387 0.00241 0.03792889 0.07590983 -0.3261986 0.07075261 0.1062655 0.09080862 8.58005
254 0.00542 0.004822 0.006133 0.00408 0.008872 0.003976 -0.02323 0.002411 0.01625 0.003551 0.02918 0.003555 0.01611 0.003423 0.03234 0.03319 0.1599 0.1601 0.1487 0.1401 8.75
255 -0.009451 0.01117 -0.0002898 0.007419 0.001729 0.006526 -0.004685 0.008102 0.003601 0.007744 0.1593 0.0142 0.006598 0.007984 -0.07468984 0.1085797 0.1156896 0.0555893 0.5574746 0.05575515 8.88
256 -0.00092 0.002758 -0.000916 0.002487 0.001075 0.001765 -0.0001315 0.001685 0.007343 0.001937 0.01255 0.002485 0.01396 0.002353 0.0104 0.0214 0.0007352 0.09405 0.08264 0.1221 8.939997
257 0.4886 0.006754 1.543 0.005942 1.558 0.003451 -0.003058 0.001896 -0.1291 0.002142 -0.05046 0.003015 0.1713 0.005986 -10.15341 0.1642956 6.560338 12.14083 0.1650032 6.444766 8.951
258 -0.01414 0.02094 -0.008638 0.01408 -0.005646 0.01209 0.01431 0.01627 0.02183 0.02127 0.01987 0.02837 0.07918 0.01302 0.009610393 0.03235552 -0.05093911 0.05749316 -0.05960096 0.05309314 8.9635
259 -0.01908 0.01769 0.009306 0.01144 -0.00661 0.009706 0.0009999 0.007727 0.03565 0.01006 0.07128 0.01171 0.09738 0.01362 -0.02808247 0.1065567 0.2429779 0.07578489 0.1417776 0.07614633 9.032598
260 0.00703 0.02197 -0.009985 0.01922 -0.007099 0.01421 0.00554 0.009656 0.006556 0.01368 -0.001532 0.013 0.05689 0.0125 -0.05082893 0.1429833 -0.1351531 0.2212527 0.03630153 0.2315376 9.05395
261 -0.00157 0.004743 -0.002798 0.002807 0.0009732 0.002322 0.0006044 0.00206 0.009434 0.002315 0.01556 0.00338 0.01652 0.00255 -0.08885869 0.09118339 -0.1432525 0.07797765 -0.08231811 0.07373163 9.13825
262 0.01841 0.02592 -0.00351 0.02328 0.02093 0.01632 -0.003388 0.008134 -0.0002595 0.01469 0.009093 0.01091 0.04771 0.007481 -0.05489562 0.09370357 0.1889735 0.08266882 -0.04528386 0.09534837 9.1399
263 0.0005904 0.00527 0.0009103 0.005474 0.001213 0.004019 -0.002169 0.003648 0.007209 0.00487 0.01052 0.004452 0.01384 0.003731 -0.02089 0.02561 -0.02817 0.1001 -0.0105 0.09933 9.328800201416016
264 0.0004505 0.00881 -0.00133 0.005357 0.001106 0.004685 -0.002384 0.004119 0.06615 0.004658 0.1441 0.006668 0.1893 0.005751 0.07132546 0.1141324 0.1592073 0.07503986 0.4422314 0.0655514 9.559999
265 0.007258 0.01049 -0.0009426 0.006697 -0.003712 0.005751 0.03013 0.01217 0.01035 0.008722 0.114 0.0227 0.05927 0.01153 0.04651554 0.09009743 -0.0781601 0.05886741 -0.05579345 0.05169966 9.651703
266 -0.03851 0.02446 -0.0161 0.02195 -0.008874 0.01556 0.001021 0.007731 0.01277 0.01216 0.04432 0.01045 0.05547 0.009126 -0.00373618 0.1002345 0.07517406 0.0795304 -0.1632529 0.0942984 9.6899
267 0.006814 0.01287 -0.002754 0.01357 0.008349 0.01022 -4.678 0.01571 0.04716 0.01942 0.03849 0.0193 0.09516 0.01007 0.01243 0.03084 -0.0004741 0.2254 -0.03886 0.1995 9.742500305175781
268 0.006132 0.00796 0.001841 0.006768 0.002511 0.00567 0.005369 0.005623 0.0004003 0.008047 0.006241 0.00778 0.02768 0.005826 -0.009874 0.03425 -0.2949 0.1465 -0.4179 0.1243 9.893003
269 -0.002797 0.00403 -0.001177 0.00384 -0.0007382 0.003458 0.001827 0.003178 -0.001694 0.004667 -0.003719 0.004495 0.01504 0.004076 -0.03797 0.03115 0.1912 0.1258 0.1227 0.1006 9.921551
270 -0.001285 0.009767 -0.0104 0.009 0.005923 0.006615 0.003891 0.006916 7.27e-05 0.009334 0.03434 0.0089 0.04526 0.008025 -0.03947 0.02762 0.02844 0.1255 0.2286 0.1199 9.922647
271 -0.003873 0.01285 0.00492 0.01209 -0.005392 0.01051 0.0131 0.009211 -0.004123 0.01338 0.02019 0.0129 0.03363 0.01141 0.01431 0.03849 -0.4317 0.2025 -0.1334 0.09125 9.933997
272 -0.01421 0.01748 -0.01688 0.01609 0.02106 0.01451 0.01248 0.01264 0.02785 0.01861 0.002768 0.01794 0.1042 0.0123 0.006454 0.03498 0.01747 0.1724 -0.0792 0.1563 9.946496
273 0.008874 0.02381 0.007406 0.01488 0.008896 0.01218 7.529e-05 0.007562 0.002153 0.008512 -0.005147 0.01228 0.02952 0.004283 0.1825753 0.09292736 -0.09151667 0.1444938 0.1443012 0.1065762 9.962547
274 0.005897 0.01679 0.001451 0.01547 -0.001132 0.01162 0.000199 0.009886 0.008987 0.0129 0.01797 0.01317 0.04195 0.01286 -0.08566353 0.07701819 0.1112099 0.06237676 -0.1687031 0.08091572 9.970898
275 0.006664 0.00808 0.0009488 0.007408 0.001707 0.005428 0.01845 0.005781 0.01206 0.007848 0.04701 0.007391 0.1551 0.008418 0.1133 0.03935 0.7684 0.4298 0.2012 0.3273 9.987494
276 0.001081 0.009798 0.009142 0.009401 -0.003245 0.006779 0.006956 0.01046 -0.002251 0.01449 0.00348 0.01326 0.05568 0.007564 0.03766 0.02346 0.1221 0.09999 0.09269 0.0937 9.987494
277 0.009194 0.01491 0.01065 0.0141 -0.01824 0.01002 -0.03152 0.00694 -0.03318 0.01076 0.003746 0.009281 0.05982 0.007906 -0.1334829 0.09919922 0.005893918 0.0972406 0.06814843 0.1020814 9.987495
278 0.0002572 0.00422 -0.002985 0.003845 0.002088 0.002847 -0.002263 0.001931 -0.002117 0.002595 0.02515 0.002615 0.03035 0.00172 0.5923845 0.09000883 10.42798 2.212351 -3.121829 2.264395 9.987495
279 0.2283 0.008718 1.179 0.01187 2.029 0.005553 -0.04769 0.003251 0.1927 0.005128 0.7374 0.004326 1.167 0.004906 3.21285 0.1653325 274.4275 106.8143 119.6475 54.93471 9.987495
280 0.004121 0.005239 0.004142 0.004034 -0.006368 0.003133 -0.002718 0.002719 0.0008504 0.003359 0.006768 0.003334 0.0136 0.003972 0.01206041 0.06631288 -0.2783101 0.1159681 -0.05228245 0.1096893 9.987495
281 0.0193 0.04312 0.008634 0.02833 0.006508 0.02177 0.0001387 0.01394 0.004926 0.01572 0.07637 0.02222 0.1286 0.011 0.04044968 0.1428297 -0.2093704 0.7995279 -0.219898 0.6088346 9.987495
282 -0.0009288 0.005495 0.002802 0.003292 0.001146 0.002833 -0.0009945 0.003549 0.001643 0.00431 0.005841 0.005552 0.01729 0.007141 -0.03005982 0.0785915 -0.05205356 0.07453833 -0.06917093 0.07024118 9.987495
283 -0.01257 0.0151 0.0006364 0.008977 -0.005417 0.007765 -0.002047 0.009863 -0.001778 0.01274 0.02156 0.01553 0.03465 0.01023 -0.01120013 0.05466061 -0.1714164 0.05743366 -0.07545327 0.05785687 9.987495
284 -0.007303 0.008745 -0.004832 0.009288 0.004971 0.006573 -0.001471 0.005928 0.0003533 0.008097 0.009683 0.007352 0.02535 0.006044 -0.03905 0.02807 -0.1686 0.2084 -0.06408 0.1724 9.987500190734863
