 F
        3122       17400           3         150
   -0.603474660330980157E+02   -0.518749468235450664E+02
 T
   2
    0.200000000000000000E+01    0.300000000000000000E+01    0.106666666666666674E+00    0.893333333333333313E+00
   0
   0
 T T     0           0
    0.000000000000000000E+00   -0.340282346638528860E+39    0.000000000000000000E+00
 T F     1          16
    0.540171094886425800E-06   -0.629461394368232519E+02   -0.536247272212404056E+02
 T F     1         134
    0.906840803909418002E-09   -0.604247490746935441E+02   -0.517343557892431463E+02
