 F
        1709       13243           3         150
   -0.179326365247753721E+02   -0.115999064232176998E+02
 T
   2
    0.200000000000000000E+01    0.300000000000000000E+01    0.106666666666666674E+00    0.893333333333333313E+00
   0
   0
 T T     0           0
    0.000000000000000000E+00   -0.340282346638528860E+39    0.000000000000000000E+00
 T F     1          16
    0.469562231707654377E-05   -0.206593376925608290E+02   -0.124406218006565545E+02
 T F     1         134
    0.266029875005102442E-04   -0.180003104012547084E+02   -0.115410426481048205E+02
