 F
        2869       45100           3         150
   -0.294446188337346442E+02   -0.173538095958887624E+02
 T
   2
    0.200000000000000000E+01    0.300000000000000000E+01    0.160000000000000003E+00    0.839999999999999969E+00
   0
   0
 T T     0           0
    0.000000000000000000E+00   -0.340282346638528860E+39    0.000000000000000000E+00
 T F     1          24
    0.259373592948184476E-07   -0.300807148960796695E+02   -0.175765101272431323E+02
 T F     1         126
    0.712432955657764573E-08   -0.301982699422921286E+02   -0.171033286116457575E+02
