 F
        1663       14934           3         150
   -0.211289095311186976E+02   -0.158563491889312616E+02
 T
   2
    0.200000000000000000E+01    0.300000000000000000E+01    0.900000000000000022E+00    0.100000000000000006E+00
   0
   0
 T T     0           0
    0.000000000000000000E+00   -0.340282346638528860E+39    0.000000000000000000E+00
 T F     1         135
    0.361322955629892433E-04   -0.212348667498352768E+02   -0.158591964242393377E+02
 T F     1          15
    0.659465055428407170E-05   -0.234261402587430965E+02   -0.158308761151199171E+02
