

    0.559584933427760035E-02    0.295591735839843750E+02    0.788850109002911637E+01    0.393435875330279794E+01    0.858126044273376465E+00    0.759977949829246757E+01    0.860874263699327891E+01   -0.106864864698657791E+01
    0.556089615018495916E-02    0.295568904876708984E+02    0.785764934696611750E+01    0.321214627688781240E+01    0.668510556221008301E+00    0.809727205132281469E+01    0.867008889044133291E+01   -0.724744447892781585E+00
    0.552217848951701198E-02    0.295560493469238281E+02    0.870610126058676137E+01    0.329818288885620925E+01    0.466086566448211670E+00    0.856671419610071361E+01    0.789735000721039793E+01   -0.322669037991061058E+00
    0.548444691473863426E-02    0.295549468994140625E+02    0.824004711749117291E+01    0.315811166904915464E+01    0.945952057838439941E+00    0.852259271988399547E+01    0.995326592899438367E+01   -0.568360211676649296E+00
    0.546183967720297297E-02    0.295483932495117188E+02    0.803407495250889170E+01    0.296910961937115125E+01    0.664650142192840576E+00    0.834968090062109169E+01    0.873070699047573662E+01    0.101948487601486448E+00
    0.542446347627285191E-02    0.295473117828369141E+02    0.725187319592934010E+01    0.445184360257947187E+01    0.320957660675048828E+00    0.669659956187811378E+01    0.713801478699261960E+01   -0.657129601447918432E+00
    0.538538591132776794E-02    0.295469570159912109E+02    0.841635531200859965E+01    0.343275701024663471E+01    0.134172904491424561E+01    0.839290738427127714E+01    0.990826108884250267E+01   -0.989274907105126555E+00
    0.534781883665025760E-02    0.295461425781250000E+02    0.786509260603314964E+01    0.306859414215966320E+01    0.102417778968811035E+01    0.779652616280171706E+01    0.878077918015433845E+01    0.164653532657494495E+00
    0.533516915750361070E-02    0.295360641479492188E+02    0.789617619011042837E+01    0.290432767888787202E+01    0.517901003360748291E+00    0.841953092243775991E+01    0.953303564174331264E+01   -0.577353334099558468E+00
    0.530392277105665340E-02    0.295329971313476562E+02    0.885647910806094885E+01    0.339540996814036333E+01    0.124683856964111328E+01    0.881493384775841626E+01    0.855407231732320028E+01   -0.131601414830019925E+01
    0.526594458210695709E-02    0.295325546264648438E+02    0.844405626989454383E+01    0.349910331436282984E+01    0.754608035087585449E+00    0.858058051866331084E+01    0.852125808103131277E+01   -0.401844898345123935E+00
    0.524333786916785644E-02    0.295263442993164062E+02    0.740893827910438141E+01    0.279890468757246591E+01    0.693275570869445801E+00    0.763388895916428822E+01    0.934853960813292417E+01   -0.226417916881124226E+00
    0.521109841976038005E-02    0.295238647460937500E+02    0.898422949129299653E+01    0.397255073297091155E+01    0.112724208831787109E+01    0.890228979029786949E+01    0.898636439877299686E+01   -0.542060774090936448E+00
    0.518680755464231546E-02    0.295183944702148438E+02    0.735286307994897559E+01    0.405498106429964089E+01    0.398484379053115845E+00    0.711300610320471094E+01    0.839999119326747667E+01   -0.543912749274218621E+00
    0.518016748938023193E-02    0.295061416625976562E+02    0.868913230838910167E+01    0.326786537743516048E+01    0.142535781860351562E+01    0.876809306044668446E+01    0.102572944340230290E+02   -0.999214620015364652E+00
    0.515268313080512880E-02    0.295019664764404297E+02    0.802211553920806075E+01    0.414414576347154995E+01    0.108787965774536133E+01    0.738436529873317582E+01    0.962017058088773602E+01   -0.123491087756061146E+01
    0.512467988310881355E-02    0.294980506896972656E+02    0.793168345795385665E+01    0.291292365102263728E+01    0.642396569252014160E+00    0.839949185169702695E+01    0.993647834898526483E+01   -0.866856928766353008E+00
    0.508931484291837936E-02    0.294970855712890625E+02    0.900250069378448359E+01    0.321458778353494123E+01    0.887416481971740723E+00    0.915109325355644287E+01    0.871153924494250376E+01   -0.157773527551478776E+01
    0.508369157419007699E-02    0.294844818115234375E+02    0.835806956435668447E+01    0.425931167856570170E+01    0.148312151432037354E+01    0.740846189955301337E+01    0.102186928572852480E+02   -0.103220872109637529E+01
    0.504862383552259937E-02    0.294835109710693359E+02    0.886493964547476310E+01    0.330372007255736611E+01    0.181049394607543945E+01    0.885036040868376261E+01    0.103737419467684475E+02   -0.914722699481816504E+00
    0.501235896301949375E-02    0.294831142425537109E+02    0.803203985144780575E+01    0.305350947909174097E+01    0.567556679248809814E+00    0.844504694990543214E+01    0.995129397334100751E+01    0.688892665203546528E-01
    0.501943749270791252E-02    0.294654769897460938E+02    0.883658389483994000E+01    0.334689689357196984E+01    0.127336120605468750E+01    0.902029680863076777E+01    0.984687335926341589E+01   -0.141300633115643248E+01
    0.498650565567287842E-02    0.294638271331787109E+02    0.893653237533707490E+01    0.389177360750125745E+01    0.173821151256561279E+01    0.872309082146492543E+01    0.953251873542128081E+01   -0.101999189508230859E+01
    0.495780716476107528E-02    0.294605560302734375E+02    0.854256974368659350E+01    0.405253026027430252E+01    0.123662173748016357E+01    0.834995237888193387E+01    0.101413650373202930E+02   -0.464176941385053832E+00
    0.492199748811479511E-02    0.294602394104003906E+02    0.766476686044226430E+01    0.308022052669554425E+01    0.884740769863128662E+00    0.755413359169460374E+01    0.746881313502191801E+01   -0.474427662076320367E+00
    0.490598318060786031E-02    0.294519424438476562E+02    0.769809287463502834E+01    0.301180911236907978E+01    0.579365491867065430E+00    0.805513581468710704E+01    0.101958520630379610E+02   -0.543680657451483196E+00
    0.486995330969043107E-02    0.294518699645996094E+02    0.883465402039516157E+01    0.319076524845929699E+01    0.111746549606323242E+01    0.921736382893999107E+01    0.994090101735346465E+01   -0.172292820497225363E+01
    0.483804374284542774E-02    0.294502029418945312E+02    0.878721985111447168E+01    0.455288999103624992E+01    0.231226062774658203E+01    0.737835880321101811E+01    0.778312969552035128E+01   -0.166325064599109185E+01
    0.480776441094215960E-02    0.294479446411132812E+02    0.801563833369997170E+01    0.346892603399093158E+01    0.137514722347259521E+01    0.739564043517277003E+01    0.711825820943881205E+01   -0.941824961253266757E+00
    0.477856771215669478E-02    0.294453125000000000E+02    0.895567330635376635E+01    0.319216378795420663E+01    0.872372567653656006E+00    0.922813532211886667E+01    0.905757746806798281E+01   -0.962611965046930695E+00
    0.474478565183930525E-02    0.294446868896484375E+02    0.813688451363435306E+01    0.329495888793667913E+01    0.128987944126129150E+01    0.806653098227902987E+01    0.102252343907337249E+02   -0.943092728807330527E+00
    0.472692202801028478E-02    0.294374160766601562E+02    0.829117882185303046E+01    0.458031806122216878E+01    0.126087784767150879E+01    0.737324378620925014E+01    0.859529844436866242E+01   -0.170666524486541538E+01
    0.469700667297448179E-02    0.294352989196777344E+02    0.862655639998525103E+01    0.384197880576776152E+01    0.116321980953216553E+01    0.859229558250069836E+01    0.976030835206050540E+01   -0.754011844639375317E+00
    0.467596829740471020E-02    0.294294624328613281E+02    0.730017487274891685E+01    0.401759462416606450E+01    0.410600632429122925E+00    0.676987370195456784E+01    0.804697933737169180E+01   -0.108205445483601292E+01
    0.464333222561100298E-02    0.294286556243896484E+02    0.784576967701095906E+01    0.402923331332894730E+01    0.685456573963165283E+00    0.757701893359718071E+01    0.771000790940942693E+01   -0.448919849488006006E+00
    0.464946391949742997E-02    0.294112014770507812E+02    0.819658442941102727E+01    0.302947669707383449E+01    0.528580546379089355E+00    0.872355553446879561E+01    0.918647456301080467E+01   -0.227268876547839449E+00
    0.462357374852818970E-02    0.294075546264648438E+02    0.847240840250204741E+01    0.334942265321330934E+01    0.849918365478515625E+00    0.878606845791661684E+01    0.969929682665843806E+01   -0.916917629038209281E+00
    0.460063928036600484E-02    0.294026851654052734E+02    0.789964076781506463E+01    0.314257772046045281E+01    0.102115392684936523E+01    0.794277473765484565E+01    0.102597007285346784E+02   -0.314133781480107954E+00
    0.458885974791488436E-02    0.293929977416992188E+02    0.814182653063715556E+01    0.434469588400943696E+01    0.106248211860656738E+01    0.735568351246219887E+01    0.913296627239329339E+01   -0.152692090757313581E+01
    0.456421668604191973E-02    0.293889522552490234E+02    0.782850079969085932E+01    0.329305959615882893E+01    0.103639280796051025E+01    0.754872294960571466E+01    0.756287221228873818E+01   -0.799567905142548163E+00
    0.453058011093507122E-02    0.293889312744140625E+02    0.874458447515088722E+01    0.307931907951469608E+01    0.157408809661865234E+01    0.889116084941571394E+01    0.104820711751011810E+02   -0.111936671477232430E+01
    0.451085499032344208E-02    0.293828430175781250E+02    0.880521014374676270E+01    0.331390088320606946E+01    0.132218801975250244E+01    0.831443510259417451E+01    0.746176413412296391E+01   -0.102777010879114505E+01
    0.450046831922870389E-02    0.293726387023925781E+02    0.856833151000325799E+01    0.322326950547576274E+01    0.768533945083618164E+00    0.900680326680839372E+01    0.997814997970969664E+01   -0.745506219211281573E+00
    0.447309938190782429E-02    0.293700237274169922E+02    0.875876929087796441E+01    0.341903095138313784E+01    0.126229536533355713E+01    0.838195759716459143E+01    0.769949548436543907E+01   -0.986159791697493127E+00
    0.444328585017346456E-02    0.293685836791992188E+02    0.729749818075243883E+01    0.404788533780773108E+01    0.402504265308380127E+00    0.662221567977751668E+01    0.739071174236703587E+01   -0.854540344673744290E+00
    0.441809290629752941E-02    0.293651409149169922E+02    0.778647864749902929E+01    0.283032210188245914E+01    0.110398864746093750E+01    0.784675189280719376E+01    0.994168126248436756E+01   -0.893025342299468061E+00
    0.440236181426701453E-02    0.293574600219726562E+02    0.882881807684935538E+01    0.338184387709638701E+01    0.108639228343963623E+01    0.904404666258784928E+01    0.104019264834943606E+02   -0.437088553366626220E+00
    0.437599428604476971E-02    0.293546600341796875E+02    0.855404833711002865E+01    0.274252767246398532E+01    0.223663878440856934E+01    0.857271807163703592E+01    0.965218640341268141E+01   -0.168162814006845918E+01
    0.434623106182345596E-02    0.293534946441650391E+02    0.850165431817659467E+01    0.277529041448546332E+01    0.193219101428985596E+01    0.859736359951862639E+01    0.934953281970716255E+01   -0.188023921974766717E+01
    0.432853440123298020E-02    0.293468399047851562E+02    0.904007981529570515E+01    0.346313844896967105E+01    0.121814036369323730E+01    0.921620317793623833E+01    0.996467791692052707E+01   -0.883839933930586019E+00
    0.429728628292246149E-02    0.293465156555175781E+02    0.877464549033073204E+01    0.307570833912531105E+01    0.125761699676513672E+01    0.909233500149793450E+01    0.948528226263087859E+01   -0.110999716136074111E+01
    0.427302301618740291E-02    0.293430252075195312E+02    0.833732258729201270E+01    0.312556992203455142E+01    0.478750735521316528E+00    0.876530186690863466E+01    0.874318310094530915E+01   -0.639376413009233646E+00
    0.425149085665418262E-02    0.293383140563964844E+02    0.829438937280394839E+01    0.291491599445555405E+01    0.187448573112487793E+01    0.815034863140066967E+01    0.101147726390953920E+02   -0.879222929490743876E+00
    0.423855135419539363E-02    0.293295955657958984E+02    0.827482516252851674E+01    0.467770725380905894E+01    0.113468396663665771E+01    0.737829871616654653E+01    0.939287190962849294E+01   -0.192165311107967041E+01
    0.420896423410504865E-02    0.293287906646728516E+02    0.841863782279728667E+01    0.272316080342862588E+01    0.247819948196411133E+01    0.824635202601553807E+01    0.100727621164162855E+02   -0.140332299903827451E+01
    0.418096700384305072E-02    0.293273239135742188E+02    0.839102736112651471E+01    0.343265938249797431E+01    0.145826268196105957E+01    0.826996061776580582E+01    0.969857546322133679E+01   -0.789268785764024816E+00
    0.415279955289464108E-02    0.293260288238525391E+02    0.839130402310063239E+01    0.380728339388752968E+01    0.186156809329986572E+01    0.743794320453371949E+01    0.904929551764368689E+01   -0.150071082102654740E+01
    0.412341776296689354E-02    0.293254146575927734E+02    0.846864609998740647E+01    0.449683934303135935E+01    0.176105821132659912E+01    0.752559048767583150E+01    0.950052667559053710E+01   -0.141326328055777228E+01
    0.409314291222888371E-02    0.293253383636474609E+02    0.818381968369847357E+01    0.389874093590647108E+01    0.123220324516296387E+01    0.731733542783446289E+01    0.834927190894480553E+01   -0.181898868784775791E+01
    0.406682355362399280E-02    0.293234252929687500E+02    0.753014505896561648E+01    0.292615074028501532E+01    0.644911468029022217E+00    0.774050797007933955E+01    0.907958236150840925E+01   -0.223588468232198689E+00
    0.405015254894118635E-02    0.293168258666992188E+02    0.830191078320454601E+01    0.319613113483286426E+01    0.147315955162048340E+01    0.799856579493530351E+01    0.771007437507601878E+01   -0.327172787247640651E+00
    0.402178849032872997E-02    0.293160667419433594E+02    0.829480630004040265E+01    0.449529751373008679E+01    0.122970986366271973E+01    0.742281738683818659E+01    0.918844777549744407E+01   -0.163863805048175726E+01
    0.399278526353069162E-02    0.293157272338867188E+02    0.833706229055038861E+01    0.291364957134564229E+01    0.761095643043518066E+00    0.884968524243402932E+01    0.103968223779144910E+02   -0.950341621472952980E+00
    0.396979450513245714E-02    0.293124618530273438E+02    0.856946510041968779E+01    0.322599680068951544E+01    0.839717626571655273E+00    0.885849809994311599E+01    0.961286705537294139E+01    0.110905348885154353E+00
    0.397072886081241937E-02    0.292971763610839844E+02    0.808320232867182220E+01    0.299791364849279374E+01    0.174128329753875732E+01    0.770990688090569254E+01    0.822377093079305510E+01   -0.803191406800479513E+00
    0.395027542597504479E-02    0.292926902770996094E+02    0.767628457503384887E+01    0.318102006423073469E+01    0.734804451465606689E+00    0.775406053448864618E+01    0.811329031371695564E+01   -0.690742417058221259E+00
    0.393342191622771380E-02    0.292864265441894531E+02    0.806449306784829112E+01    0.330624353519178360E+01    0.102683532238006592E+01    0.799589332397211727E+01    0.806145469806408421E+01   -0.409714637270587989E+00
    0.392220597298547496E-02    0.292773227691650391E+02    0.817135973076104705E+01    0.304437129263734807E+01    0.206430983543395996E+01    0.760422960800108694E+01    0.842399510409800989E+01   -0.108566836189958749E+01
    0.389719760138516500E-02    0.292753009796142578E+02    0.843275362625283798E+01    0.405795434327453641E+01    0.164244210720062256E+01    0.731393824358063060E+01    0.763482039628149156E+01   -0.213740739144919845E+01
    0.386972388142223667E-02    0.292746353149414062E+02    0.779815754154591012E+01    0.319502675785533441E+01    0.768098652362823486E+00    0.794568448339915800E+01    0.102601964278627786E+02   -0.264647499714628420E+00
    0.384505380773428199E-02    0.292726116180419922E+02    0.819166523775322553E+01    0.453562444668473308E+01    0.115338873863220215E+01    0.750289674935387207E+01    0.848279949864076954E+01   -0.105872265917759867E+01
    0.381958651815871280E-02    0.292710876464843750E+02    0.750296645098422399E+01    0.286769041814615022E+01    0.741323649883270264E+00    0.759347094697000013E+01    0.858522388347033072E+01   -0.226146676946736847E-01
    0.381402741737700080E-02    0.292591857910156250E+02    0.846839068806836615E+01    0.300819883980601066E+01    0.164185667037963867E+01    0.818459949770489281E+01    0.766518821515145454E+01   -0.120260476234088176E+01
    0.379484798859377678E-02    0.292544536590576172E+02    0.857697983607847370E+01    0.327431792973466740E+01    0.686106979846954346E+00    0.899671960038962659E+01    0.982371940403483634E+01   -0.175526904411732243E+00
    0.377290701375365039E-02    0.292512359619140625E+02    0.822497499989603753E+01    0.278069807002673519E+01    0.453255653381347656E+00    0.886104390252304341E+01    0.955539174782195744E+01    0.350309337455771974E-01
    0.374748511603768646E-02    0.292499427795410156E+02    0.856149774491244209E+01    0.303005382960932668E+01    0.138548314571380615E+01    0.877292608901426085E+01    0.101301156956175085E+02   -0.139275064138540960E+01
    0.372310076325673258E-02    0.292481842041015625E+02    0.792007428993706508E+01    0.316327405777443316E+01    0.861847162246704102E+00    0.804940406822757559E+01    0.939123098881334784E+01   -0.628163178785454690E-01
    0.370392993855482707E-02    0.292436943054199219E+02    0.900362780508348948E+01    0.308392661005915159E+01    0.284602808952331543E+01    0.865719572916053615E+01    0.900705542524599778E+01   -0.206618357835456434E+01
    0.369151612976887462E-02    0.292355937957763672E+02    0.869241994806539608E+01    0.294765387419808356E+01    0.193770241737365723E+01    0.873940660777784828E+01    0.982378779469460639E+01   -0.193806315775565663E+01
    0.367685345501544492E-02    0.292287387847900391E+02    0.881899684333518508E+01    0.339376963161390055E+01    0.707377612590789795E+00    0.908192179778267139E+01    0.909012146527512321E+01   -0.172985921459261061E+00
    0.365058491165967409E-02    0.292282638549804688E+02    0.837967978914484135E+01    0.336734414579418750E+01    0.120998501777648926E+01    0.842067123208979318E+01    0.997214481617715975E+01   -0.541375076414065903E+00
    0.363345036330004747E-02    0.292228584289550781E+02    0.854255993130015767E+01    0.282570436632615296E+01    0.196890127658843994E+01    0.860340600548026124E+01    0.985876100863091587E+01   -0.135658750223369795E+01
    0.362822445077764328E-02    0.292109222412109375E+02    0.769043859455306933E+01    0.311662927869341511E+01    0.757499039173126221E+00    0.781872177884023056E+01    0.103789732231334515E+02   -0.637762741009358924E+00
    0.360443048295776020E-02    0.292092666625976562E+02    0.791088466400093093E+01    0.296984089638140514E+01    0.583704352378845215E+00    0.836209350621898295E+01    0.102830358387979626E+02   -0.105952668925040516E+00
    0.358072767375003202E-02    0.292076473236083984E+02    0.839408333917965876E+01    0.315130088105877793E+01    0.727320194244384766E+00    0.876023084195952961E+01    0.946491751846452445E+01    0.634300922385517829E-01
    0.355949509854046244E-02    0.292047271728515625E+02    0.858233534450444147E+01    0.344797390719870300E+01    0.603056252002716064E+00    0.889032554936444619E+01    0.908299257098130219E+01   -0.408811410860844049E+00
    0.354243335122545562E-02    0.291995220184326172E+02    0.864433842830283439E+01    0.316021845777768107E+01    0.135857498645782471E+01    0.883793634758852420E+01    0.102338256371051202E+02   -0.141559615947179607E+01
    0.352169316448055570E-02    0.291964511871337891E+02    0.826603992758331785E+01    0.306400785997322433E+01    0.138389325141906738E+01    0.832283315123378031E+01    0.947594526901348289E+01   -0.482231716650018516E+00
    0.349598630868827023E-02    0.291962890625000000E+02    0.843384780166661052E+01    0.385156842899271101E+01    0.176081585884094238E+01    0.754215907280752607E+01    0.936196262817820113E+01   -0.212313105540284353E+01
    0.347506731496297159E-02    0.291934776306152344E+02    0.849895919980271763E+01    0.473613091892444782E+01    0.158190405368804932E+01    0.741513020605922968E+01    0.969893776950985398E+01   -0.160374040420870800E+01
    0.345116512017146389E-02    0.291924667358398438E+02    0.830764483096493933E+01    0.405729991784532906E+01    0.162596356868743896E+01    0.752959149509478820E+01    0.879214806118392289E+01   -0.160939962071501719E+01
    0.343524831119212514E-02    0.291868972778320312E+02    0.839844370192913559E+01    0.309028440075798816E+01    0.143590152263641357E+01    0.830820462136866311E+01    0.824222936950148544E+01   -0.348889027310530953E+00
    0.341413268358665024E-02    0.291844139099121094E+02    0.781313333902321538E+01    0.311106646509931961E+01    0.771365404129028320E+00    0.798004248805381344E+01    0.841635690467103359E+01   -0.834580646314724284E+00
    0.338936935502992011E-02    0.291841583251953125E+02    0.901848992025231588E+01    0.339120153494009502E+01    0.276168107986450195E+01    0.864844492999398184E+01    0.104745638947776563E+02   -0.169619871565648683E+01
    0.336588326551035943E-02    0.291832504272460938E+02    0.886656424677716259E+01    0.333766099519918757E+01    0.239123988151550293E+01    0.863489477662176164E+01    0.104408866907161659E+02   -0.117414055236716242E+01
    0.334117036487242575E-02    0.291831741333007812E+02    0.786057661690396170E+01    0.309739927839285301E+01    0.754424989223480225E+00    0.805718250116963297E+01    0.102924303468233802E+02    0.105703756729977005E+00
    0.331956913614375520E-02    0.291813316345214844E+02    0.810195921554649878E+01    0.430797705529633834E+01    0.110091352462768555E+01    0.758802864739389804E+01    0.831254860382624905E+01   -0.123013827928254482E+01
    0.330862021634169973E-02    0.291731243133544922E+02    0.840929077442563333E+01    0.331069636865843719E+01    0.150577056407928467E+01    0.827908248804305913E+01    0.865708247789107155E+01   -0.580928376529115997E+00
    0.328480700932964019E-02    0.291727561950683594E+02    0.766794218842249542E+01    0.307284815006424905E+01    0.632151246070861816E+00    0.789863385637980198E+01    0.903264874813534391E+01    0.259295141658455464E-02
    0.326499596197792237E-02    0.291700401306152344E+02    0.795023027636717750E+01    0.307344139447850395E+01    0.791408360004425049E+00    0.796243133740784170E+01    0.763465577587677480E+01   -0.554427755071458472E+00
    0.324652094592237182E-02    0.291665744781494141E+02    0.828471949238062955E+01    0.322628039524335897E+01    0.160769367218017578E+01    0.798999100623714664E+01    0.783520414251862629E+01   -0.613009813446425467E+00
    0.322353279186833293E-02    0.291659717559814453E+02    0.843898916926888454E+01    0.310685511829383554E+01    0.172240102291107178E+01    0.838053956793832810E+01    0.913227769890087160E+01   -0.755184666150376716E+00
    0.320031672616253021E-02    0.291656131744384766E+02    0.808102883693573304E+01    0.319715001894287187E+01    0.147488546371459961E+01    0.783237030264759504E+01    0.103058921800602850E+02   -0.107541156926877224E+01
    0.318535329414522611E-02    0.291601715087890625E+02    0.826037934899019177E+01    0.332973152571776820E+01    0.105174815654754639E+01    0.834194169782618467E+01    0.920193260032525195E+01   -0.717421618221779633E+00
    0.317413561159751246E-02    0.291524124145507812E+02    0.780431911182822269E+01    0.287985998463245663E+01    0.891250669956207275E+00    0.804234188478695344E+01    0.980059734022399809E+01   -0.734308969184918503E+00
    0.315246562690066519E-02    0.291512985229492188E+02    0.811478286454490139E+01    0.283509692143250147E+01    0.170641350746154785E+01    0.797547323107919226E+01    0.797017834254027058E+01   -0.115453157221550429E+01
    0.313637665988239847E-02    0.291467170715332031E+02    0.756534573530117704E+01    0.296401375743927531E+01    0.739287078380584717E+00    0.759406764040364379E+01    0.780020149914571892E+01    0.148489429825575669E-01
    0.311371109049364114E-02    0.291464080810546875E+02    0.880200667567712536E+01    0.347694975416790752E+01    0.531220257282257080E+00    0.846749971347547792E+01    0.768461158066571492E+01   -0.260854775660316340E+00
    0.309221770057695709E-02    0.291454467773437500E+02    0.781059297577612721E+01    0.308213008955990109E+01    0.856820106506347656E+00    0.797242881477690535E+01    0.895945612772794853E+01   -0.342537218203204930E+00
    0.307078481856573431E-02    0.291445426940917969E+02    0.750551581434231885E+01    0.295182501085854687E+01    0.632008254528045654E+00    0.776040144458837133E+01    0.933948530801831112E+01   -0.265153748954423341E+00
    0.304841300867690320E-02    0.291443519592285156E+02    0.765262790930403547E+01    0.302449967285217713E+01    0.738963544368743896E+00    0.780616765444257776E+01    0.848338572069796015E+01   -0.699787581409925474E+00
    0.303081955080241857E-02    0.291411132812500000E+02    0.853301695233305324E+01    0.337412709786662468E+01    0.103389716148376465E+01    0.871953406849992163E+01    0.996762501812578705E+01   -0.489006759068699282E+00
    0.301534854271269482E-02    0.291365337371826172E+02    0.800612569946384056E+01    0.297704248982554898E+01    0.829790234565734863E+00    0.817118958334794954E+01    0.803143843337363705E+01   -0.858561170492912584E+00
    0.299849204240323431E-02    0.291329307556152344E+02    0.819843289495563710E+01    0.301010671759002824E+01    0.109363794326782227E+01    0.840846532679322856E+01    0.969476430165257774E+01   -0.442451228444089795E+00
    0.298450641861066008E-02    0.291274662017822266E+02    0.874611084959545160E+01    0.303037701814024674E+01    0.926046967506408691E+00    0.926547512259380923E+01    0.103355156121565166E+02   -0.122264534092032129E+01
    0.296837146892310784E-02    0.291234931945800781E+02    0.818496990147988157E+01    0.389287240767280140E+01    0.132430517673492432E+01    0.755653358215875848E+01    0.947281786554488292E+01   -0.185277791953568283E+01
    0.295005809634899842E-02    0.291210556030273438E+02    0.858954772766741215E+01    0.308576327423554897E+01    0.147922444343566895E+01    0.856881998545183876E+01    0.847662323832872922E+01   -0.857430834447683310E+00
    0.293718900074069764E-02    0.291149845123291016E+02    0.855688663796474280E+01    0.326050891439910862E+01    0.868764638900756836E+00    0.885900634410275600E+01    0.101118238427379481E+02   -0.797861453842227952E-01
    0.291553745204956591E-02    0.291149673461914062E+02    0.838220047683211611E+01    0.318073124769718074E+01    0.183030366897583008E+01    0.814864270206344621E+01    0.939494459319003994E+01   -0.609547256573527596E+00
    0.289445953433514801E-02    0.291146640777587891E+02    0.769457388208298543E+01    0.287228343274261455E+01    0.832847416400909424E+00    0.778642474171518284E+01    0.771431693329440904E+01   -0.717031387464268199E+00
    0.287711521218674297E-02    0.291118698120117188E+02    0.789652623257897357E+01    0.324790676504719444E+01    0.102298223972320557E+01    0.767579475909202280E+01    0.746328444777866107E+01   -0.639315048693503307E+00
    0.286796476903780889E-02    0.291034259796142578E+02    0.869468304416097837E+01    0.299865018451761767E+01    0.199579679965972900E+01    0.873822128430238898E+01    0.952190330828953257E+01   -0.197173371327170743E+01
    0.284978161633407797E-02    0.291013317108154297E+02    0.799518598640990685E+01    0.292064951422956787E+01    0.761998891830444336E+00    0.828753393598776711E+01    0.830258209194080621E+01   -0.314012938681461407E+00
    0.283802110325147164E-02    0.290947875976562500E+02    0.829988322753293595E+01    0.321570507428934071E+01    0.102231323719024658E+01    0.845847087854634516E+01    0.922616756989039288E+01   -0.160296474312172865E+00
    0.282449302227594972E-02    0.290895290374755859E+02    0.844546658219004698E+01    0.428036213245700292E+01    0.163344287872314453E+01    0.756728492151568410E+01    0.949421462555063478E+01   -0.208982185388483410E+01
    0.280934638353297567E-02    0.290854682922363281E+02    0.849998883329058863E+01    0.467056491374677663E+01    0.158848154544830322E+01    0.739444137604076435E+01    0.822581425734981231E+01   -0.184174669160357229E+01
    0.279873745778932547E-02    0.290782203674316406E+02    0.794452499718811467E+01    0.295524090194355438E+01    0.120798861980438232E+01    0.797038440814846716E+01    0.854654907312604450E+01   -0.872765571298974807E+00
    0.278467685047728477E-02    0.290734786987304688E+02    0.826332501436152533E+01    0.385330966211357584E+01    0.156519031524658203E+01    0.760543959836320127E+01    0.826701778870288351E+01   -0.871585260136186646E+00
    0.277188147433359922E-02    0.290678749084472656E+02    0.794650710084001854E+01    0.313260806879429321E+01    0.114102435111999512E+01    0.783904105381052574E+01    0.794131720191732082E+01   -0.313486045270494174E+00
    0.275920804449764166E-02    0.290622253417968750E+02    0.830612300209972965E+01    0.412646881182333747E+01    0.150374031066894531E+01    0.767550696778827479E+01    0.103655176292995730E+02   -0.112870261138797834E+01
    0.273941444607049773E-02    0.290618095397949219E+02    0.874962319204243677E+01    0.349409711594066685E+01    0.855368375778198242E+00    0.899140107182322446E+01    0.963778606949370342E+01   -0.622226425005871775E+00
    0.272347965313709996E-02    0.290586624145507812E+02    0.784997172150156786E+01    0.301177556241203792E+01    0.669965445995330811E+00    0.817581535985677377E+01    0.977676538586990418E+01   -0.180845037958945021E+00
    0.270530940381470599E-02    0.290572357177734375E+02    0.789945903316583831E+01    0.309899683266098336E+01    0.778214216232299805E+00    0.811559973663282008E+01    0.101297070115605941E+02   -0.192177539754508242E+00
    0.269112012091938732E-02    0.290529384613037109E+02    0.832986896953068978E+01    0.315584607989386390E+01    0.976483583450317383E+00    0.855604539559790922E+01    0.945207114337169685E+01   -0.221894996397792532E+00
    0.267326773993465565E-02    0.290514354705810547E+02    0.859598824316663723E+01    0.312509016544664586E+01    0.205211496353149414E+01    0.844110941715851126E+01    0.939181842265069733E+01   -0.163339461807278075E+01
    0.265415139535818238E-02    0.290509738922119141E+02    0.856420641447043351E+01    0.330739278030765060E+01    0.126177740097045898E+01    0.866659043303301857E+01    0.104434612243815117E+02   -0.916865670967888180E+00
    0.263568447176066320E-02    0.290501232147216797E+02    0.798062256041697360E+01    0.248087429811636850E+01    0.214199542999267578E+01    0.747271542975981529E+01    0.768486912759874485E+01   -0.133413842880148770E+01
    0.261821232494832299E-02    0.290486106872558594E+02    0.861016804417806014E+01    0.419379577677257487E+01    0.225684499740600586E+01    0.745691987856423566E+01    0.790833678911795968E+01   -0.125212610963618998E+01
    0.260754422235576992E-02    0.290419616699218750E+02    0.797574257728778857E+01    0.307323450060762227E+01    0.876434206962585449E+00    0.804628940004700688E+01    0.795162900728707189E+01   -0.771418680431084081E+00
    0.259114806673033451E-02    0.290397624969482422E+02    0.822644567416323724E+01    0.328553231952132885E+01    0.110465610027313232E+01    0.828523431705501068E+01    0.929425172407792211E+01   -0.843705047549306419E+00
    0.257213076564933620E-02    0.290396804809570312E+02    0.785086666810506539E+01    0.305351951975209079E+01    0.773217201232910156E+00    0.793734885143528768E+01    0.780126774702421866E+01   -0.597375977674382774E+00
    0.255657162534419060E-02    0.290370006561279297E+02    0.856445337702611909E+01    0.325889245145493955E+01    0.144456112384796143E+01    0.858646194814028263E+01    0.990688974181540871E+01   -0.669260092982727262E+00
    0.253860447699339343E-02    0.290362911224365234E+02    0.763162801454164796E+01    0.308542607619949649E+01    0.743988037109375000E+00    0.775470990642755265E+01    0.993141764193451060E+01   -0.810540229994624495E+00
    0.252780025726058368E-02    0.290300064086914062E+02    0.830199010415653404E+01    0.296042081399546042E+01    0.128254854679107666E+01    0.813220493971239300E+01    0.762958790639039552E+01   -0.423555072973250457E+00
    0.251246854410388208E-02    0.290273590087890625E+02    0.894513526133812320E+01    0.345548166086096353E+01    0.193513631820678711E+01    0.888186461145419948E+01    0.103897736370332030E+02   -0.147379973788675045E+01
    0.249742987915878636E-02    0.290245513916015625E+02    0.836442432702731331E+01    0.456279336743331232E+01    0.134770750999450684E+01    0.746025895144260165E+01    0.884294200412881004E+01   -0.201623875613870096E+01
    0.248187049550731547E-02    0.290222358703613281E+02    0.795253164712755911E+01    0.306818052765307980E+01    0.710421264171600342E+00    0.824180919296111547E+01    0.955990681028415423E+01    0.389035844386422802E-01
    0.246650684155899939E-02    0.290198402404785156E+02    0.837973279164025797E+01    0.396946276234652817E+01    0.158494257926940918E+01    0.732101491486444633E+01    0.740666926268746728E+01   -0.161038404942354507E+01
    0.245243080236001460E-02    0.290164718627929688E+02    0.873412817457995239E+01    0.326943130678567284E+01    0.761032581329345703E+00    0.910505509249330380E+01    0.992455864426706746E+01   -0.181173504452071921E+00
    0.243978889422796731E-02    0.290119934082031250E+02    0.864220924698625304E+01    0.301438071905276850E+01    0.191918706893920898E+01    0.870093391734229549E+01    0.944456590789964245E+01   -0.117904495901776740E+01
    0.242308611464924677E-02    0.290109176635742188E+02    0.816771601810640924E+01    0.300031832197313486E+01    0.126081502437591553E+01    0.826481115476138228E+01    0.983975284835360142E+01   -0.187240124445747558E+00
    0.240647473215461170E-02    0.290098609924316406E+02    0.850208848291563513E+01    0.329765548075366688E+01    0.126416993141174316E+01    0.858627420448247314E+01    0.919320405194571855E+01   -0.100978614275574285E+01
    0.239020972423189615E-02    0.290086097717285156E+02    0.840680454549675282E+01    0.392824431150600883E+01    0.189067029953002930E+01    0.756244595351885973E+01    0.888577585551628424E+01   -0.166877400317439517E+01
    0.237815843163430470E-02    0.290039043426513672E+02    0.866712236916145784E+01    0.331819591992275464E+01    0.112486648559570312E+01    0.885033052542112841E+01    0.101828174413099095E+02   -0.688136002726414064E+00
    0.236236190279629768E-02    0.290024185180664062E+02    0.877719238480437980E+01    0.301458151429344312E+01    0.101795625686645508E+01    0.903039232455842722E+01    0.878503757440956257E+01   -0.169903932147705117E+01
    0.234904597623466745E-02    0.289989089965820312E+02    0.871580187268716067E+01    0.332565415316076818E+01    0.359160929918289185E+00    0.888877536564950610E+01    0.841350665609031978E+01   -0.586829260614883941E+00
    0.233397474007519291E-02    0.289969673156738281E+02    0.783345498585998090E+01    0.316174601998173799E+01    0.101535415649414062E+01    0.766329448482383668E+01    0.754196637444594131E+01   -0.675331936724965276E+00
    0.231782836299190354E-02    0.289960365295410156E+02    0.919953889913485590E+01    0.358858128952017141E+01    0.190634882450103760E+01    0.912194250630592940E+01    0.984550349072471676E+01   -0.144361154718492823E+01
    0.230438983001346551E-02    0.289928512573242188E+02    0.804321717381965229E+01    0.422120846224058166E+01    0.102485740184783936E+01    0.748899846055706941E+01    0.922127367869346948E+01   -0.122851292609846841E+01
    0.228826480344549235E-02    0.289920806884765625E+02    0.896282953460222132E+01    0.336135810512663813E+01    0.106248152256011963E+01    0.920758108021204258E+01    0.968534145166806759E+01   -0.899215675544612791E+00
    0.227909758462827797E-02    0.289852943420410156E+02    0.792813583054994364E+01    0.398383764706310073E+01    0.956068933010101318E+00    0.741079765829172921E+01    0.758414596662658536E+01   -0.101157483339445631E+01
    0.226886330710982182E-02    0.289794807434082031E+02    0.803759545659460883E+01    0.390608406594277158E+01    0.114044284820556641E+01    0.760163275570992258E+01    0.867752612677029589E+01   -0.104345111759201892E+01
    0.226035791872439707E-02    0.289721775054931641E+02    0.857924909645826261E+01    0.407924032694240868E+01    0.215414142608642578E+01    0.743695617257011765E+01    0.908031381861357900E+01   -0.117063147332204398E+01
    0.224396526949177839E-02    0.289719200134277344E+02    0.848370247018530144E+01    0.318053970731966507E+01    0.722577273845672607E+00    0.881974030507384832E+01    0.910155572720487882E+01   -0.108475442028043823E+00
    0.223272372730309041E-02    0.289671497344970703E+02    0.823948252376661294E+01    0.313521434833557056E+01    0.981584548950195312E+00    0.817020152327693872E+01    0.776336364914452837E+01   -0.775956479762995643E+00
    0.222055991282654307E-02    0.289632606506347656E+02    0.842697771264496964E+01    0.330272233508402646E+01    0.845490992069244385E+00    0.863829467168200615E+01    0.882279615497964720E+01   -0.510326488491788410E+00
    0.220886467848327613E-02    0.289590072631835938E+02    0.896184252294251671E+01    0.317635419363576910E+01    0.215476751327514648E+01    0.896613104492149660E+01    0.104129508136279725E+02   -0.158102289981989097E+01
    0.219265935610746211E-02    0.289589195251464844E+02    0.810407212451546322E+01    0.445462353717611670E+01    0.987414717674255371E+00    0.740341145418892843E+01    0.859270893727372354E+01   -0.168151838591200975E+01
    0.217753005128513977E-02    0.289579524993896484E+02    0.759420425454873094E+01    0.286190714291752402E+01    0.568379282951354980E+00    0.798637355728515708E+01    0.949932957321420801E+01   -0.251503645714000967E+00
    0.216528694097331727E-02    0.289544143676757812E+02    0.874847894576236840E+01    0.303323197728226424E+01    0.106696498394012451E+01    0.910949688919821909E+01    0.931997555195997585E+01   -0.124024426405833577E+01
    0.215008607828865795E-02    0.289536895751953125E+02    0.807862328614387692E+01    0.291058153249340990E+01    0.937479496002197266E+00    0.837332165819645979E+01    0.937485117463996787E+01   -0.928157103972448994E-01
    0.213462139383895511E-02    0.289533119201660156E+02    0.896805411371441075E+01    0.353442797292163835E+01    0.109856045246124268E+01    0.913157650771269225E+01    0.951358787410494955E+01   -0.964821175924277297E+00
    0.212715270182405741E-02    0.289455070495605469E+02    0.848933813769783718E+01    0.442714456239717791E+01    0.174943184852600098E+01    0.746127905865884777E+01    0.805323456217689682E+01   -0.187678160268222971E+01
    0.212087687559441409E-02    0.289366016387939453E+02    0.866753956834894801E+01    0.309030041161475966E+01    0.128462505340576172E+01    0.894122313945215730E+01    0.939431486661100834E+01   -0.147726606229733126E+01
    0.211439572796220075E-02    0.289279079437255859E+02    0.821742885883026730E+01    0.413885065407841424E+01    0.136464333534240723E+01    0.762359033689040366E+01    0.865744811714935025E+01   -0.121065895549796365E+01
    0.210052747567399936E-02    0.289262542724609375E+02    0.781708574093926511E+01    0.303469779701212072E+01    0.813249349594116211E+00    0.801422920699120311E+01    0.974837660508641157E+01   -0.248036115418339254E+00
    0.208733335972795296E-02    0.289240417480468750E+02    0.872272902407890172E+01    0.328747562725592424E+01    0.383137971162796021E+00    0.852376655547348072E+01    0.773037958709567086E+01   -0.648328300530615742E+00
    0.208721147736835953E-02    0.289093437194824219E+02    0.804211950804094755E+01    0.325176572408785525E+01    0.126809310913085938E+01    0.790425424839477575E+01    0.884112197421312906E+01   -0.930502975696118728E+00
    0.207275638823846507E-02    0.289084281921386719E+02    0.814033141446319242E+01    0.324290250162296889E+01    0.130747497081756592E+01    0.806634704927413537E+01    0.103907589915106087E+02   -0.958901234306041905E+00
    0.206051669367614352E-02    0.289054584503173828E+02    0.844235921128821509E+01    0.315923038451133520E+01    0.170714139938354492E+01    0.831747092812657307E+01    0.956035733834525026E+01   -0.759115391049895116E+00
    0.204827113807888421E-02    0.289025650024414062E+02    0.869757692866541099E+01    0.317510756443871767E+01    0.106963026523590088E+01    0.900419127374577144E+01    0.970675000380934350E+01   -0.848488869340755292E+00
    0.203541690839076795E-02    0.289003410339355469E+02    0.819493569386350629E+01    0.401409551561618283E+01    0.138801980018615723E+01    0.759889852164775537E+01    0.102362315758094979E+02   -0.990038245491233093E+00
    0.202436083538335690E-02    0.288964195251464844E+02    0.875904642744672834E+01    0.327398016278550541E+01    0.139218533039093018E+01    0.880740092176662515E+01    0.895779287964879423E+01   -0.858672808355633865E+00
    0.201205573871072671E-02    0.288937988281250000E+02    0.840830052697205588E+01    0.385576598534395609E+01    0.166912698745727539E+01    0.731758138304788019E+01    0.929200822264595061E+01   -0.152079024095815574E+01
    0.199764481204868418E-02    0.288933601379394531E+02    0.822415773441766795E+01    0.314570797100978927E+01    0.842662811279296875E+00    0.847919876179846099E+01    0.894459467732200508E+01   -0.153841928860379618E+00
    0.198447229996666233E-02    0.288917770385742188E+02    0.819383917204004320E+01    0.308164621348083134E+01    0.131585478782653809E+01    0.803414462625422487E+01    0.770608673072143802E+01   -0.550155917824664442E+00
    0.197052576787731977E-02    0.288910675048828125E+02    0.831329976940065229E+01    0.259878528847082979E+01    0.251258039474487305E+01    0.807351220435940320E+01    0.861305486348428673E+01   -0.138283109615534405E+01
    0.196104116146195856E-02    0.288859024047851562E+02    0.848415850857200837E+01    0.306121863367698799E+01    0.143214666843414307E+01    0.868353471091262641E+01    0.101512463193099194E+02   -0.111223964121522778E+01
    0.195077229117630912E-02    0.288815879821777344E+02    0.884647543546063098E+01    0.340068983455161433E+01    0.103094255924224854E+01    0.916092715805160296E+01    0.103418666163282964E+02   -0.107635916256967534E+01
    0.193819903623317384E-02    0.288797054290771484E+02    0.874812625151678169E+01    0.307672518870309153E+01    0.266171455383300781E+01    0.839581114525739025E+01    0.100313194382537958E+02   -0.127837887571761732E+01
    0.192515594898424211E-02    0.288783950805664062E+02    0.815983723172353059E+01    0.299765027609907442E+01    0.842225015163421631E+00    0.850607554264394317E+01    0.907696394032106646E+01   -0.752899336713851008E+00
    0.191579470957940062E-02    0.288733291625976562E+02    0.873065408678247223E+01    0.327296182421675397E+01    0.253645229339599609E+01    0.833159119913348434E+01    0.922859625180885246E+01   -0.157684228625633427E+01
    0.190578094438651944E-02    0.288689956665039062E+02    0.875963241121281300E+01    0.334501341346619263E+01    0.684259474277496338E+00    0.848682195763649894E+01    0.775789453988249189E+01   -0.562347929605644170E+00
    0.189213479757652475E-02    0.288685531616210938E+02    0.815723480796290978E+01    0.321404003451093034E+01    0.893367707729339600E+00    0.837230595900461871E+01    0.101094324418677584E+02   -0.514450472976140327E+00
    0.187927086301489018E-02    0.288673820495605469E+02    0.873978289340028525E+01    0.304332222046810941E+01    0.110467171669006348E+01    0.879226610787173612E+01    0.831700312782947293E+01   -0.158919082367810871E+01
    0.186582343581153331E-02    0.288669300079345703E+02    0.810572361083377935E+01    0.441964482497716915E+01    0.102608668804168701E+01    0.745106825886006607E+01    0.895293750230757723E+01   -0.151787345718109590E+01
    0.185379416337790666E-02    0.288650512695312500E+02    0.897678177896570162E+01    0.330877067172834671E+01    0.181767189502716064E+01    0.900349528288781187E+01    0.979250928234894857E+01   -0.184412075126341568E+01
    0.184311987690437403E-02    0.288617858886718750E+02    0.865933278201048751E+01    0.293256661794794482E+01    0.184749174118041992E+01    0.876933008882983955E+01    0.990563708399229625E+01   -0.134946307871806237E+01
    0.183118284035823655E-02    0.288599662780761719E+02    0.795307922708053194E+01    0.312675724011438039E+01    0.112730133533477783E+01    0.792823663091575614E+01    0.887296163435721041E+01   -0.930414179565910215E+00
    0.181852170177202962E-02    0.288590278625488281E+02    0.798380216141210397E+01    0.311319896385495998E+01    0.808558821678161621E+00    0.823192191040887877E+01    0.981118236150402367E+01   -0.483810946295679667E+00
    0.180679911454201215E-02    0.288571472167968750E+02    0.814148534576069771E+01    0.294798742806971648E+01    0.189887571334838867E+01    0.777526496285873581E+01    0.909400136374469525E+01   -0.126854380634481489E+01
    0.180224858801238900E-02    0.288473758697509766E+02    0.871893068516055791E+01    0.406863987181810849E+01    0.233540177345275879E+01    0.731908729028574179E+01    0.774619291940652843E+01   -0.161077214373712274E+01
    0.179064797768874011E-02    0.288454761505126953E+02    0.803782436381722398E+01    0.427997370600519478E+01    0.101533198356628418E+01    0.750328814126689458E+01    0.981173529838809877E+01   -0.121444308655591149E+01
    0.178445256442680993E-02    0.288375930786132812E+02    0.871504985843828273E+01    0.316264208649481704E+01    0.113111805915832520E+01    0.900916610437866439E+01    0.104604131097942439E+02   -0.938443932724781993E+00
    0.177305780983932145E-02    0.288355903625488281E+02    0.835861051692006107E+01    0.416488730782893501E+01    0.156616568565368652E+01    0.734879790077932427E+01    0.871315708955143364E+01   -0.155472220247145110E+01
    0.177009571634430306E-02    0.288241195678710938E+02    0.853971420810730919E+01    0.285283524189945537E+01    0.244534158706665039E+01    0.828725140120664427E+01    0.932518595718999777E+01   -0.154467056743706710E+01
    0.175730381293654424E-02    0.288238105773925781E+02    0.895747484938715210E+01    0.342947862066204712E+01    0.138051676750183105E+01    0.902269851813315249E+01    0.916006498498206057E+01   -0.135017207615756352E+01
    0.174583099253737290E-02    0.288220958709716797E+02    0.803992197747169079E+01    0.298946535463789864E+01    0.864197790622711182E+00    0.828386080942990688E+01    0.852326021491123065E+01   -0.224144233677489924E+00
    0.173313675676310696E-02    0.288218765258789062E+02    0.824820741216185027E+01    0.393543386224826586E+01    0.155039632320404053E+01    0.764628322798955917E+01    0.104390557561741417E+02   -0.120342563220331433E+01
    0.172639433652545075E-02    0.288148574829101562E+02    0.813681655785159030E+01    0.295163825196608753E+01    0.122082853317260742E+01    0.813826791400595440E+01    0.798514250195831288E+01   -0.710276888994405331E+00
    0.171392478680306793E-02    0.288145408630371094E+02    0.853573167174663361E+01    0.280607409448121725E+01    0.245951914787292480E+01    0.832952990914855640E+01    0.868401548086381148E+01   -0.135843090992721827E+01
    0.170346119068817627E-02    0.288119735717773438E+02    0.826016932417785377E+01    0.308046577695022039E+01    0.816046655178070068E+00    0.862345711179566443E+01    0.959060947833808264E+01   -0.482593259022696675E+00
    0.169218657243182138E-02    0.288104400634765625E+02    0.860464083981928951E+01    0.316584600403135674E+01    0.211592769622802734E+01    0.841012665097280454E+01    0.996234833218317561E+01   -0.951915123010061537E+00
    0.168547004204842323E-02    0.288035793304443359E+02    0.909647882631931637E+01    0.361613178614633046E+01    0.138140094280242920E+01    0.902055302838058815E+01    0.884756578509535352E+01   -0.124745374643278373E+01
    0.167305513849005049E-02    0.288035507202148438E+02    0.786418119137086613E+01    0.308339619108156615E+01    0.862382411956787109E+00    0.800645055188321741E+01    0.852258143875656238E+01   -0.382914065798827474E+00
    0.166206418882619859E-02    0.288019180297851562E+02    0.860886507225356645E+01    0.322360572544469637E+01    0.828681826591491699E+00    0.897888855657893181E+01    0.945862635204356295E+01   -0.756209948870729454E+00
    0.165255693683461890E-02    0.287985763549804688E+02    0.853877349854585788E+01    0.403688008384708574E+01    0.167372786998748779E+01    0.730681601553648008E+01    0.777671601552279679E+01   -0.198487314925420422E+01
    0.164802549192596850E-02    0.287892532348632812E+02    0.861726361213407799E+01    0.307109152777693239E+01    0.227311611175537109E+01    0.843571369958694994E+01    0.932704355187927625E+01   -0.169518238413046163E+01
    0.163752845071294729E-02    0.287872180938720703E+02    0.879641565748696941E+01    0.330602843027266902E+01    0.224981760978698730E+01    0.859210083866345187E+01    0.983379521258121692E+01   -0.155857443978061649E+01
    0.162941819476414697E-02    0.287823333740234375E+02    0.832957061804630250E+01    0.402197801890548057E+01    0.172357416152954102E+01    0.761889028741124807E+01    0.962559394224914477E+01   -0.120200761777345710E+01
    0.161786817238130536E-02    0.287817459106445312E+02    0.849589761919180297E+01    0.315303728951867468E+01    0.102777719497680664E+01    0.877779699334715602E+01    0.103445916689972197E+02   -0.910052116886987061E+00
    0.307678807703661364E-02    0.274961738586425781E+02    0.823059069731045589E+01    0.389597530903223710E+01    0.146005213260650635E+01    0.739026912164407168E+01    0.898852646007702916E+01   -0.145835324571868830E+01
    0.182514930465360191E-02    0.285406227111816406E+02    0.817099953795744938E+01    0.409645892445839799E+01    0.126777911186218262E+01    0.744989277050705212E+01    0.998950504462356292E+01   -0.107081821275247102E+01
    0.239584621433522934E-02    0.279964733123779297E+02    0.834806772524754592E+01    0.436665929563558386E+01    0.148792862892150879E+01    0.750739627050964131E+01    0.968695755677998172E+01   -0.157773573980827075E+01
    0.189152355794996617E-02    0.284691810607910156E+02    0.806498646792383944E+01    0.389165806637620237E+01    0.122020685672760010E+01    0.755976168395714332E+01    0.981418821632368044E+01   -0.112158273850632040E+01
    0.171003595148687057E-02    0.286709175109863281E+02    0.825655761447566583E+01    0.446097627764820182E+01    0.113733470439910889E+01    0.732925224931295549E+01    0.910538145754856032E+01   -0.185697162794988557E+01
    0.173152045579334519E-02    0.286459465026855469E+02    0.807286487715898282E+01    0.416009955069198334E+01    0.107432544231414795E+01    0.742143324355076306E+01    0.902241541360766419E+01   -0.140336531677653742E+01
    0.167504602535572546E-02    0.287122650146484375E+02    0.812187887990241819E+01    0.429050142680620450E+01    0.112339532375335693E+01    0.738015558872213795E+01    0.977969263210233208E+01   -0.123285759260237482E+01
    0.315285950358061172E-02    0.274473266601562500E+02    0.850509786184216843E+01    0.402468270684581952E+01    0.200449061393737793E+01    0.747115973916648901E+01    0.938108070558423357E+01   -0.150594700259203718E+01
    0.206459035049077512E-02    0.282940826416015625E+02    0.838689230504252414E+01    0.397391012361148954E+01    0.179549205303192139E+01    0.749620498330071516E+01    0.924353952537425805E+01   -0.167857381246528536E+01
    0.175902948469556174E-02    0.286144218444824219E+02    0.857994993540692441E+01    0.433822777353607236E+01    0.204745078086853027E+01    0.751490341841087073E+01    0.921188228565610956E+01   -0.161450525387776178E+01
    0.323739668283506759E-02    0.273944072723388672E+02    0.831956140640658148E+01    0.391622738773187962E+01    0.156069922447204590E+01    0.743320703365052715E+01    0.900456893003732439E+01   -0.168661457761974898E+01
    0.220160698988610282E-02    0.281655712127685547E+02    0.839786598742051460E+01    0.387901990145665421E+01    0.181026005744934082E+01    0.754191689016615818E+01    0.913013307208075631E+01   -0.170466851266242103E+01
    0.163876724682568615E-02    0.287560577392578125E+02    0.869280359802271541E+01    0.417411500373041200E+01    0.233596611022949219E+01    0.743544340052555608E+01    0.917358640483278087E+01   -0.174777458088668425E+01
    0.232276722598272201E-02    0.280584278106689453E+02    0.866083530929319423E+01    0.416503303965549243E+01    0.224513792991638184E+01    0.743525845091516757E+01    0.941514157385164374E+01   -0.153324323344297309E+01
    0.224306305482136143E-02    0.281282615661621094E+02    0.847571378586640023E+01    0.444764010117526887E+01    0.168224716186523438E+01    0.742858003649138254E+01    0.887344165054597589E+01   -0.130264901036280079E+01
    0.168065925851973745E-02    0.287055740356445312E+02    0.839258926717145748E+01    0.386742520523629629E+01    0.185466969013214111E+01    0.762495464200524076E+01    0.909353227556250765E+01   -0.148393372289537706E+01
    0.171800305737440152E-02    0.286616210937500000E+02    0.799843019848833325E+01    0.392374781173037368E+01    0.108432030677795410E+01    0.740638933086266427E+01    0.953763177101327742E+01   -0.149112486466490823E+01
    0.173407195120693722E-02    0.286430015563964844E+02    0.804448842649937035E+01    0.408931659680899351E+01    0.111458230018615723E+01    0.740869456152152317E+01    0.906688340580744168E+01   -0.136213001761762498E+01
    0.201399646328875295E-02    0.283437042236328125E+02    0.865843544544985733E+01    0.407392762702851030E+01    0.234199047088623047E+01    0.744471627094763200E+01    0.101921334539985864E+02   -0.152603162684348126E+01
    0.178626845528229898E-02    0.285836887359619141E+02    0.829926225437714749E+01    0.412057018754199955E+01    0.141283690929412842E+01    0.750714043400703268E+01    0.101470128289907375E+02   -0.186068957971489302E+01
    0.263769138248994136E-02    0.278041381835937500E+02    0.832169973388286621E+01    0.404950839765372184E+01    0.157105541229248047E+01    0.751281115340688199E+01    0.102117201824506125E+02   -0.167816855154659339E+01
    0.235580881653044963E-02    0.280301780700683594E+02    0.821626077606430094E+01    0.425163402277552205E+01    0.114565515518188477E+01    0.745628311966716595E+01    0.103502966728622265E+02   -0.214114951290678501E+01
    0.216278913869252971E-02    0.282011489868164062E+02    0.828630887826309959E+01    0.441420746549140652E+01    0.117727255821228027E+01    0.743317966819383624E+01    0.103558910581846781E+02   -0.210080412434202213E+01
    0.211141922912899856E-02    0.282492256164550781E+02    0.844682772408035021E+01    0.460125900954665301E+01    0.132573771476745605E+01    0.736338081359259444E+01    0.977129517334719466E+01   -0.217425087570724029E+01
    0.226798253206068022E-02    0.281061649322509766E+02    0.849887096526175512E+01    0.423737583847270205E+01    0.186967635154724121E+01    0.750802822486843446E+01    0.992088758778427326E+01   -0.164436854401325072E+01
    0.430976034955392676E-02    0.268221817016601562E+02    0.846611462819535099E+01    0.388690421272106290E+01    0.179786443710327148E+01    0.743997341968981551E+01    0.966249819683831035E+01   -0.213187052925808995E+01
    0.202813803232856135E-02    0.283297100067138672E+02    0.873686781118294142E+01    0.450396378653664975E+01    0.205759572982788086E+01    0.739624342327136386E+01    0.930265281276594003E+01   -0.191260940741840524E+01
    0.345473656235062562E-02    0.272644538879394531E+02    0.835414794316992371E+01    0.392808561953599789E+01    0.153965497016906738E+01    0.738182090368831823E+01    0.933062204203754675E+01   -0.204374473581956373E+01
    0.392044936615954832E-02    0.270115337371826172E+02    0.848720832358262101E+01    0.406855432034832809E+01    0.163021254539489746E+01    0.731989070001087594E+01    0.103177623120872379E+02   -0.195502471333942252E+01
    0.202346077652697026E-02    0.283343276977539062E+02    0.870900487518780153E+01    0.422702132914839446E+01    0.219685673713684082E+01    0.736171292265690980E+01    0.104370855461346288E+02   -0.175129532150562284E+01
    0.300280121442990898E-02    0.275448551177978516E+02    0.846361920161204395E+01    0.446926628517131519E+01    0.145673513412475586E+01    0.734136014647480550E+01    0.915753416915482177E+01   -0.199169634434037324E+01
    0.265871372354099019E-02    0.277882614135742188E+02    0.822544486291920052E+01    0.423984193968796585E+01    0.114854550361633301E+01    0.738889794985486681E+01    0.104177930505777603E+02   -0.212523555959532118E+01
    0.202676329423960534E-02    0.283310661315917969E+02    0.871854789407560204E+01    0.435716743854411082E+01    0.226094603538513184E+01    0.743601708013649976E+01    0.953291559954114476E+01   -0.171789576834398705E+01
    0.179017889692439491E-02    0.285793151855468750E+02    0.829337297691654740E+01    0.387419756389660774E+01    0.136601340770721436E+01    0.741325339985072773E+01    0.102911431390042374E+02   -0.217996752471007271E+01
    0.189951180127153740E-02    0.284607524871826172E+02    0.855308268135265592E+01    0.451241253644945317E+01    0.165025377273559570E+01    0.731478542934286935E+01    0.960636491287552907E+01   -0.166272387829945867E+01
    0.280233990330895329E-02    0.276830368041992188E+02    0.821612955610355833E+01    0.420422409465930613E+01    0.115274620056152344E+01    0.740877873379881979E+01    0.911655461540645184E+01   -0.209447365678851760E+01
    0.189601698353196501E-02    0.284644355773925781E+02    0.811170697018945397E+01    0.384375062635169096E+01    0.118120682239532471E+01    0.744225674896596168E+01    0.102042497283663902E+02   -0.192444704997754301E+01
    0.176237432296920925E-02    0.286106224060058594E+02    0.842908399330606173E+01    0.458367864277076453E+01    0.153173530101776123E+01    0.738325935218741325E+01    0.946978401928969760E+01   -0.132425739707022228E+01
    0.168570602887038019E-02    0.286995773315429688E+02    0.862519796634310332E+01    0.385460977875148858E+01    0.225989127159118652E+01    0.748693128162270494E+01    0.100794081682895857E+02   -0.187949639606578689E+01
    0.174108638089178380E-02    0.286349277496337891E+02    0.819179631274401210E+01    0.436985291412772536E+01    0.121072053909301758E+01    0.736403099065738420E+01    0.877384447336430462E+01   -0.139694209992955298E+01
    0.232308623142286896E-02    0.280581531524658203E+02    0.830592200388717750E+01    0.432036577461010562E+01    0.131609106063842773E+01    0.736396172975552155E+01    0.880017432733488825E+01   -0.156917069087795058E+01
    0.290428437439558575E-02    0.276115722656250000E+02    0.857979997619435686E+01    0.436707319338795497E+01    0.187932562828063965E+01    0.742973519768278479E+01    0.878677606754223817E+01   -0.165132862775802303E+01
    0.263409667130613248E-02    0.278068656921386719E+02    0.825657697092649023E+01    0.393744564096086336E+01    0.144638216495513916E+01    0.742148324337453946E+01    0.819981104439433572E+01   -0.189753271153821523E+01
    0.162182350684872347E-02    0.287768440246582031E+02    0.807394297506789904E+01    0.412192704399300514E+01    0.102677476406097412E+01    0.737652850776875102E+01    0.824299155918144066E+01   -0.198279178346463780E+01
    0.173352960935351397E-02    0.286436271667480469E+02    0.845757696496633216E+01    0.427578662414586042E+01    0.179260301589965820E+01    0.752163928587867492E+01    0.807119539721259649E+01   -0.160906273233702413E+01
    0.179814894564039201E-02    0.285704307556152344E+02    0.827565757902122812E+01    0.402431775535127301E+01    0.131731927394866943E+01    0.735124973868836129E+01    0.837779830903497569E+01   -0.183650230385765711E+01
    0.229703768257340539E-02    0.280807056427001953E+02    0.831214705209531779E+01    0.435434766106048166E+01    0.143226051330566406E+01    0.738214390438477341E+01    0.866716487068543628E+01   -0.138409638212387920E+01
    0.188890250872692563E-02    0.284719543457031250E+02    0.810199660749767325E+01    0.403071688741545753E+01    0.112368774414062500E+01    0.737805318309515101E+01    0.855142510185034332E+01   -0.160550106249941127E+01
    0.216586252643280984E-02    0.281983089447021484E+02    0.835709608134181714E+01    0.433662727794518688E+01    0.146420204639434814E+01    0.744753528075942484E+01    0.801445374291002999E+01   -0.157756886927929463E+01
    0.183309847041418115E-02    0.285319309234619141E+02    0.806582097560445632E+01    0.405872230636634956E+01    0.110431003570556641E+01    0.746237048878148634E+01    0.789551029799550097E+01   -0.156313670678636130E+01
    0.280281030623375947E-02    0.276827011108398438E+02    0.822341423422711593E+01    0.393484972104713870E+01    0.136855292320251465E+01    0.735150601345931065E+01    0.813323909297474579E+01   -0.163218459464857779E+01
    0.231822615534060458E-02    0.280623416900634766E+02    0.815082470284301408E+01    0.422698544149578037E+01    0.115577030181884766E+01    0.741314416592602488E+01    0.828605004841411841E+01   -0.158946710404240843E+01
    0.187856565312177759E-02    0.284829292297363281E+02    0.832961441967614036E+01    0.431350682972501165E+01    0.127516460418701172E+01    0.741544655969371824E+01    0.871324895005125555E+01   -0.200346593913841664E+01
    0.476539532830175163E-02    0.266211853027343750E+02    0.836462636880054333E+01    0.402726914480016429E+01    0.150979697704315186E+01    0.732752542336143620E+01    0.766841017458249929E+01   -0.191174998570118104E+01
    0.284876781853791918E-02    0.276501731872558594E+02    0.850121917369701130E+01    0.454454512080528428E+01    0.148341119289398193E+01    0.728096907843410968E+01    0.733805834876323448E+01   -0.202758228215944758E+01
    0.274905780781793630E-02    0.277214298248291016E+02    0.854974932372915575E+01    0.396844461682862359E+01    0.195573151111602783E+01    0.743305100455958456E+01    0.818692007117874354E+01   -0.194459948289240225E+01
    0.328508706649755433E-02    0.273651599884033203E+02    0.870243514801114237E+01    0.409106903381768827E+01    0.213722658157348633E+01    0.738335622435448258E+01    0.808439248456112658E+01   -0.206344573694580147E+01
    0.222515747414836658E-02    0.281442909240722656E+02    0.851440721004938261E+01    0.418448081429803587E+01    0.197635293006896973E+01    0.738337540290686434E+01    0.746403209797766642E+01   -0.133470621514119703E+01
    0.354285445262145400E-02    0.272140808105468750E+02    0.858983150297906661E+01    0.422693452062906250E+01    0.169745016098022461E+01    0.729732281458486920E+01    0.764627174915004559E+01   -0.217332754495948155E+01
    0.184207806134287482E-02    0.285221576690673828E+02    0.861309464877543540E+01    0.392945695236979642E+01    0.222673416137695312E+01    0.746330317885162575E+01    0.834029937318667614E+01   -0.204914629053085617E+01
    0.211024964792800923E-02    0.282503337860107422E+02    0.836970245941248692E+01    0.451800410145734688E+01    0.146507334709167480E+01    0.735243424063942985E+01    0.737183336023064584E+01   -0.159898252101777105E+01
    0.238044345142948309E-02    0.280093727111816406E+02    0.829090585356488674E+01    0.420238317029115294E+01    0.127700293064117432E+01    0.729398563824783963E+01    0.753530888236341667E+01   -0.209842445965521129E+01
    0.241973388143496091E-02    0.279766311645507812E+02    0.851237837243274775E+01    0.404728013205974158E+01    0.185905599594116211E+01    0.723457123025074278E+01    0.706539775322383967E+01   -0.180317432534327260E+01
    0.189045955783007005E-02    0.284703063964843750E+02    0.872158707640099529E+01    0.460396172400860149E+01    0.179939413070678711E+01    0.720349447686476818E+01    0.701190548282781823E+01   -0.198696569837559789E+01
    0.285665198528739115E-02    0.276446456909179688E+02    0.837235497734318201E+01    0.393456528593959343E+01    0.168832707405090332E+01    0.743791666618147307E+01    0.101140219451153808E+02   -0.146102508847238077E+01
    0.166615911666601123E-02    0.287229042053222656E+02    0.860331891663196835E+01    0.382683287610845912E+01    0.218180704116821289E+01    0.738465015050502327E+01    0.902859601691945635E+01   -0.159213435435488093E+01
    0.177836293702504904E-02    0.285925598144531250E+02    0.857620898621046379E+01    0.432886155734130984E+01    0.179837298393249512E+01    0.733360845797915584E+01    0.100908280672643009E+02   -0.135969616206879707E+01
    0.273194697287394792E-02    0.277339172363281250E+02    0.826884465996447915E+01    0.414923372464523421E+01    0.145494723320007324E+01    0.744337659853820099E+01    0.104804159361611084E+02   -0.127517694510797797E+01
    0.225634356385884943E-02    0.281164550781250000E+02    0.815928047506580789E+01    0.409791171553899325E+01    0.116045916080474854E+01    0.741198359434218634E+01    0.923771942309704741E+01   -0.181079218789647012E+01
    0.164049980009312187E-02    0.287539443969726562E+02    0.803906341067452956E+01    0.388864276474873183E+01    0.119160509109497070E+01    0.743574806932439181E+01    0.859468006436870269E+01   -0.107335821667616438E+01
    0.193344760111710057E-02    0.284253368377685547E+02    0.822600015480544933E+01    0.427689935752901462E+01    0.127271807193756104E+01    0.735961370272601467E+01    0.752604451347294923E+01   -0.137215117880134163E+01
    0.192685225612992928E-02    0.284321708679199219E+02    0.823519671436238632E+01    0.424734809492420329E+01    0.141422951221466064E+01    0.738669538650563773E+01    0.750396595875834915E+01   -0.129029137884535672E+01
    0.203736761565744863E-02    0.283206291198730469E+02    0.831667066419384504E+01    0.412661172245147245E+01    0.159063744544982910E+01    0.747188133026953594E+01    0.799855691100820376E+01   -0.107549260695945970E+01
    0.175205471246882489E-02    0.286223678588867188E+02    0.830248993987101080E+01    0.410222996619428404E+01    0.151836466789245605E+01    0.756766833154662688E+01    0.847279634062455678E+01   -0.941330762135086596E+00
    0.261652333175305032E-02    0.278202533721923828E+02    0.850182230350447909E+01    0.401903340939112397E+01    0.200072574615478516E+01    0.739424503111175913E+01    0.816586637395943349E+01   -0.135554334985061442E+01
    0.169441923454157883E-02    0.286892662048339844E+02    0.812615638846875576E+01    0.278196659319780393E+01    0.210480785369873047E+01    0.762415877557681210E+01    0.759286551427948364E+01   -0.115963958065316097E+01
    0.166629577396144499E-02    0.287227401733398438E+02    0.811262409402490015E+01    0.309232279342382199E+01    0.188598430156707764E+01    0.732528949832010223E+01    0.713634345038564000E+01   -0.121128698371245624E+01
    0.189545291445187766E-02    0.284650306701660156E+02    0.834769055638613899E+01    0.426211763162643642E+01    0.150772225856781006E+01    0.733882668221144385E+01    0.813301437850583575E+01   -0.117130718132611489E+01
    0.169645975843903400E-02    0.286868591308593750E+02    0.851902528681167759E+01    0.302514616918347379E+01    0.201117992401123047E+01    0.842258704216247267E+01    0.919407618297368323E+01   -0.154511850253436256E+01
    0.214903634307145666E-02    0.282139072418212891E+02    0.852987731799369797E+01    0.305273156727054573E+01    0.180910360813140869E+01    0.850848016384767014E+01    0.938360540439994040E+01   -0.103223843380539537E+01
    0.224492917086600722E-02    0.281265983581542969E+02    0.890885469326339319E+01    0.319181468799599211E+01    0.196966099739074707E+01    0.886134613992419240E+01    0.915865756476848603E+01   -0.134208703242863625E+01
    0.217735036600359482E-02    0.281877288818359375E+02    0.902894960472494468E+01    0.319287814588706231E+01    0.126567423343658447E+01    0.896371372262888499E+01    0.846438357835693189E+01   -0.181384691327993952E+01
    0.193699663436734714E-02    0.284216690063476562E+02    0.888894178134635027E+01    0.333784344488586449E+01    0.178933858871459961E+01    0.881803939794382075E+01    0.895083129750247686E+01   -0.151859052823602747E+01
    0.197582595649028765E-02    0.283819732666015625E+02    0.885761282992887722E+01    0.327243948699807508E+01    0.115876233577728271E+01    0.879779610090383635E+01    0.837348397948046497E+01   -0.114524038287739960E+01
    0.184736464416677634E-02    0.285164260864257812E+02    0.874274404986590525E+01    0.331841652589612046E+01    0.188204705715179443E+01    0.860874701985386714E+01    0.894974738988238094E+01   -0.112894244013909328E+01
    0.182477163396456616E-02    0.285410366058349609E+02    0.870503935748105384E+01    0.294827118483180284E+01    0.217248249053955078E+01    0.864058857868242569E+01    0.882689623467006967E+01   -0.185231146699818039E+01
    0.177201606436278849E-02    0.285997104644775391E+02    0.869533834794217597E+01    0.322972460073908518E+01    0.204004883766174316E+01    0.840349342100122065E+01    0.822625887791656751E+01   -0.102851800791390802E+01
    0.161962560229683824E-02    0.287795562744140625E+02    0.871162031119883196E+01    0.333277335570213395E+01    0.128602755069732666E+01    0.880922590826659224E+01    0.914728177871564796E+01   -0.853173968294590468E+00
    0.195388734387347404E-02    0.284043045043945312E+02    0.875877926205455637E+01    0.319021303134714262E+01    0.226665687561035156E+01    0.853072377663048442E+01    0.905523033688843881E+01   -0.115844130404885526E+01
    0.189746589121004899E-02    0.284629077911376953E+02    0.876694227249437041E+01    0.311928585596530228E+01    0.126887977123260498E+01    0.870846992826169952E+01    0.823642533286974654E+01   -0.124076375532991534E+01
    0.222928448938555053E-02    0.281405849456787109E+02    0.884999090433195512E+01    0.326742760779113661E+01    0.187493991851806641E+01    0.883931123860838319E+01    0.991316701909637032E+01   -0.123327671053132271E+01
    0.174021819286615206E-02    0.286359252929687500E+02    0.906117027800659436E+01    0.330186731166527458E+01    0.183311307430267334E+01    0.915711058879191420E+01    0.995574942323530188E+01   -0.180394718852246472E+01
    0.212532649613605441E-02    0.282360954284667969E+02    0.894118742832415414E+01    0.321719032911233782E+01    0.187434816360473633E+01    0.899420014427352754E+01    0.982157429867305076E+01   -0.141544662468957050E+01
    0.207899398366960314E-02    0.282801780700683594E+02    0.855821208799375199E+01    0.289698950585282455E+01    0.249144792556762695E+01    0.832580619939017197E+01    0.101687577356699066E+02   -0.145417287808453022E+01
    0.174964027129141078E-02    0.286251258850097656E+02    0.850662598025521177E+01    0.299856049162338056E+01    0.213943719863891602E+01    0.834596249125110745E+01    0.100221292607445172E+02   -0.159767567381263120E+01
    0.211622714589301906E-02    0.282446765899658203E+02    0.873684904028183240E+01    0.315711262965892070E+01    0.239638543128967285E+01    0.850515198291097185E+01    0.984619602186691978E+01   -0.158517222036397643E+01
    0.214880271496432169E-02    0.282141246795654297E+02    0.868247812514282380E+01    0.304316004019351194E+01    0.241646862030029297E+01    0.844308459272612843E+01    0.101564985914363106E+02   -0.136362628184911383E+01
    0.166370120096151746E-02    0.287258567810058594E+02    0.871668511268764235E+01    0.303486281763609611E+01    0.147505688667297363E+01    0.892193301041191589E+01    0.949413758717237677E+01   -0.157085877764989879E+01
    0.169586772131202399E-02    0.286875572204589844E+02    0.861272340591119168E+01    0.290718303084945706E+01    0.203558421134948730E+01    0.862051898006954787E+01    0.980647234299027382E+01   -0.141470860828577649E+01
    0.176820937543894162E-02    0.286040115356445312E+02    0.854609782556852515E+01    0.313210820730440087E+01    0.216222190856933594E+01    0.833378614716205846E+01    0.100018486310161787E+02   -0.142065682432658091E+01
    0.206471636693108694E-02    0.282939605712890625E+02    0.897326997690753636E+01    0.326212447853210907E+01    0.141272544860839844E+01    0.916520329427677893E+01    0.981142426869889306E+01   -0.128459966068837650E+01
    0.228220050596273120E-02    0.280936660766601562E+02    0.883977414964778774E+01    0.308859800557804443E+01    0.260909986495971680E+01    0.857735989005609056E+01    0.954234998741365814E+01   -0.152422000819562875E+01
    0.175653842394368634E-02    0.286172561645507812E+02    0.883779526995026998E+01    0.335825163576824748E+01    0.186234998703002930E+01    0.878879994779478935E+01    0.944458391897801697E+01   -0.122453256127864929E+01
    0.171881262526257599E-02    0.286606788635253906E+02    0.868950135197224327E+01    0.333650671762008599E+01    0.157268977165222168E+01    0.873049287587140732E+01    0.104835104285341352E+02   -0.109328646628984893E+01
    0.234854754531599232E-02    0.280363521575927734E+02    0.879399573960201764E+01    0.316368931564062805E+01    0.201316380500793457E+01    0.876617296841358851E+01    0.101492532666811783E+02   -0.132201401845782285E+01
    0.194310962019685909E-02    0.284153671264648438E+02    0.909583268021125591E+01    0.330428037310502276E+01    0.202237939834594727E+01    0.905250311408458685E+01    0.923713473808066965E+01   -0.207124564357771179E+01
    0.164492077256435994E-02    0.287485618591308594E+02    0.881137060766634050E+01    0.306490900863276483E+01    0.105236375331878662E+01    0.916900445190995050E+01    0.927956634152596394E+01   -0.166003759890190183E+01
    0.190935381407351034E-02    0.284504165649414062E+02    0.888586503400781602E+01    0.300059077045113964E+01    0.189927423000335693E+01    0.897377081352953709E+01    0.920866366594354346E+01   -0.184741696356119567E+01
    0.182629846095974527E-02    0.285393638610839844E+02    0.840635217888954678E+01    0.305521445079973075E+01    0.116767311096191406E+01    0.864260049491496751E+01    0.928638633839185346E+01   -0.103162444708277068E+01
    0.166267021162505254E-02    0.287270965576171875E+02    0.835893206215574480E+01    0.323240600089177565E+01    0.107191908359527588E+01    0.852693305072849661E+01    0.952662061970193896E+01   -0.865575320892513878E+00
    0.170353485603852830E-02    0.286785354614257812E+02    0.818447509932276951E+01    0.307755983136575750E+01    0.100278401374816895E+01    0.842432219779086111E+01    0.980378786951783887E+01   -0.630150806523608997E+00
    0.180492504344330492E-02    0.285629081726074219E+02    0.871165357190557721E+01    0.298235748015610236E+01    0.169164097309112549E+01    0.885241380891200969E+01    0.924220902576442782E+01   -0.165754148127065926E+01
    0.178461850848700291E-02    0.285855369567871094E+02    0.838822008524119234E+01    0.309724483218238067E+01    0.820555269718170166E+00    0.878141067960276445E+01    0.944238027957510440E+01   -0.923684556787746081E+00
    0.164835514060787300E-02    0.287443904876708984E+02    0.868921921600883707E+01    0.328669794709068652E+01    0.132870697975158691E+01    0.882848840525399936E+01    0.101084905811610248E+02   -0.832642486371564017E+00
    0.191932186693063327E-02    0.284400024414062500E+02    0.854476283041191920E+01    0.316546569405039424E+01    0.216633033752441406E+01    0.828922672696822715E+01    0.988535127984547657E+01   -0.101536704823171520E+01
    0.171395766487248769E-02    0.286663360595703125E+02    0.816857868396673403E+01    0.294868406747342426E+01    0.137233841419219971E+01    0.825858569786052144E+01    0.100659895648367268E+02   -0.989049207256552876E+00
    0.182084640472492338E-02    0.285453433990478516E+02    0.810655314480947808E+01    0.294118140499040148E+01    0.182554781436920166E+01    0.776298635282753491E+01    0.103572919142154660E+02   -0.106831491266084533E+01
    0.177313345774033596E-02    0.285984497070312500E+02    0.813702512684342949E+01    0.311236857777733844E+01    0.113186693191528320E+01    0.824579299894730866E+01    0.949493145910566128E+01   -0.720851159062684044E+00
    0.169892232445359339E-02    0.286839580535888672E+02    0.806408435757787068E+01    0.304859430687984201E+01    0.968897342681884766E+00    0.827977391051559941E+01    0.101251343884589566E+02   -0.798906940734005921E+00
    0.175576634234388910E-02    0.286181354522705078E+02    0.826547954665355178E+01    0.314101485743090958E+01    0.162011420726776123E+01    0.811332592880855508E+01    0.102245145641136261E+02   -0.775272638399200131E+00
    0.175630056653712464E-02    0.286175270080566406E+02    0.808990237903805998E+01    0.277335614262398700E+01    0.192338120937347412E+01    0.784543870717871261E+01    0.983020080362248905E+01   -0.111182698394112034E+01
    0.182890938301929584E-02    0.285365066528320312E+02    0.811438557658080839E+01    0.304158973052107307E+01    0.161469304561614990E+01    0.788371330072580001E+01    0.941813046246467245E+01   -0.938950148926608108E+00
    0.165824897706655957E-02    0.287324218750000000E+02    0.805817591162832869E+01    0.297649957257957531E+01    0.117540204524993896E+01    0.817079252792976618E+01    0.996373801807642678E+01   -0.898778329705872903E+00
    0.176563627565619612E-02    0.286069240570068359E+02    0.835665330801665718E+01    0.320226431533188283E+01    0.174192452430725098E+01    0.815070492549888392E+01    0.102876264068862415E+02   -0.917168053325009947E+00
    0.169957539803400359E-02    0.286831893920898438E+02    0.848205429716318982E+01    0.316204885883319076E+01    0.205520439147949219E+01    0.819957746948201027E+01    0.983266618843906492E+01   -0.965525618076522818E+00
    0.171625412055487116E-02    0.286636581420898438E+02    0.803599504280911425E+01    0.304813108299591518E+01    0.134581339359283447E+01    0.797566592619210724E+01    0.103250107990145601E+02   -0.887409897581268758E+00
    0.163727384288318671E-02    0.287578811645507812E+02    0.777127595023055218E+01    0.278640576536311668E+01    0.729430019855499268E+00    0.809930817783893708E+01    0.960598225743446221E+01    0.120945225833302139E+00
    0.194355441359478093E-02    0.284149093627929688E+02    0.848337816761656249E+01    0.313196112092453971E+01    0.193478918075561523E+01    0.833246914115337667E+01    0.885238811049142171E+01   -0.106070089155174485E+01
    0.181517864375361766E-02    0.285515785217285156E+02    0.843747129693452713E+01    0.287888691969131161E+01    0.220553421974182129E+01    0.825015781201852150E+01    0.882866100974768742E+01   -0.113834155518361957E+01
    0.202075325906630760E-02    0.283370056152343750E+02    0.831609592741859771E+01    0.294029378012262033E+01    0.193293738365173340E+01    0.813709163427209070E+01    0.841371164078969969E+01   -0.104466185755580776E+01
    0.163505655925767659E-02    0.287605915069580078E+02    0.811702359781057048E+01    0.292727627890765607E+01    0.133275580406188965E+01    0.818639933439616740E+01    0.903868923488149179E+01   -0.949569458448315196E+00
    0.165056684658772485E-02    0.287417087554931641E+02    0.824564495870036751E+01    0.299735435371872772E+01    0.134728550910949707E+01    0.802337689560325451E+01    0.752828830796131232E+01   -0.474382810640622710E+00
    0.179096098713093306E-02    0.285784416198730469E+02    0.864809935031934884E+01    0.329121021962535121E+01    0.101705861091613770E+01    0.825379840042947421E+01    0.744511301426945948E+01   -0.847546816990479401E+00
    0.204255810062872398E-02    0.283155403137207031E+02    0.843099404953538922E+01    0.287006573947043098E+01    0.230426955223083496E+01    0.820747795638434674E+01    0.885804436961191222E+01   -0.134540265772036527E+01
    0.174403613894247864E-02    0.286315422058105469E+02    0.850419563327661621E+01    0.305184694726945915E+01    0.204791188240051270E+01    0.838471547122544258E+01    0.935081469227372075E+01   -0.139599060884417225E+01


    0.392019643454658770E-01    0.295398063659667969E+02    0.721379509208230196E+01    0.128525895724604000E+01    0.221110031008720398E+00    0.872153067723906616E+01    0.952869006535126672E+01    0.599597247952332602E-01
    0.406520549302304829E-01    0.293338279724121094E+02    0.703806021382950675E+01    0.134610456083509433E+01    0.792796432971954346E+00    0.810394128377640577E+01    0.844296194480039119E+01   -0.166677673937144721E+00
    0.395085952066163218E-01    0.292575569152832031E+02    0.718255185415314479E+01    0.126943896799011036E+01    0.840512037277221680E+00    0.839948903373535316E+01    0.999299883879387352E+01    0.214811958407310044E+00
    0.382642748545701031E-01    0.291882266998291016E+02    0.716571323974322905E+01    0.121967380466943798E+01    0.260865092277526855E+00    0.867971502460572886E+01    0.879022234547523418E+01   -0.253270744511900237E+00
    0.362160018755067203E-01    0.291649246215820312E+02    0.705093103196866711E+01    0.118401860356068322E+01    0.496979176998138428E+00    0.855893163950528901E+01    0.921425715818391211E+01   -0.567245637885045006E+00
    0.349188823383249289E-01    0.291045379638671875E+02    0.706063381594835704E+01    0.115256593971155397E+01    0.939291894435882568E+00    0.833065033454376902E+01    0.973267289285000636E+01    0.174216218502012854E+00
    0.333660310931582424E-01    0.290621833801269531E+02    0.700028794597075166E+01    0.121406086657990420E+01    0.117262876033782959E+01    0.800832609561047626E+01    0.883359694117210381E+01   -0.373033132921363197E-01
    0.318599866327094888E-01    0.290212249755859375E+02    0.709219704085180958E+01    0.121697289180320212E+01    0.102714145183563232E+01    0.821534824784538387E+01    0.980199175419997104E+01    0.227919574410831771E+00
    0.299082574728239507E-01    0.290143241882324219E+02    0.711010887301420702E+01    0.136151114847864063E+01    0.964251279830932617E+00    0.811806112409530201E+01    0.943820982427036270E+01    0.909025065674837762E-01
    0.317879324460178178E-01    0.287590866088867188E+02    0.716602010029298508E+01    0.117413055207219341E+01    0.240156069397926331E+00    0.881794120819857419E+01    0.104420378520911932E+02   -0.849506321769428752E-01
    0.304424065122615856E-01    0.287122535705566406E+02    0.718234211431833369E+01    0.116683210796699832E+01    0.454820990562438965E+00    0.876552040876746652E+01    0.960414433603362738E+01   -0.105646894710195838E+00
    0.307509141541880034E-01    0.285587539672851562E+02    0.708880924460584261E+01    0.116143114361141908E+01    0.759304463863372803E+00    0.843682832170728503E+01    0.924088440941329026E+01    0.147643591372842664E+00
    0.291059944899186504E-01    0.285353717803955078E+02    0.715804051426210286E+01    0.114514674748351708E+01    0.748496115207672119E+00    0.864492353034307826E+01    0.102203102146151714E+02   -0.100148211432097511E+00
    0.272929983077361514E-01    0.285306663513183594E+02    0.700707194238193054E+01    0.120201884348398025E+01    0.532815754413604736E+00    0.839142733311759059E+01    0.929344868840107807E+01   -0.205817761081848571E+00
    0.286712820102883147E-01    0.282988014221191406E+02    0.701275854264813070E+01    0.122437127151594094E+01    0.911104202270507812E+00    0.818155708604692400E+01    0.893356418568875554E+01   -0.144043387622812880E+00
    0.284144826572594184E-01    0.281834621429443359E+02    0.710043375403819521E+01    0.115603845160803331E+01    0.636297047138214111E+00    0.854042352338404598E+01    0.103478421890297945E+02   -0.176819518814163246E+00
    0.266423751714834067E-01    0.281789207458496094E+02    0.709985970821476187E+01    0.118811148285660062E+01    0.767362177371978760E+00    0.850540522288344647E+01    0.100701508969052274E+02   -0.274501619728041435E+00
    0.249404392832881065E-01    0.281776123046875000E+02    0.702347233075711141E+01    0.127635431842968461E+01    0.711547791957855225E+00    0.799046722647108876E+01    0.775052238292509710E+01    0.813376616970655775E-01
    0.325580852605277110E-01    0.276430606842041016E+02    0.715775806040778750E+01    0.119420567873421346E+01    0.778465628623962402E+00    0.849238233825964350E+01    0.103442433868033579E+02    0.112308101136649796E+00
    0.261393349986873136E-01    0.280822296142578125E+02    0.711287872351516093E+01    0.126522064323156269E+01    0.645308375358581543E+00    0.834489402177876549E+01    0.944715833052786635E+01    0.180881579064347875E+00
    0.267825465226914187E-01    0.280336112976074219E+02    0.712195354331165653E+01    0.126220644178517905E+01    0.652838170528411865E+00    0.841830349218286678E+01    0.945778527972887062E+01   -0.263311030318882366E-01
    0.274315380060994873E-01    0.279857254028320312E+02    0.708319756035251658E+01    0.114918334175038273E+01    0.447789162397384644E+00    0.842247136080336745E+01    0.835805531627565124E+01    0.697316096665634433E-01
    0.285750375144637053E-01    0.279040451049804688E+02    0.712584143308172724E+01    0.120572939638612930E+01    0.770803928375244141E+00    0.842694331207501435E+01    0.917262570638603059E+01   -0.835771877834177168E-01
    0.281683991255887688E-01    0.279327106475830078E+02    0.714661230792214486E+01    0.115551781954737409E+01    0.512920081615447998E+00    0.866809121343820976E+01    0.104739482159357351E+02   -0.140002809356150060E+00
    0.287770809037914341E-01    0.278899536132812500E+02    0.707338696551354840E+01    0.115822949383601892E+01    0.524783313274383545E+00    0.851103860716400540E+01    0.104084011399982259E+02   -0.886572264764851070E-03
    0.263519871254797276E-01    0.280660247802734375E+02    0.709302488340090154E+01    0.118483625974147211E+01    0.114875710010528564E+01    0.820091492413259182E+01    0.860855736830393603E+01    0.475620446312579048E-01
    0.275477278404436011E-01    0.279772720336914062E+02    0.703845084885877270E+01    0.123378046697869181E+01    0.817413330078125000E+00    0.813334486854702199E+01    0.881571297705690249E+01    0.210909707191750062E+00
    0.318195627841841300E-01    0.276889495849609375E+02    0.716876716686637749E+01    0.119589678358620244E+01    0.624226212501525879E+00    0.847661141502037196E+01    0.855416307289460676E+01    0.677442980311204757E-01
    0.300513490531458712E-01    0.278032970428466797E+02    0.715751514724260662E+01    0.115078135703334339E+01    0.108623456954956055E+01    0.837955686210930928E+01    0.988850179893041314E+01    0.110943168746797660E+00
    0.282462763523067574E-01    0.279271888732910156E+02    0.702785810648392228E+01    0.118512844348210722E+01    0.854196786880493164E+00    0.825428239115417206E+01    0.875226977523935545E+01    0.774781675405562531E-01
    0.252638638302828018E-01    0.281503620147705078E+02    0.707021964929809776E+01    0.120939900099456854E+01    0.494176417589187622E+00    0.837053742631696274E+01    0.856808501309168591E+01    0.784131251937716378E-01
    0.251346207159365634E-01    0.281606197357177734E+02    0.722686408145702686E+01    0.123318551178050795E+01    0.507135927677154541E+00    0.864849067947328543E+01    0.103007918081068404E+02    0.160939141801517582E+00
    0.252077161845232801E-01    0.281548118591308594E+02    0.706267617732644748E+01    0.113571845729521193E+01    0.800647318363189697E+00    0.830255634425526878E+01    0.846869946206231461E+01    0.170041159837251765E+00
