 F
        1747       11531           3         150
   -0.230151714316164231E+02   -0.165574654730907724E+02
 T
   2
    0.200000000000000000E+01    0.300000000000000000E+01    0.886666666666666714E+00    0.113333333333333328E+00
   0
   0
 T T     0           0
    0.000000000000000000E+00   -0.340282346638528860E+39    0.000000000000000000E+00
 T F     1         133
    0.216623400065875653E-04   -0.230643222986728844E+02   -0.165070663969759472E+02
 T F     1          17
    0.245394381575561071E-05   -0.260525070000333301E+02   -0.175578678202427128E+02
