 F
        2504       31871           3         150
   -0.250342931297173266E+02   -0.140513797323653229E+02
 T
   2
    0.200000000000000000E+01    0.300000000000000000E+01    0.333333333333333315E+00    0.666666666666666630E+00
   0
   0
 T T     0           0
    0.000000000000000000E+00   -0.340282346638528860E+39    0.000000000000000000E+00
 T F     1          50
    0.169240404330600462E-06   -0.250972130001510827E+02   -0.139171895975609701E+02
 T F     1         100
    0.570807764586048348E-07   -0.278314813758046959E+02   -0.161177029557967728E+02
