 F
        2890       50699           3         150
   -0.337571731649102986E+02   -0.209151008921140757E+02
 T
   2
    0.200000000000000000E+01    0.300000000000000000E+01    0.666666666666666630E+00    0.333333333333333315E+00
   0
   0
 T T     0           0
    0.000000000000000000E+00   -0.340282346638528860E+39    0.000000000000000000E+00
 T F     1         100
    0.129937360041900112E-07   -0.339034586059364145E+02   -0.210347865415600772E+02
 T F     1          50
    0.144964719777054992E-08   -0.357516198918725081E+02   -0.201553200670239541E+02
