 F
        2297       23694           3         150
   -0.241423625976631726E+02   -0.150275342822940061E+02
 T
   2
    0.200000000000000000E+01    0.300000000000000000E+01    0.846666666666666679E+00    0.153333333333333321E+00
   0
   0
 T T     0           0
    0.000000000000000000E+00   -0.340282346638528860E+39    0.000000000000000000E+00
 T F     1         127
    0.600720618426641562E-06   -0.243333456070505392E+02   -0.150921954844217936E+02
 T F     1          23
    0.432862444200471057E-07   -0.258919056037651600E+02   -0.147202659659872079E+02
