 F
        1750       11749           3         150
   -0.101729047682343946E+03   -0.814447682412967140E+02
 T
   2
    0.200000000000000000E+01    0.300000000000000000E+01    0.166666666666666657E+00    0.833333333333333370E+00
   0
   0
 T T     0           0
    0.000000000000000000E+00   -0.340282346638528860E+39    0.000000000000000000E+00
 F F     1          25
    0.568694407466034378E-08   -0.101729047682343946E+03   -0.814447682412966003E+02
 F F     1         125
    0.722300141407762554E-04   -0.136579046545750515E+03   -0.124264640225445987E+03
