 F
        2010       14352           3         150
   -0.354287863424551404E+02   -0.277118383307785301E+02
 T
   2
    0.200000000000000000E+01    0.300000000000000000E+01    0.880000000000000004E+00    0.119999999999999996E+00
   0
   0
 T T     0           0
    0.000000000000000000E+00   -0.340282346638528860E+39    0.000000000000000000E+00
 T F     1         132
    0.350235206797181403E-05   -0.354297512212790267E+02   -0.277072996952494002E+02
 T F     1          18
    0.709971283163326580E-06   -0.423727767787197536E+02   -0.324134092983373066E+02
