 F
        2435       25742           3         150
   -0.262405688650803413E+02   -0.161449485907531844E+02
 T
   2
    0.200000000000000000E+01    0.300000000000000000E+01    0.813333333333333353E+00    0.186666666666666675E+00
   0
   0
 T T     0           0
    0.000000000000000000E+00   -0.340282346638528860E+39    0.000000000000000000E+00
 T F     1         122
    0.502723122231829411E-06   -0.262405688654216611E+02   -0.161449485848802219E+02
 T F     1          28
    0.819961180819904746E-09   -0.480386974265137354E+02   -0.333491441895414127E+02
