 F
        1713        9904           3         150
   -0.182409883556858148E+02   -0.128527474989150789E+02
 T
   2
    0.200000000000000000E+01    0.300000000000000000E+01    0.346666666666666679E+00    0.653333333333333321E+00
   0
   0
 T T     0           0
    0.000000000000000000E+00   -0.340282346638528860E+39    0.000000000000000000E+00
 T F     1          52
    0.117374624938382654E-04   -0.192445772341894319E+02   -0.127140664462267647E+02
 T F     1          98
    0.185977391350145919E-04   -0.186975807712329072E+02   -0.129330001862589299E+02
