 F
        2078       12776           3         150
   -0.213089423018641320E+02   -0.131699908117475779E+02
 T
   2
    0.200000000000000000E+01    0.300000000000000000E+01    0.200000000000000011E+00    0.800000000000000044E+00
   0
   0
 T T     0           0
    0.000000000000000000E+00   -0.340282346638528860E+39    0.000000000000000000E+00
 T F     1          30
    0.486463200692675636E-06   -0.244728578463346267E+02   -0.148206540972349927E+02
 T F     1         120
    0.216849563920179038E-05   -0.213521211820810173E+02   -0.130971558697116439E+02
