 F
        1395        7799           3         150
   -0.161569217123977928E+02   -0.125340792764670148E+02
 T
   2
    0.200000000000000000E+01    0.300000000000000000E+01    0.280000000000000027E+00    0.719999999999999973E+00
   0
   0
 T T     0           0
    0.000000000000000000E+00   -0.340282346638528860E+39    0.000000000000000000E+00
 T F     1          42
    0.480874425137935616E-04   -0.173668129026743365E+02   -0.123840544537392461E+02
 T F     1         108
    0.210445921097187234E-03   -0.165110708887157926E+02   -0.125978349866352684E+02
