

    0.121349913073642100E-01    0.225668525695800781E+02    0.916452347420182711E+01    0.316409687415055352E+01    0.960871934890747070E+00    0.902550982129799628E+01    0.799890053476910978E+01   -0.393817821206652319E-01
    0.124141177074012388E-01    0.224737510681152344E+02    0.949924318692769809E+01    0.433088323236477724E+01    0.144909942150115967E+01    0.876183433714267501E+01    0.753732363199675071E+01   -0.141188333238309371E+01
    0.124011241349711050E-01    0.224282264709472656E+02    0.917056401588038028E+01    0.380193258423124858E+01    0.113534975051879883E+01    0.878493814732567202E+01    0.760011852555592782E+01   -0.720960742887750916E+00
    0.121134238623325924E-01    0.224275531768798828E+02    0.901052789198330117E+01    0.380104614674201180E+01    0.536559343338012695E+00    0.872860536545729460E+01    0.765072004751940682E+01   -0.634396834909165763E+00
    0.119164014833098419E-01    0.224127311706542969E+02    0.928838708775350774E+01    0.359029620283423379E+01    0.743504106998443604E+00    0.909237910732443488E+01    0.719264334955873874E+01   -0.132633910678228650E+01
    0.119269511998066104E-01    0.223633422851562500E+02    0.972845586581495780E+01    0.485527355284470641E+01    0.726088523864746094E+00    0.896539641215957239E+01    0.736391274634138160E+01   -0.178628422339015125E+01
    0.116517182015555085E-01    0.223624172210693359E+02    0.917544609956743429E+01    0.370328395277976075E+01    0.336734116077423096E+00    0.899617815938998255E+01    0.808506015561632729E+01   -0.531842112346576190E+00
    0.115164427833781401E-01    0.223381538391113281E+02    0.928362793076790460E+01    0.373131642179634904E+01    0.268452978134155273E+01    0.870309926437410653E+01    0.794663639148108469E+01   -0.172041812152529783E+00
    0.116075854498513108E-01    0.222747688293457031E+02    0.921061643790338813E+01    0.363252427660619048E+01    0.129159224033355713E+01    0.872325677972327540E+01    0.740538387940397946E+01    0.410567000297197282E-01
    0.117437053269067119E-01    0.222038326263427734E+02    0.943618419692400678E+01    0.334969700247744084E+01    0.139902532100677490E+01    0.888628584627801921E+01    0.742699498504669808E+01   -0.449750836840259183E-01
    0.115947272954887472E-01    0.221817474365234375E+02    0.932963110716243982E+01    0.351941246036749478E+01    0.562415659427642822E+00    0.920767493861620068E+01    0.752054964391478897E+01   -0.148561339437914697E+01
    0.115082043457714420E-01    0.221491088867187500E+02    0.954718210650986876E+01    0.490831575404754883E+01    0.161753937602043152E+00    0.876106908265443174E+01    0.711506790179486437E+01   -0.157541482851125902E+00
    0.120410826342945906E-01    0.220109615325927734E+02    0.928443512270062854E+01    0.387144803682536276E+01    0.109204089641571045E+01    0.879885693392133206E+01    0.718682730200274733E+01   -0.155545079258956864E+01
    0.118773510836731218E-01    0.219907245635986328E+02    0.938782960960895885E+01    0.388162064090216541E+01    0.342492699623107910E+00    0.884601294685875672E+01    0.752588673215555382E+01   -0.341830581677582401E-01
    0.117056939644727912E-01    0.219722213745117188E+02    0.983599703844692286E+01    0.595025131875895053E+01    0.758687555789947510E+00    0.873187077415445145E+01    0.764320341473542797E+01   -0.235442944108016361E+00
    0.114452989401069918E-01    0.219695949554443359E+02    0.994442931570431909E+01    0.566314558795627576E+01    0.761141538619995117E+00    0.873563155699463145E+01    0.711561470114256256E+01   -0.189769175962628545E+00
    0.116228080408380188E-01    0.218911952972412109E+02    0.950347705585820535E+01    0.347907751709443991E+01    0.929518163204193115E+00    0.920795281278371647E+01    0.753179985360463444E+01   -0.146031579915628251E+01
    0.114683618163397821E-01    0.218703308105468750E+02    0.963058419583378367E+01    0.385500511355036846E+01    0.187020921707153320E+01    0.901017464507424393E+01    0.708265528583381609E+01   -0.101186146504122187E+01
    0.113232114847872777E-01    0.218481864929199219E+02    0.940115590724238359E+01    0.445285425435212190E+01    0.156921696662902832E+01    0.850879477599805512E+01    0.703279591359587819E+01   -0.121484904419676631E+00
    0.110740175731607916E-01    0.218450736999511719E+02    0.965977809282618693E+01    0.535878075406238796E+01    0.510867893695831299E+00    0.882500058426141365E+01    0.769442935604193146E+01   -0.852280774621341664E+00
    0.109873977851415571E-01    0.218131599426269531E+02    0.996690771284511712E+01    0.562870951788303753E+01    0.167103362083435059E+01    0.870273803913460675E+01    0.725655961390667859E+01   -0.424305914863999156E+00
    0.108575050504564757E-01    0.217893257141113281E+02    0.976212094725033985E+01    0.390412218833083724E+01    0.652037918567657471E+00    0.906119363997666127E+01    0.742339177234725067E+01    0.124598988256647392E+00
    0.107965633368894507E-01    0.217529640197753906E+02    0.933153284386977866E+01    0.410966186040240533E+01    0.496777355670928955E+00    0.873472714557233232E+01    0.742610370701973732E+01   -0.927678111910728020E-01
    0.108547491246833282E-01    0.216945953369140625E+02    0.977816425854405047E+01    0.552784534078462109E+01    0.945554852485656738E+00    0.881463493665889430E+01    0.742128297157728323E+01   -0.122857368946355083E+01
    0.108363890692740432E-01    0.216503620147705078E+02    0.100645137275267089E+02    0.441511750098583455E+01    0.182461309432983398E+01    0.894007613505925569E+01    0.750958130980061700E+01   -0.447328608130630911E+00
    0.105946953064725204E-01    0.216478557586669922E+02    0.976536910135038028E+01    0.577644652901676370E+01    0.522548317909240723E+00    0.880937542521504824E+01    0.739931524126743945E+01   -0.106616186301494520E+01
    0.104434081452685588E-01    0.216290016174316406E+02    0.921542531307870050E+01    0.397580534981098976E+01    0.150120481848716736E+00    0.894191189241520590E+01    0.800983282730489066E+01   -0.301935641678050759E+00
    0.103921418539525481E-01    0.215912246704101562E+02    0.935708597279970533E+01    0.412603354234109609E+01    0.885058879852294922E+00    0.868846756255378949E+01    0.732914924655216193E+01   -0.644287860392767087E-02
    0.101923925413235604E-01    0.215824222564697266E+02    0.938157424172538157E+01    0.386800498277638116E+01    0.160204553604125977E+01    0.888918125396492265E+01    0.708905045050774074E+01   -0.176645011758847259E+01
    0.100497249085036763E-01    0.215629959106445312E+02    0.951648634019448814E+01    0.369107955525354692E+01    0.164834988117218018E+01    0.900671300719633372E+01    0.813621795351128441E+01   -0.631500143769484712E+00
    0.101174428138701544E-01    0.215019454956054688E+02    0.995498597191705770E+01    0.587602950401590451E+01    0.759722173213958740E+00    0.884698432866583495E+01    0.775744514015842057E+01   -0.386500316156427326E+00
    0.989487904342569585E-02    0.214988136291503906E+02    0.990710923770587115E+01    0.515838778369668827E+01    0.166648578643798828E+01    0.893716834357281797E+01    0.702281947728509071E+01   -0.204082434471478313E+01
    0.101439711492674438E-01    0.214014701843261719E+02    0.962254201845425783E+01    0.422045205661005696E+01    0.287441349029541016E+01    0.880469809249470714E+01    0.818548161444763167E+01    0.969059794405295882E-01
    0.996647490407947742E-02    0.213891563415527344E+02    0.974186268974676395E+01    0.487046304599261859E+01    0.201554402709007263E+00    0.898963347601335805E+01    0.756926808656775840E+01   -0.272436613511083392E+00
    0.982147924632354938E-02    0.213708477020263672E+02    0.965953218894843602E+01    0.459844116901218136E+01    0.112290894985198975E+01    0.872398894108894574E+01    0.713174458773297726E+01   -0.646397462145426704E+00
    0.972968750427652060E-02    0.213420085906982422E+02    0.926776342565850797E+01    0.335462378388819804E+01    0.212942838668823242E+01    0.873589797295094783E+01    0.779217048957174541E+01    0.618981307616159881E-01
    0.959899673580400480E-02    0.213214359283447266E+02    0.100390294909339453E+02    0.522752956390983048E+01    0.901552855968475342E+00    0.887345299077377447E+01    0.784362169863301517E+01    0.235209765152346595E+00
    0.969096768286280275E-02    0.212547454833984375E+02    0.981907911495833119E+01    0.562618898883273388E+01    0.584763526916503906E+00    0.886890375863652558E+01    0.776323461591155883E+01   -0.800787624967481459E+00
    0.955192030725067302E-02    0.212360305786132812E+02    0.973263203007452660E+01    0.497014961810085776E+01    0.185524916648864746E+01    0.870557617520443472E+01    0.754626128817963426E+01   -0.123292169535271379E+01
    0.949893170766378907E-02    0.211995372772216797E+02    0.952930573924021829E+01    0.355100120137189768E+01    0.157605540752410889E+01    0.919431514180523912E+01    0.771158823885639944E+01   -0.208356774379806087E+01
    0.927561478260144519E-02    0.211994991302490234E+02    0.979319624872022665E+01    0.554696606329493669E+01    0.382697761058807373E+00    0.892514152911942560E+01    0.741732610577425522E+01   -0.147281024423455897E+01
    0.910213415784957847E-02    0.211896400451660156E+02    0.997706974791160484E+01    0.544325397535619793E+01    0.589731276035308838E+00    0.889561125237831796E+01    0.704779730281179972E+01   -0.804679724799794549E+00
    0.891333940250827426E-02    0.211839408874511719E+02    0.975129157646521705E+01    0.495856971437718919E+01    0.207796549797058105E+01    0.863521197584654132E+01    0.702240294865979120E+01   -0.994976118888968752E+00
    0.889641334149856092E-02    0.211401233673095703E+02    0.976507121840260872E+01    0.480767127980845554E+01    0.121402013301849365E+01    0.895149630339544089E+01    0.782558705658294063E+01   -0.122442276975576680E+01
    0.870308325887960040E-02    0.211364459991455078E+02    0.968219610481526516E+01    0.467679680178493040E+01    0.134554350376129150E+01    0.884132249770578404E+01    0.774662003469927640E+01   -0.125421305073900657E+01
    0.853175485241629457E-02    0.211285915374755859E+02    0.950647073777417795E+01    0.431298981382615576E+01    0.986581623554229736E+00    0.891731003376907516E+01    0.777253688183324076E+01   -0.155941481906511958E+01
    0.836281019956330168E-02    0.211209735870361328E+02    0.958624388925369431E+01    0.480979274685692548E+01    0.483266770839691162E+00    0.899985572538550826E+01    0.799711584039688894E+01   -0.116732985771380715E+01
    0.820654251441170837E-02    0.211110801696777344E+02    0.941925574250561937E+01    0.429094579332118276E+01    0.429504007101058960E+00    0.901690544254100246E+01    0.733805116947443103E+01   -0.166118710693276439E+01
    0.802013850193491334E-02    0.211094131469726562E+02    0.995740747451782227E+01    0.545212090015411377E+01    0.113079738616943359E+01    0.890364232081789098E+01    0.789264768362045288E+01   -0.645229117130467600E+00
    0.786976361931783670E-02    0.210996494293212891E+02    0.927647245599552406E+01    0.358662074738303716E+01    0.208515882492065430E+01    0.870546548201164683E+01    0.779929619026472754E+01   -0.235551118228040535E+00
    0.788578024921834583E-02    0.210479640960693359E+02    0.945121927606454015E+01    0.394686860845247134E+01    0.700440347194671631E+00    0.902278083812413634E+01    0.757453733025427489E+01   -0.147271564226482399E+01
    0.782321062956794870E-02    0.210162773132324219E+02    0.100102983072187932E+02    0.493970911276376246E+01    0.147606325149536133E+01    0.882784867331977985E+01    0.774512702803180453E+01   -0.203356221156545836E+00
    0.769589430336540224E-02    0.210014743804931641E+02    0.933833729361122877E+01    0.419968047235721365E+01    0.205371320247650146E+00    0.900339718075792383E+01    0.771258540065832054E+01   -0.152092987656879952E+01
    0.765744357391455726E-02    0.209638729095458984E+02    0.952004757742574981E+01    0.362197482051154340E+01    0.123461985588073730E+01    0.900572530757996503E+01    0.703388291114481845E+01   -0.400392388844975189E+00
    0.760702375009501049E-02    0.209294662475585938E+02    0.926599446102365043E+01    0.375561471207649555E+01    0.108333802223205566E+01    0.876858245615001408E+01    0.750999319426421508E+01   -0.254915501265811306E+00
    0.759917760607837188E-02    0.208839111328125000E+02    0.956442628491444324E+01    0.385854411857703639E+01    0.103674638271331787E+01    0.911359607880429046E+01    0.743033528125867893E+01   -0.119825941579928696E+01
    0.745085953910635829E-02    0.208757133483886719E+02    0.956764417744379614E+01    0.468180218863115361E+01    0.521842956542968750E+00    0.899445942974999291E+01    0.732204166343252716E+01   -0.163239197915784362E+01
    0.733435769933771849E-02    0.208596134185791016E+02    0.977913220291115692E+01    0.450895313289557365E+01    0.182081007957458496E+01    0.901111624197531569E+01    0.754388809960916973E+01   -0.213044580810766027E+01
    0.730368711899579380E-02    0.208203754425048828E+02    0.998360832222682326E+01    0.512907758500045308E+01    0.120819032192230225E+01    0.892483660273707713E+01    0.792830784883761197E+01   -0.283813345005420548E+00
    0.713716440235215212E-02    0.208188838958740234E+02    0.939832194197674653E+01    0.415369425001530157E+01    0.510777413845062256E+00    0.893431410309951879E+01    0.755603934597142501E+01   -0.798879124043385458E+00
    0.699787709343715689E-02    0.208106822967529297E+02    0.956904363884533637E+01    0.427709864865597922E+01    0.570851802825927734E+00    0.904253382750508194E+01    0.745530500185134581E+01   -0.778870861253076585E+00
    0.687160866078734018E-02    0.207994804382324219E+02    0.946546352057907470E+01    0.393099578458702403E+01    0.105907058715820312E+01    0.898808864855909562E+01    0.773407163057295843E+01   -0.105756385689718280E+01
    0.681227672239774745E-02    0.207692050933837891E+02    0.962875665473191589E+01    0.436992743729656929E+01    0.109178304672241211E+01    0.888359739791978242E+01    0.704581335993121272E+01   -0.494468830734892562E+00
    0.671783821973418252E-02    0.207495059967041016E+02    0.979924008081422038E+01    0.449826969109453589E+01    0.119931483268737793E+01    0.906227368232295838E+01    0.765958183412054794E+01   -0.119547393332589236E+01
    0.666672237340983510E-02    0.207171630859375000E+02    0.970678080612455574E+01    0.506867678627642793E+01    0.399785041809082031E+00    0.883194886694687753E+01    0.709244014148178348E+01   -0.721255206515767133E+00
    0.652894679752080882E-02    0.207113094329833984E+02    0.993903407284770424E+01    0.550377334309880872E+01    0.867139101028442383E+00    0.890247283923710420E+01    0.741675534959319549E+01   -0.123973393219142491E+01
    0.641300474229007482E-02    0.206995258331298828E+02    0.950381225009243558E+01    0.394534762554984741E+01    0.772248566150665283E+00    0.909350335139841803E+01    0.777313129825944937E+01   -0.126005182436461238E+01
    0.628246137375176265E-02    0.206930389404296875E+02    0.982798122777665917E+01    0.396827034573209181E+01    0.120855271816253662E+01    0.908311869666678007E+01    0.792557038485424759E+01   -0.217996573397261750E+00
    0.626711756483269624E-02    0.206503105163574219E+02    0.998792492783455899E+01    0.523382687956187187E+01    0.151395905017852783E+01    0.890830084308273662E+01    0.784219314870862050E+01   -0.111699389588841247E+01
    0.613066807809469535E-02    0.206467170715332031E+02    0.101895007299583060E+02    0.472311980974916779E+01    0.185363698005676270E+01    0.902596710142798209E+01    0.749226277793356932E+01   -0.605107431254237493E+00
    0.612778579530357317E-02    0.206000385284423828E+02    0.992599981310381985E+01    0.485220413560408925E+01    0.102677428722381592E+01    0.901426736609344381E+01    0.710350734915420912E+01   -0.945529764041557863E+00
    0.600945226533972261E-02    0.205914192199707031E+02    0.986402938874550728E+01    0.389018081703469809E+01    0.186818552017211914E+01    0.904358491351743154E+01    0.767339882003495166E+01   -0.356103014703353926E+00
    0.601647063245372860E-02    0.205414657592773438E+02    0.951006178659181245E+01    0.406065501248090666E+01    0.667516589164733887E+00    0.900524977521516057E+01    0.701275214964273808E+01   -0.131386493871095977E+01
    0.589108257323612931E-02    0.205359687805175781E+02    0.956021205832321996E+01    0.343299266020388538E+01    0.303666520118713379E+01    0.880301276242464681E+01    0.781707573334611716E+01   -0.577154817848702040E+00
    0.576553581985142331E-02    0.205314331054687500E+02    0.965847279394401781E+01    0.387047465279349057E+01    0.211724257469177246E+01    0.887254254264185782E+01    0.791000387416301809E+01   -0.626484013711328336E+00
    0.582809262168371839E-02    0.204622306823730469E+02    0.939573190318807328E+01    0.410798699885484986E+01    0.161963894963264465E+00    0.885219523581444001E+01    0.749551602204899936E+01   -0.305975994244646055E+00
    0.580889829368241156E-02    0.204212093353271484E+02    0.949130057828239870E+01    0.422228438799098260E+01    0.827522277832031250E+00    0.893927081407508872E+01    0.785136317532424322E+01   -0.126368760401567948E+01
    0.572215063540285063E-02    0.204036827087402344E+02    0.987019272714108808E+01    0.475898063417333805E+01    0.121986556053161621E+01    0.895098742430853633E+01    0.720951894083425326E+01   -0.842421066743480162E+00
    0.566236053083807485E-02    0.203770713806152344E+02    0.994754638683694736E+01    0.435955424933019398E+01    0.184469151496887207E+01    0.902671455858267890E+01    0.787414582192166446E+01   -0.142765633079058674E+01
    0.557100714681282774E-02    0.203619823455810547E+02    0.984215947434246807E+01    0.381207071751468707E+01    0.236515402793884277E+01    0.895072540037695319E+01    0.727998206781796586E+01   -0.498227228519826149E+00
    0.544162746011853451E-02    0.203613586425781250E+02    0.946419367246830490E+01    0.389327135318275630E+01    0.912302553653717041E+00    0.885649510323357880E+01    0.770545979703380723E+01    0.902040719973205007E-01
    0.535283461476839494E-02    0.203466434478759766E+02    0.955717809059335366E+01    0.462002412272217722E+01    0.734876394271850586E+00    0.885862371244263969E+01    0.778957340947011012E+01   -0.796700093792897635E+00
    0.524818970270168449E-02    0.203385105133056641E+02    0.977380275664276965E+01    0.482343314353727237E+01    0.172650003433227539E+01    0.873269962987363080E+01    0.726512831588958008E+01   -0.978920240662590313E+00
    0.514350539506704292E-02    0.203311882019042969E+02    0.952453562392927466E+01    0.428849149192805079E+01    0.551732122898101807E+00    0.905654743820542407E+01    0.786724497967489445E+01   -0.153181638113086604E+01
    0.605620254997265347E-02    0.200043029785156250E+02    0.968968640888919630E+01    0.464578656917322963E+01    0.764889061450958252E+00    0.888981417582844635E+01    0.787831874414822764E+01   -0.216835168373270992E+00
    0.543693110819069847E-02    0.202200393676757812E+02    0.953532809122518010E+01    0.394120924521691052E+01    0.238470339775085449E+01    0.871444299460516625E+01    0.741313066299354073E+01   -0.106336298189581990E+01
    0.664454566759979572E-02    0.198188762664794922E+02    0.988577640605556596E+01    0.431688610466886669E+01    0.188897681236267090E+01    0.887956792822368612E+01    0.778497593603675409E+01   -0.109363511091906673E-01
    0.516255290126881126E-02    0.203236064910888672E+02    0.966985248978990164E+01    0.455954922341477786E+01    0.102575898170471191E+01    0.883307684644069724E+01    0.712574833233069693E+01   -0.413939913107519208E+00
    0.663771818005159941E-02    0.198209323883056641E+02    0.981591596067965710E+01    0.411196963159997875E+01    0.220868134498596191E+01    0.886642663433213052E+01    0.730966576617397834E+01   -0.121059328374062747E+01
    0.578464742528234533E-02    0.200960540771484375E+02    0.952684132324144528E+01    0.427413036835636984E+01    0.115713238716125488E+01    0.885459259387422470E+01    0.763912696364392740E+01   -0.881302583650827476E+00
    0.588955450271169169E-02    0.200601081848144531E+02    0.999918953461487447E+01    0.479972495457310355E+01    0.209391617774963379E+01    0.884605626114985100E+01    0.771971652119392893E+01   -0.103176839559758626E+01
    0.612079282581824615E-02    0.199830856323242188E+02    0.954405408685371981E+01    0.375709713039176574E+01    0.163964211940765381E+01    0.883562437168169978E+01    0.742410892224133256E+01   -0.206751758106922257E+00
    0.578906244500772185E-02    0.200945281982421875E+02    0.983540347622656341E+01    0.489578819921483888E+01    0.931218147277832031E+00    0.880526672779869379E+01    0.733190606494626085E+01   -0.424743287235888056E+00
    0.630534468297086134E-02    0.199236736297607422E+02    0.966027142657282489E+01    0.407434794442008918E+01    0.262197709083557129E+01    0.877211570967273424E+01    0.736566534065287204E+01   -0.142061380255352887E+01
    0.779166957856963424E-02    0.195003585815429688E+02    0.974935887696421766E+01    0.428264652934368861E+01    0.143055725097656250E+01    0.896238629158394673E+01    0.784601315311137260E+01   -0.653419409189663680E+00
    0.712745567218064664E-02    0.196785602569580078E+02    0.954750437648870687E+01    0.411682735165179015E+01    0.955052137374877930E+00    0.884223133493486380E+01    0.749954109659268919E+01   -0.145419656176469125E+00
    0.517756642495340296E-02    0.203177986145019531E+02    0.992060834141187797E+01    0.396378906304814427E+01    0.225195145606994629E+01    0.903529046208033293E+01    0.789012300979659731E+01   -0.503030630235288045E+00
    0.645025023839972296E-02    0.198782310485839844E+02    0.960656524701928127E+01    0.439360544544954923E+01    0.529322445392608643E+00    0.892246735510557087E+01    0.712854768297684416E+01   -0.335873280700467847E+00
    0.520400106133819644E-02    0.203076133728027344E+02    0.952540355420828000E+01    0.460794449101611292E+01    0.357808589935302734E+00    0.890523405359644471E+01    0.763962658431388242E+01   -0.826879250280307065E+00
    0.542682445831714488E-02    0.202237606048583984E+02    0.954796015771338169E+01    0.411244608429669078E+01    0.676147341728210449E+00    0.893518987589156488E+01    0.735596691780804690E+01   -0.454783210540819605E+00
    0.530885281888965853E-02    0.202677173614501953E+02    0.990805220166224387E+01    0.517237453908851386E+01    0.762262880802154541E+00    0.896672326870319303E+01    0.773302247695440403E+01   -0.124044929894552158E+01
    0.542539105545467547E-02    0.202242889404296875E+02    0.939615540382758319E+01    0.400584305114027650E+01    0.775673985481262207E+00    0.882690705690177424E+01    0.733123417960470913E+01   -0.545765747822359648E+00
    0.550695656388416020E-02    0.201944446563720703E+02    0.963294531341043836E+01    0.468611185504008532E+01    0.756297349929809570E+00    0.887502778822975102E+01    0.740213964324867568E+01   -0.131314668591330652E+01
    0.559001487718882584E-02    0.201645050048828125E+02    0.955813540171500264E+01    0.428820764689884104E+01    0.399229019880294800E+00    0.894544345729814516E+01    0.740387177028826926E+01   -0.611246777255490592E+00
    0.556609246345076032E-02    0.201730823516845703E+02    0.958777736269837355E+01    0.440658192339338672E+01    0.310588061809539795E+00    0.899547727853599888E+01    0.743695338460690181E+01   -0.799479969064004203E+00
    0.720428856592449790E-02    0.196571159362792969E+02    0.973447635238759545E+01    0.457281730449482815E+01    0.469612717628479004E+00    0.899029605091704553E+01    0.750846586015486839E+01   -0.347996030036563875E+00
    0.672961125821820282E-02    0.197934341430664062E+02    0.959627195774794295E+01    0.443513188473998099E+01    0.995952725410461426E+00    0.887909708394183461E+01    0.773324771148286860E+01   -0.792744253022062750E+00
    0.588072042237161152E-02    0.200631103515625000E+02    0.954574025541422344E+01    0.433748763460292874E+01    0.254038810729980469E+00    0.898652338579763565E+01    0.760457719746021166E+01   -0.465225322844790679E+00
    0.588513019245514961E-02    0.200616111755371094E+02    0.982865353972705336E+01    0.476891718584872670E+01    0.538065671920776367E+00    0.900526883934212563E+01    0.761949158720934694E+01   -0.105191774953601436E+01
    0.661316446576342386E-02    0.198283443450927734E+02    0.963760125977641913E+01    0.426957724226786706E+01    0.798221945762634277E+00    0.908605225504505043E+01    0.783577592829422098E+01   -0.144325320938696766E+01
    0.580052961366028363E-02    0.200905704498291016E+02    0.981371892503657506E+01    0.477911486217884995E+01    0.477462708950042725E+00    0.888268428163229373E+01    0.703887616420735718E+01   -0.279529078847241097E+00
    0.586503815209921207E-02    0.200684509277343750E+02    0.961423432917231224E+01    0.383157979941585802E+01    0.226547431945800781E+01    0.880156718906537883E+01    0.757362933903133584E+01   -0.756505070504313482E+00
    0.629333565626672298E-02    0.199274864196777344E+02    0.954811183216179593E+01    0.438364927921174274E+01    0.390840679407119751E+00    0.887125335276646432E+01    0.730979456539711592E+01   -0.741242959711894578E+00
    0.573878257509489141E-02    0.201119747161865234E+02    0.983658213599094111E+01    0.499780489682937468E+01    0.550805449485778809E+00    0.895441796026126546E+01    0.743922544058665824E+01   -0.993264168929976821E+00
    0.523183783441264101E-02    0.202969436645507812E+02    0.976082094659614796E+01    0.364456938973299183E+01    0.315139937400817871E+01    0.885800944418552838E+01    0.785509283208359754E+01   -0.330593964289978004E+00
    0.619130113037585916E-02    0.199601783752441406E+02    0.100278362197531958E+02    0.457771703557410792E+01    0.138910877704620361E+01    0.903916273394086289E+01    0.742404473881695548E+01   -0.968484540240823089E+00
    0.564250410293432904E-02    0.201458129882812500E+02    0.957016689914843965E+01    0.429955986596591533E+01    0.117597663402557373E+01    0.889984901563471809E+01    0.783707158528531611E+01   -0.112338522857759426E+01
    0.645140681241965826E-02    0.198778724670410156E+02    0.972138460372872615E+01    0.443160800469764116E+01    0.194256210327148438E+01    0.867212281417096698E+01    0.736246535254962087E+01   -0.244858375008072393E-01
    0.660036774167132440E-02    0.198322181701660156E+02    0.983540387943133965E+01    0.468035405954790473E+01    0.620960474014282227E+00    0.888180771977092398E+01    0.723073754806778979E+01   -0.219577610958690439E+00
    0.635994548397010757E-02    0.199064292907714844E+02    0.972942953333376082E+01    0.465550221745629589E+01    0.481939047574996948E+00    0.901975131473866654E+01    0.803444902605661149E+01   -0.301837779184390476E+00
    0.591159068838465786E-02    0.200526390075683594E+02    0.958644006949636562E+01    0.410731845519790539E+01    0.119369411468505859E+01    0.904199986779012121E+01    0.807340889649143811E+01   -0.106633795863645853E+01
    0.583439985470853885E-02    0.200789260864257812E+02    0.100348017525597459E+02    0.454423173711142336E+01    0.103307294845581055E+01    0.905239997110697558E+01    0.771342316627311408E+01   -0.156852834601254987E+00
    0.548474417093269308E-02    0.202025279998779297E+02    0.972367546031352070E+01    0.488591126783859764E+01    0.700849890708923340E+00    0.895102190575022050E+01    0.770031285699812429E+01   -0.129271650653352554E+01
    0.580611943959443138E-02    0.200886440277099609E+02    0.958568108347845005E+01    0.414672883233903811E+01    0.323307126760482788E+00    0.893343987512934312E+01    0.737052091500974083E+01    0.111866999631252018E+00
    0.622358808579528879E-02    0.199497756958007812E+02    0.980565903943845818E+01    0.431375245113354566E+01    0.177184486389160156E+01    0.871008460103864479E+01    0.705847542089149904E+01   -0.120836654568249546E+00
    0.808852078231500800E-02    0.194255771636962891E+02    0.970788201514018212E+01    0.455706878771860691E+01    0.941390991210937500E+00    0.878947339982608611E+01    0.729899176465515254E+01   -0.355738994307107204E+00


    0.698080803034405433E-02    0.225926990509033203E+02    0.869238875606176364E+01    0.712916609095749365E+01    0.112307953834533691E+01    0.680688214144877524E+01    0.731535042500182975E+01   -0.195587395347669846E+01
    0.693614684211823259E-02    0.225870170593261719E+02    0.793722759692262159E+01    0.584820311942242910E+01    0.891930878162384033E+00    0.698798262835412665E+01    0.743298702691622193E+01   -0.105523445969306184E+00
    0.689219860933139045E-02    0.225812110900878906E+02    0.833424351755448711E+01    0.565423510649292105E+01    0.128014206886291504E+01    0.613644504598572027E+01    0.874546990832423887E+01   -0.289440808695087703E+00
    0.686435930079709513E-02    0.225707874298095703E+02    0.851206209076375053E+01    0.756744602669740551E+01    0.100370883941650391E+01    0.693439403052598013E+01    0.802000315636517946E+01   -0.976197286911295592E-01
    0.682933402937428973E-02    0.225625000000000000E+02    0.841359214531618704E+01    0.878244061699892953E+01    0.776702642440795898E+00    0.663381624960991534E+01    0.781652140083572267E+01   -0.955013798411554315E+00
    0.677790021051893118E-02    0.225591011047363281E+02    0.802984586939754230E+01    0.633698470294205407E+01    0.863473713397979736E+00    0.676261309807027544E+01    0.874512166341675368E+01   -0.188959407719821559E+00
    0.677467524782028076E-02    0.225415344238281250E+02    0.869168826433264741E+01    0.704104673526996372E+01    0.137576234340667725E+01    0.714446767756200707E+01    0.945722581726017886E+01   -0.682765432082336199E+00
    0.671264598354615657E-02    0.225414123535156250E+02    0.816090580644389263E+01    0.542125683741157882E+01    0.109312832355499268E+01    0.626849346681245212E+01    0.947118071153570895E+01   -0.970756421384063151E+00
    0.667004390627123564E-02    0.225356273651123047E+02    0.774637368658021330E+01    0.413848069898524784E+01    0.125734758377075195E+01    0.696412221332722314E+01    0.713380011435848171E+01   -0.611475459567633051E+00
    0.664113826598660643E-02    0.225257949829101562E+02    0.805542827162915032E+01    0.473630092272054526E+01    0.136458790302276611E+01    0.611346995425250750E+01    0.823391585434475815E+01    0.698947728031464877E-01
    0.661814305681379320E-02    0.225142135620117188E+02    0.863483155304042072E+01    0.723482345626913848E+01    0.114540243148803711E+01    0.685074162391510821E+01    0.797019707708457492E+01   -0.121235855813708282E+01
    0.657501197366860708E-02    0.225087718963623047E+02    0.853835643630015717E+01    0.566096855326188386E+01    0.126337361335754395E+01    0.608144383634088292E+01    0.812267561825695950E+01   -0.204663874566794934E+01
    0.651739596028041383E-02    0.225078563690185547E+02    0.792252968605798280E+01    0.449826035413028880E+01    0.138651490211486816E+01    0.650213920844423932E+01    0.759441694558193170E+01   -0.332348217524501166E+00
    0.647972736222714001E-02    0.225009307861328125E+02    0.855540132800087072E+01    0.831786996851527860E+01    0.893119573593139648E+00    0.684363992907053920E+01    0.969496604149866847E+01   -0.243190103260542356E+00
    0.642036191778538445E-02    0.225008201599121094E+02    0.836975066754932762E+01    0.738644066131215915E+01    0.923198640346527100E+00    0.689474930526244645E+01    0.932394873221843490E+01   -0.106769644469407843E+01
    0.637486493976629088E-02    0.224965248107910156E+02    0.836584389059137301E+01    0.497749399026309369E+01    0.158557987213134766E+01    0.703394696124569041E+01    0.805728473069410356E+01   -0.110226902449880027E+01
    0.632179959832444936E-02    0.224947242736816406E+02    0.849108482324731995E+01    0.830535381324538946E+01    0.912924170494079590E+00    0.675250310060786951E+01    0.784822072852492436E+01   -0.533789438949012540E+00
    0.629694282833273382E-02    0.224840850830078125E+02    0.862293347940079791E+01    0.562276995892424392E+01    0.138724303245544434E+01    0.641809754124438570E+01    0.789941387611562185E+01   -0.197041763235711542E+01
    0.625953347656145204E-02    0.224774837493896484E+02    0.831223832562066001E+01    0.602712902837367093E+01    0.115348827838897705E+01    0.688486080415878199E+01    0.764231218658199296E+01   -0.190868054109410279E+01
    0.620437427291105608E-02    0.224766674041748047E+02    0.866658921071056554E+01    0.474076749089997396E+01    0.205274677276611328E+01    0.715587612593761957E+01    0.892123034272290383E+01   -0.192036519415419482E+01
    0.615639065531422246E-02    0.224736766815185547E+02    0.828031933147182464E+01    0.668610413778466572E+01    0.944766342639923096E+00    0.694783068712245555E+01    0.990907845685045174E+01   -0.845037118500553186E+00
    0.611154018141513329E-02    0.224697818756103516E+02    0.790961762300706983E+01    0.583609735537723129E+01    0.851533055305480957E+00    0.638830686989079766E+01    0.823757747872166668E+01   -0.110699519563018356E+01
    0.606564533469281832E-02    0.224663391113281250E+02    0.839930863172740061E+01    0.405736333999512766E+01    0.203951096534729004E+01    0.658413626854922107E+01    0.941243459802728921E+01   -0.972161840706684766E+00
    0.604060890520866089E-02    0.224560928344726562E+02    0.819834039937595094E+01    0.559965509358102054E+01    0.105571043491363525E+01    0.708902298837843237E+01    0.101467463047732913E+02   -0.185118696735568355E+01
    0.599619018348376658E-02    0.224523353576660156E+02    0.814916075644768867E+01    0.631361486186737686E+01    0.991383433341979980E+00    0.693596146058586083E+01    0.742308701174116781E+01    0.678915387499268164E-02
    0.596254039281511345E-02    0.224450721740722656E+02    0.793627501320805795E+01    0.413791827383571231E+01    0.140626180171966553E+01    0.687426204280919695E+01    0.882674785703883558E+01   -0.123643653537391796E+01
    0.593526293327789698E-02    0.224357242584228516E+02    0.849505968821905633E+01    0.769178905354088371E+01    0.954967379570007324E+00    0.674559036738861728E+01    0.862704574860215345E+01   -0.974815576107345594E+00
    0.591202747787366971E-02    0.224250507354736328E+02    0.826465965043796302E+01    0.528917164496966308E+01    0.121912562847137451E+01    0.600134958859344358E+01    0.936222859307763855E+01   -0.153683072948128929E+01
    0.591172281687033993E-02    0.224066352844238281E+02    0.844424254403228325E+01    0.748976057341394341E+01    0.935204029083251953E+00    0.693512311092123923E+01    0.776204518944329802E+01   -0.956757820868646247E+00
    0.595664575054395511E-02    0.223729763031005859E+02    0.849218596687642879E+01    0.565193039619637094E+01    0.140907990932464600E+01    0.625648798133750361E+01    0.865022464324103524E+01   -0.160673913820044012E+01
    0.590807019599747397E-02    0.223708343505859375E+02    0.831836283443359292E+01    0.761884717611087670E+01    0.856157779693603516E+00    0.657186477269400804E+01    0.811327771738717551E+01   -0.906444129823340994E+00
    0.586024284932585085E-02    0.223685722351074219E+02    0.825455471468788105E+01    0.665678720832905491E+01    0.969951093196868896E+00    0.673135388123054934E+01    0.707591811603117815E+01   -0.141390264491809647E+01
    0.582225651590548548E-02    0.223630599975585938E+02    0.833556115970331390E+01    0.637623535191008539E+01    0.109748733043670654E+01    0.638458935066737698E+01    0.940643742158959739E+01    0.712783850518214912E-01
    0.578242601879610466E-02    0.223582706451416016E+02    0.805822937272097484E+01    0.493315522596238853E+01    0.121742796897888184E+01    0.717668429363066451E+01    0.938358979761452972E+01   -0.806930278195645556E-01
    0.575223004618831239E-02    0.223502235412597656E+02    0.852440064667674768E+01    0.388443376566721277E+01    0.220397710800170898E+01    0.701321093900826753E+01    0.805955033462157644E+01   -0.214506120605154171E+01
    0.570963783077594288E-02    0.223465690612792969E+02    0.891613674356507602E+01    0.752496863766562640E+01    0.157494854927062988E+01    0.718867210021717362E+01    0.995990518360742172E+01   -0.143386771159082782E+01
    0.566960443096483930E-02    0.223421230316162109E+02    0.829773031759165391E+01    0.560165008542055620E+01    0.126630234718322754E+01    0.638028024076043554E+01    0.961773156239885196E+01    0.222371755587640774E+00
    0.561927392019540180E-02    0.223414382934570312E+02    0.813674663332855452E+01    0.607898620864234385E+01    0.970149993896484375E+00    0.710248509956626339E+01    0.995164380936765447E+01   -0.116726995576584591E+01
    0.559372153875884078E-02    0.223320350646972656E+02    0.797086149539604083E+01    0.619204349539912347E+01    0.844628691673278809E+00    0.654162661391911371E+01    0.100193398237135725E+02   -0.140083842788426782E+00
    0.556150288241096923E-02    0.223250694274902344E+02    0.827696708889863153E+01    0.784217086641995831E+01    0.802022635936737061E+00    0.665268382064251718E+01    0.896284220047976277E+01   -0.445981247500851552E+00
    0.551383547586851552E-02    0.223237667083740234E+02    0.890197443467921445E+01    0.693037576983881287E+01    0.140359187126159668E+01    0.660757879395514092E+01    0.951110955221628629E+01   -0.115806490336942525E+01
    0.546794268874944631E-02    0.223219642639160156E+02    0.813533875252687722E+01    0.503943362541468964E+01    0.122966980934143066E+01    0.603695150295170624E+01    0.879007170951867423E+01   -0.957440670879008193E+00
    0.543623074315719140E-02    0.223150787353515625E+02    0.845122728586379068E+01    0.482588621583556421E+01    0.176974606513977051E+01    0.721913314069423340E+01    0.940200625052794337E+01    0.211289682809677082E+00
    0.541391102221735598E-02    0.223047885894775391E+02    0.866387039040525053E+01    0.705363102031301015E+01    0.114404439926147461E+01    0.681244491971418142E+01    0.854862955212628428E+01   -0.209675406006461351E+01
    0.538513098964232047E-02    0.222969303131103516E+02    0.848553513315906827E+01    0.542213691221085092E+01    0.158876466751098633E+01    0.718925314056484410E+01    0.763796041253894309E+01   -0.888822184545048355E+00
    0.533998349976861839E-02    0.222952499389648438E+02    0.864419578846658965E+01    0.844930028066496774E+01    0.927582025527954102E+00    0.633449969348725350E+01    0.911407511706154594E+01   -0.100325603225846050E+01
    0.529762386938619542E-02    0.222926597595214844E+02    0.861808646644512422E+01    0.814214264455699244E+01    0.931423425674438477E+00    0.606940012795221495E+01    0.821103688501236206E+01   -0.136373925108785832E+01
    0.525895945929303211E-02    0.222887916564941406E+02    0.825480433788145440E+01    0.553650645555739640E+01    0.122992956638336182E+01    0.623496954928033098E+01    0.739742082634408149E+01    0.111981691611573453E-02
    0.521406911979930502E-02    0.222874183654785156E+02    0.859678004684865193E+01    0.631440949000085894E+01    0.128166401386260986E+01    0.636516510057340668E+01    0.709564536372180132E+01   -0.949082002782379641E+00
    0.518985444934373999E-02    0.222782096862792969E+02    0.838301216727412069E+01    0.810905109109680211E+01    0.855695366859436035E+00    0.658646154426420338E+01    0.935141129137463700E+01   -0.687295448685563803E+00
    0.514245848760385305E-02    0.222780399322509766E+02    0.843128191139902938E+01    0.881787029826382707E+01    0.731786012649536133E+00    0.625468432437985555E+01    0.742592625364538694E+01   -0.617508645027280423E+00
    0.510456142358756831E-02    0.222743148803710938E+02    0.794431937376994401E+01    0.577041009269920480E+01    0.898229837417602539E+00    0.607165517418328271E+01    0.726732596957832655E+01    0.719112540288509017E-01
    0.505754887176331110E-02    0.222743015289306641E+02    0.803929926317597676E+01    0.553657828778613847E+01    0.989272236824035645E+00    0.631566163191850016E+01    0.841768682414652858E+01   -0.142653958246485857E+01
    0.502779028910530380E-02    0.222675857543945312E+02    0.865230114984150767E+01    0.577242467915325719E+01    0.141856050491333008E+01    0.706647595138175610E+01    0.973798510715850085E+01   -0.167678768580255699E+01
    0.502480858409094788E-02    0.222502536773681641E+02    0.837256352427238326E+01    0.788736516113323560E+01    0.829580307006835938E+00    0.611726621371111623E+01    0.942593793000987290E+01   -0.784289097552873571E+00
    0.498046331778646822E-02    0.222494640350341797E+02    0.797867538396979192E+01    0.319150643572503467E+01    0.214884567260742188E+01    0.658143809979673566E+01    0.991555765239319342E+01   -0.152654180806417128E+01
    0.495443158973888666E-02    0.222414264678955078E+02    0.790497432808652523E+01    0.421696358820062933E+01    0.134733271598815918E+01    0.686810234255131036E+01    0.104568396814231210E+02   -0.106788088199613518E+01
    0.491068400302325982E-02    0.222406463623046875E+02    0.859673808607914758E+01    0.596278867223253606E+01    0.134420073032379150E+01    0.637887784696202864E+01    0.797364631063084772E+01   -0.211300991887760903E+01
    0.488808339192846591E-02    0.222313537597656250E+02    0.830633432638056313E+01    0.419616900101610035E+01    0.190105628967285156E+01    0.696962549577367430E+01    0.987218697680749457E+01   -0.964308722746621383E+00
    0.485659315945078957E-02    0.222257614135742188E+02    0.816471550953265712E+01    0.583252581786232316E+01    0.100246381759643555E+01    0.629347484537392265E+01    0.993796834383745065E+01   -0.199927348885326861E+01
    0.481357176583838576E-02    0.222250385284423828E+02    0.819702541666071838E+01    0.588425646951524151E+01    0.978380799293518066E+00    0.600713743500604558E+01    0.738402590457020391E+01   -0.173563822012406166E+01
    0.481075380500956083E-02    0.222076911926269531E+02    0.872942137298782761E+01    0.822048817497086048E+01    0.101181197166442871E+01    0.650736636532500690E+01    0.785034229350418933E+01   -0.474204353375674348E+00
    0.477260141312526275E-02    0.222050971984863281E+02    0.819468726837214057E+01    0.662873471021762484E+01    0.931784510612487793E+00    0.706694528145048206E+01    0.978566395986516824E+01   -0.800099100201410618E+00
    0.473111808347510647E-02    0.222040386199951172E+02    0.838739585231247275E+01    0.686983284444364184E+01    0.100508892536163330E+01    0.697202807632934451E+01    0.857170163816879516E+01   -0.781562395012452615E+00
    0.469615383960322440E-02    0.222003555297851562E+02    0.857918240055201764E+01    0.708310461216441922E+01    0.108317673206329346E+01    0.693065994274953123E+01    0.891842396000559567E+01   -0.637276688861880825E+00
    0.465887031205390253E-02    0.221977787017822266E+02    0.785390871008443270E+01    0.415258900262630792E+01    0.137629544734954834E+01    0.682213256184662420E+01    0.968587678501658722E+01   -0.730044506220216549E+00
    0.463453715547342774E-02    0.221897335052490234E+02    0.830111521029547994E+01    0.466316914052359177E+01    0.161129009723663330E+01    0.664085569398116604E+01    0.104106731285858594E+02   -0.872476601083036485E-01
    0.459692293778270287E-02    0.221875133514404297E+02    0.778462965886385749E+01    0.464280381388295993E+01    0.102861738204956055E+01    0.700877453338131406E+01    0.775738779493026520E+01   -0.635757836637049545E+00
    0.455630173257571148E-02    0.221867465972900391E+02    0.885224966104654243E+01    0.590795448900809905E+01    0.191766047477722168E+01    0.715626837267334981E+01    0.999424017257180353E+01   -0.112727897454187831E+01
    0.451905957885892062E-02    0.221846427917480469E+02    0.892179299694097061E+01    0.690590579560853968E+01    0.134246587753295898E+01    0.659225965696184080E+01    0.716212132679907931E+01   -0.202435891700487325E+01
    0.449617266971983308E-02    0.221762790679931641E+02    0.849451572255073373E+01    0.613870943743503616E+01    0.129592740535736084E+01    0.663748919901661427E+01    0.954558848551251060E+01   -0.100230425711518456E+01
    0.445522642257242286E-02    0.221760578155517578E+02    0.834650811276312687E+01    0.480983774799514663E+01    0.157729041576385498E+01    0.675925883109598846E+01    0.912356567298870935E+01   -0.618112145115397027E-01
    0.442120891202200158E-02    0.221728687286376953E+02    0.846747545857160766E+01    0.830577693795649452E+01    0.845964491367340088E+00    0.651397591741191295E+01    0.104034910916236250E+02   -0.114104984587299563E+01
    0.439669119960131669E-02    0.221654720306396484E+02    0.859115240818575288E+01    0.639741051259368465E+01    0.125947368144989014E+01    0.654411880272784963E+01    0.792961457934116076E+01   -0.166197701801129583E+01
    0.435674648345854652E-02    0.221652069091796875E+02    0.779795094222006302E+01    0.439589447146744927E+01    0.122484505176544189E+01    0.703654230438708872E+01    0.101212355571703121E+02   -0.392635537543108315E+00
    0.432128792612770582E-02    0.221630325317382812E+02    0.856552719981880983E+01    0.529810015583414184E+01    0.167451226711273193E+01    0.716152651308386101E+01    0.830751761102766650E+01   -0.140828500920166677E+01
    0.430940240825206794E-02    0.221500225067138672E+02    0.844835062811804782E+01    0.502069848834901844E+01    0.159593844413757324E+01    0.632948003363855083E+01    0.978347516933905581E+01   -0.103222095099706990E+01
    0.427260931338406449E-02    0.221486530303955078E+02    0.818904352416849335E+01    0.513002893248310698E+01    0.140453755855560303E+01    0.718623132056654867E+01    0.103543226054668889E+02   -0.837880563171472303E+00
    0.423955352109470305E-02    0.221456680297851562E+02    0.826643530340705190E+01    0.548964771884558544E+01    0.111007452011108398E+01    0.621657452828122015E+01    0.811434576845764965E+01   -0.193940745009031912E+01
    0.421374796142876071E-02    0.221393604278564453E+02    0.860459805829456670E+01    0.702885105265501586E+01    0.109892106056213379E+01    0.701576217608316632E+01    0.837696161806006145E+01   -0.266676899736651762E+00
    0.418954158869365087E-02    0.221323642730712891E+02    0.839684437846418064E+01    0.614346574580830751E+01    0.115980076789855957E+01    0.701765797415400350E+01    0.922463764977045564E+01   -0.832009482989328752E-01
    0.417372538318324694E-02    0.221214103698730469E+02    0.840476595546165761E+01    0.602081093664103761E+01    0.119016730785369873E+01    0.686168857881114036E+01    0.937968125336325542E+01   -0.851221647983314567E+00
    0.414400264653882328E-02    0.221171855926513672E+02    0.887965866476061549E+01    0.802087122963324717E+01    0.117794656753540039E+01    0.710198751714788123E+01    0.893633986399778024E+01    0.799808416539322664E-01
    0.410600904608084561E-02    0.221170883178710938E+02    0.818171754062556467E+01    0.635157759394258914E+01    0.931128501892089844E+00    0.645779900274273899E+01    0.869092505804975701E+01   -0.111598056834322135E+01
    0.408227364952413931E-02    0.221101646423339844E+02    0.778833715427053530E+01    0.490399243826434894E+01    0.100502586364746094E+01    0.648777739480531679E+01    0.962940936928640312E+01    0.939635596818795271E-01
    0.404794473247656154E-02    0.221085357666015625E+02    0.848495961080857164E+01    0.533569922180365719E+01    0.143718338012695312E+01    0.672313143003667690E+01    0.102413343014735290E+02   -0.214372178868436247E+01
    0.401191445187408253E-02    0.221078987121582031E+02    0.774960897673983240E+01    0.339431559268724037E+01    0.155576312541961670E+01    0.694349963478741472E+01    0.915304937546567032E+01   -0.153616539420527687E+01
    0.397609869785979942E-02    0.221073150634765625E+02    0.793283982247286890E+01    0.483875677588984221E+01    0.113985776901245117E+01    0.669380481609780986E+01    0.874435436603928196E+01   -0.103884360088335503E+01
    0.394543850262225968E-02    0.221042785644531250E+02    0.828067319073355179E+01    0.516850245412183629E+01    0.143342471122741699E+01    0.680760842896024521E+01    0.917703297746343161E+01   -0.131547262779477214E+01
    0.391410382762240761E-02    0.221017074584960938E+02    0.820517831017896349E+01    0.610867159445124308E+01    0.101352298259735107E+01    0.616227907553495857E+01    0.100901586872676869E+02    0.118815571482783877E+00
    0.388549249461533604E-02    0.220978622436523438E+02    0.824069028556318628E+01    0.551712596695411772E+01    0.125913393497467041E+01    0.660562549950884570E+01    0.103878072802964248E+02   -0.130717713578760275E+00
    0.384987634462805256E-02    0.220977611541748047E+02    0.830124631019031689E+01    0.493461617102615691E+01    0.154002451896667480E+01    0.647620050479343767E+01    0.846066690694148882E+01   -0.911866165849680499E+00
    0.382491399352203644E-02    0.220922527313232422E+02    0.799171956662038241E+01    0.510641098857971354E+01    0.116860747337341309E+01    0.678645337706845098E+01    0.907489421158332732E+01   -0.115826205304067309E+01
    0.379281438919310725E-02    0.220905895233154297E+02    0.870422442066371538E+01    0.824967845497733521E+01    0.993001699447631836E+00    0.621967186356580193E+01    0.826341547378011221E+01   -0.295986776438162069E+00
    0.376651183181892120E-02    0.220859889984130859E+02    0.829349905966537193E+01    0.524219786533222809E+01    0.131397879123687744E+01    0.638386663737737603E+01    0.987888721553757065E+01   -0.143527756639386750E+01
    0.375394624805360389E-02    0.220741539001464844E+02    0.822156545848669040E+01    0.636584562819537414E+01    0.937401413917541504E+00    0.646076416807005938E+01    0.103002457685103757E+02   -0.204697553943635047E+01
    0.372804478026254665E-02    0.220694828033447266E+02    0.833325205356962684E+01    0.290099969190503426E+01    0.327358675003051758E+01    0.714427673689263720E+01    0.967854576666315758E+01   -0.754618996238008100E+00
    0.369959724563249459E-02    0.220662841796875000E+02    0.852057787188261884E+01    0.476959216514804751E+01    0.182234871387481689E+01    0.690136926694299024E+01    0.781700108200677857E+01   -0.490396869247963663E+00
    0.366589834832086467E-02    0.220660667419433594E+02    0.845523031453924645E+01    0.495846395155601982E+01    0.175657939910888672E+01    0.651490230425367933E+01    0.905991542714434672E+01   -0.184742575708280121E+00
    0.364047940509434811E-02    0.220614643096923828E+02    0.848396611745162232E+01    0.588371023079848676E+01    0.127879250049591064E+01    0.614333350371102682E+01    0.800290244581478305E+01   -0.707638294732540585E+00
    0.361415083328977703E-02    0.220574626922607422E+02    0.850154401420814487E+01    0.555008974909593800E+01    0.142669665813446045E+01    0.652497888897039147E+01    0.958932114110768907E+01   -0.872304122406300175E+00
    0.358097069492628768E-02    0.220573902130126953E+02    0.831940170602543816E+01    0.669504853484433582E+01    0.100043821334838867E+01    0.692167799145870788E+01    0.847734105772572377E+01   -0.380046970089256808E+00
    0.355003119072224782E-02    0.220562267303466797E+02    0.805982441611388367E+01    0.510561818008801804E+01    0.127115070819854736E+01    0.715099902435660528E+01    0.987418680837708074E+01   -0.443786329695030624E+00
    0.353753326558588601E-02    0.220447616577148438E+02    0.872559828225205969E+01    0.515561411189314356E+01    0.206384921073913574E+01    0.713596672496804096E+01    0.875119782614258845E+01   -0.828505766001288890E+00
    0.352118183371599898E-02    0.220355091094970703E+02    0.893950277168121765E+01    0.710640261789489891E+01    0.161143946647644043E+01    0.714275032146648226E+01    0.940165331246652869E+01   -0.524985370650423055E+00
    0.352559696678238915E-02    0.220144844055175781E+02    0.785865901349147400E+01    0.442996159074347595E+01    0.118593323230743408E+01    0.708059921294625294E+01    0.739015710756509403E+01   -0.767264885641474104E+00
    0.349565924524035399E-02    0.220130214691162109E+02    0.843991717557175036E+01    0.663324842636635026E+01    0.113119173049926758E+01    0.641601726036419162E+01    0.892491155727261898E+01   -0.867670396017308665E+00
    0.346548657437598193E-02    0.220118408203125000E+02    0.888523954774127311E+01    0.715603147957659402E+01    0.140678882598876953E+01    0.713319469676828088E+01    0.871611748572336609E+01   -0.199540148835006348E+01
    0.344905368830899150E-02    0.220028285980224609E+02    0.885647282992220575E+01    0.660027790668185332E+01    0.175001609325408936E+01    0.719313739070070834E+01    0.102083956558415512E+02   -0.910284946286948005E+00
    0.342244454756053485E-02    0.219997997283935547E+02    0.881930776530216853E+01    0.720956205956037355E+01    0.129470491409301758E+01    0.708241195825385095E+01    0.801864564884274778E+01   -0.165127554162014079E+01
    0.340089575885773850E-02    0.219939136505126953E+02    0.860678838119348377E+01    0.829337209227675309E+01    0.957805991172790527E+00    0.656806182222301604E+01    0.819851491643489716E+01   -0.398630323274859588E+00
    0.337803264266272642E-02    0.219888858795166016E+02    0.866814286251848998E+01    0.686296319749299855E+01    0.122493255138397217E+01    0.672451900416960147E+01    0.751387692570854249E+01   -0.901215549751244183E+00
    0.335002520451963166E-02    0.219870185852050781E+02    0.827747299919545299E+01    0.522091258415870563E+01    0.130701506137847900E+01    0.610773212589430159E+01    0.893652114311670864E+01   -0.110606408242204535E+01
    0.332233552385377681E-02    0.219850997924804688E+02    0.834996669989971707E+01    0.600777388917875221E+01    0.122570037841796875E+01    0.718662522405434334E+01    0.104057866484293182E+02   -0.153675870379264889E+00
    0.329348299547676257E-02    0.219840259552001953E+02    0.814065881702034666E+01    0.414558614661405578E+01    0.161468017101287842E+01    0.693548812229309952E+01    0.877000859179770487E+01   -0.977306498353274433E+00
    0.326333703746495025E-02    0.219838981628417969E+02    0.854228242420103712E+01    0.583337691387181589E+01    0.136290788650512695E+01    0.608829197311658632E+01    0.913499391827471641E+01   -0.139152260864356658E+01
    0.323851892936246775E-02    0.219806480407714844E+02    0.858248752675801718E+01    0.705432495199992626E+01    0.114773356914520264E+01    0.667999381065491704E+01    0.730934136552190150E+01   -0.267884966927681933E+00
    0.321763718434470115E-02    0.219750671386718750E+02    0.840466938826080323E+01    0.651913377506106784E+01    0.106293892860412598E+01    0.696812954264742856E+01    0.824012698344571248E+01   -0.158314642497631475E+01
    0.319303264185307216E-02    0.219719009399414062E+02    0.808100635940462197E+01    0.597348510626730089E+01    0.967128932476043701E+00    0.649728697073011396E+01    0.702658169987146142E+01   -0.141838623777147754E+01
    0.317063849264555058E-02    0.219674587249755859E+02    0.814108351038521683E+01    0.552695474248481133E+01    0.116834330558776855E+01    0.715495112327425709E+01    0.924753227348270634E+01   -0.717700150538591375E+00
    0.314290553511733508E-02    0.219665107727050781E+02    0.845989618441651992E+01    0.614582015367660706E+01    0.121490800380706787E+01    0.681615829117669669E+01    0.104948613721878132E+02   -0.143683397430256843E+01
    0.311556371048133567E-02    0.219654674530029297E+02    0.819100914040783401E+01    0.459280648584693019E+01    0.165787577629089355E+01    0.716028789856015191E+01    0.813266349531654953E+01   -0.640637785095997225E+00
    0.308940830659619687E-02    0.219638099670410156E+02    0.832133603328465199E+01    0.623314183806554656E+01    0.106236612796783447E+01    0.709016656876013318E+01    0.798177779456113878E+01   -0.187049453425743306E+01
    0.306599189524861667E-02    0.219605083465576172E+02    0.829576739617178838E+01    0.637858429125540738E+01    0.101807177066802979E+01    0.707734503942911974E+01    0.923276686884572584E+01   -0.170584122535473592E+01
    0.304856500672906526E-02    0.219533901214599609E+02    0.825027136767683267E+01    0.579813888759830487E+01    0.107977986335754395E+01    0.629359798868195242E+01    0.752143578450827732E+01   -0.995088428994435503E+00
    0.302322865399528651E-02    0.219515628814697266E+02    0.867877034632337185E+01    0.666345615225821142E+01    0.133759570121765137E+01    0.665807692622718328E+01    0.969276126435882190E+01   -0.305353426424593399E+00
    0.299944414059895520E-02    0.219488410949707031E+02    0.819522048928751090E+01    0.561682372080259373E+01    0.107356655597686768E+01    0.607162097885110352E+01    0.844924146950257082E+01   -0.108684177300050755E+01
    0.299156801484075580E-02    0.219355812072753906E+02    0.837536379541235121E+01    0.414835412790572988E+01    0.193887627124786377E+01    0.688260795755728161E+01    0.844175824859947532E+01   -0.855325995110236104E+00
    0.297538692231901457E-02    0.219279098510742188E+02    0.885626375892540807E+01    0.431433321023187943E+01    0.306262969970703125E+01    0.722946447687673643E+01    0.975568058660123683E+01   -0.463395260894471805E+00
    0.294940398351892837E-02    0.219269332885742188E+02    0.804870418812673805E+01    0.487524602274206398E+01    0.135413563251495361E+01    0.684278896204160780E+01    0.104711075272908456E+02   -0.784323611733416914E+00
    0.292401322204371289E-02    0.219257068634033203E+02    0.863872580983486316E+01    0.811996084699648613E+01    0.996157407760620117E+00    0.668662436491975498E+01    0.815923179130748899E+01   -0.325616656973807039E+00
    0.289811682229045714E-02    0.219249801635742188E+02    0.797823491273454799E+01    0.543550301342446573E+01    0.105263781547546387E+01    0.672507980218538393E+01    0.990394811956472587E+01   -0.762781242393012704E+00
    0.287215119583658770E-02    0.219244613647460938E+02    0.876261629914878348E+01    0.771091090282222247E+01    0.122732973098754883E+01    0.713263155929664006E+01    0.997959228122762454E+01   -0.980850012202988397E+00
    0.285317459999602334E-02    0.219192008972167969E+02    0.853829420322175636E+01    0.605139799754554364E+01    0.126000666618347168E+01    0.630830370321712319E+01    0.834700650290468360E+01   -0.203759565175166424E+01
    0.283432879050730686E-02    0.219139366149902344E+02    0.811000202702102868E+01    0.614437278226627459E+01    0.961221456527709961E+00    0.651370089543486497E+01    0.990566299815078111E+01   -0.136084840867124846E+01
    0.281609620530861573E-02    0.219083251953125000E+02    0.851769942932844337E+01    0.632560025059162445E+01    0.119173896312713623E+01    0.636579937609129409E+01    0.776521275685560486E+01   -0.105101181023172940E+01
    0.279022939678272471E-02    0.219082622528076172E+02    0.820149645365149560E+01    0.571628654015758464E+01    0.111357820034027100E+01    0.704215828020073431E+01    0.100305296944628530E+02   -0.129912293971402804E+00
    0.276913081100418294E-02    0.219049243927001953E+02    0.864865296690014951E+01    0.685684230508043502E+01    0.124149286746978760E+01    0.673944254306913493E+01    0.101994161416991567E+02   -0.814132492561717713E+00
    0.274432868401508967E-02    0.219043998718261719E+02    0.805730878472694023E+01    0.444629741114782018E+01    0.141000497341156006E+01    0.637415081813345452E+01    0.941076372853806831E+01   -0.688111929550740298E+00
    0.272369146909972595E-02    0.219009780883789062E+02    0.866105311869236161E+01    0.798811816811408182E+01    0.986977219581604004E+00    0.614825508550744537E+01    0.921278175016220047E+01   -0.336435046145204808E+00
    0.269863997242199456E-02    0.219009399414062500E+02    0.811086261992578450E+01    0.564399373130302173E+01    0.104448819160461426E+01    0.662514004401682932E+01    0.938614108353599086E+01   -0.139551983667067780E+01
    0.268140042707517125E-02    0.218952388763427734E+02    0.846441082890121876E+01    0.448647509222518437E+01    0.178043293952941895E+01    0.701937429856246542E+01    0.935881615547321388E+01   -0.133422386332335829E+01
    0.265772875444794405E-02    0.218944549560546875E+02    0.801049148992039939E+01    0.443586414598166190E+01    0.131609392166137695E+01    0.699201682617681541E+01    0.945477427562089545E+01   -0.739877145040438888E+00
    0.264266272926103572E-02    0.218873062133789062E+02    0.817409828671178929E+01    0.386059715616494925E+01    0.193968987464904785E+01    0.672132212411238505E+01    0.781659639864732014E+01   -0.751243544878324121E+00
    0.261956785857146105E-02    0.218863430023193359E+02    0.902028405172989878E+01    0.777018870350342361E+01    0.130550479888916016E+01    0.710512830175047227E+01    0.855651058365631201E+01   -0.250109924054746635E-01
    0.259993082528721430E-02    0.218828735351562500E+02    0.860690043115009296E+01    0.657594217050195873E+01    0.122468090057373047E+01    0.647608577215436299E+01    0.103718378540995211E+02   -0.358398561124950721E+00
    0.258927842306395364E-02    0.218725662231445312E+02    0.832634856077491214E+01    0.559936203137867494E+01    0.130147838592529297E+01    0.716298581248127331E+01    0.995952612945173854E+01   -0.147854839457947529E+01
    0.256778364846987298E-02    0.218707199096679688E+02    0.836140020819676266E+01    0.651472477782890991E+01    0.103077220916748047E+01    0.608349015436594343E+01    0.973170264185295153E+01    0.103540048129543649E+00
    0.254665188447365754E-02    0.218687286376953125E+02    0.840845123348769796E+01    0.341954023619752334E+01    0.242314815521240234E+01    0.661710063218157174E+01    0.871263044275370113E+01   -0.167444463312554470E+01
    0.254422184946833047E-02    0.218521194458007812E+02    0.849167020530156869E+01    0.550949829691965842E+01    0.141008579730987549E+01    0.670350958355784865E+01    0.803340765889577213E+01   -0.175770468493746357E+01
    0.252224223677148095E-02    0.218509540557861328E+02    0.848551442710935788E+01    0.515000357629634209E+01    0.158575975894927979E+01    0.647780845476448253E+01    0.979571414689424103E+01   -0.109646753429654820E+01
    0.250057889455388479E-02    0.218496875762939453E+02    0.879237235961153374E+01    0.688594959465040812E+01    0.132304525375366211E+01    0.669836235437740868E+01    0.831805911606684489E+01   -0.232808582753143867E+00
    0.248346987681775499E-02    0.218449001312255859E+02    0.833363782674577180E+01    0.516621811251502105E+01    0.158067846298217773E+01    0.715714618992420437E+01    0.100896269172411195E+02   -0.180836687993774614E+00
    0.246792024972693116E-02    0.218389434814453125E+02    0.814961821996779712E+01    0.351958567986303050E+01    0.200990700721740723E+01    0.684663688881188737E+01    0.715887202887212926E+01   -0.152333053389912010E+01
    0.245112117179482284E-02    0.218340854644775391E+02    0.802340258003032325E+01    0.514367483692974403E+01    0.115329265594482422E+01    0.618645919654336218E+01    0.961750790816334877E+01    0.176410921676149801E+00
    0.242960986235812859E-02    0.218331966400146484E+02    0.841683791214112986E+01    0.566744690993720823E+01    0.134540498256683350E+01    0.686020350654728972E+01    0.761833939578885833E+01   -0.995096126257635438E+00
    0.241381038774182233E-02    0.218277263641357422E+02    0.821215794947852373E+01    0.416031381391817234E+01    0.174936366081237793E+01    0.697243144709780616E+01    0.921988560956545200E+01   -0.313441209674260923E+00
    0.339034311304696597E-02    0.211482486724853516E+02    0.838688595686206284E+01    0.458406540019195319E+01    0.171912980079650879E+01    0.712009090994097615E+01    0.103855161651938825E+02   -0.118472997692632176E+01
    0.260671016011000027E-02    0.216739330291748047E+02    0.833371744617459065E+01    0.362991916340749210E+01    0.221971440315246582E+01    0.630368788259392687E+01    0.892343914789327108E+01   -0.688408960403655401E+00
    0.396455572223624372E-02    0.208353233337402344E+02    0.841094852731449372E+01    0.408254244585068982E+01    0.212697601318359375E+01    0.714115155354774878E+01    0.951348355301737314E+01   -0.104688962204130198E+01
    0.312192483309859780E-02    0.213132114410400391E+02    0.849629213758906765E+01    0.349407655841331088E+01    0.311183357238769531E+01    0.726202780733959052E+01    0.101946754155440225E+02   -0.926921302054046992E+00
    0.275417479177240141E-02    0.215638751983642578E+02    0.841745972556110544E+01    0.476010888922307451E+01    0.164898681640625000E+01    0.611956492272138419E+01    0.959291919811303728E+01   -0.859804943595825932E+00
    0.292418626823180965E-02    0.214440784454345703E+02    0.879286283193493112E+01    0.426863042735312437E+01    0.283419060707092285E+01    0.718948039466019573E+01    0.931014325563895007E+01   -0.677135043553224403E+00
    0.359102162477934611E-02    0.210332374572753906E+02    0.827538640103288614E+01    0.398640625234379531E+01    0.188842916488647461E+01    0.707818670037327280E+01    0.101337391402555088E+02   -0.928196440254412281E+00
    0.254449788146824665E-02    0.217222442626953125E+02    0.819783914150167270E+01    0.487763159008915803E+01    0.132085955142974854E+01    0.604032661154164785E+01    0.100839312487506589E+02   -0.841763952327750697E+00
    0.281177092324318796E-02    0.215224819183349609E+02    0.831700985755150946E+01    0.340255471334309778E+01    0.271088480949401855E+01    0.722163966837200988E+01    0.103706330637357294E+02   -0.153670604945351563E+00
    0.248255078870470791E-02    0.217715377807617188E+02    0.805848022497020189E+01    0.433952262533569399E+01    0.149029612541198730E+01    0.719727379111033372E+01    0.977582433672109374E+01   -0.526142877260834307E+00
    0.260916495039414161E-02    0.216720504760742188E+02    0.825934881864369963E+01    0.470235345188777565E+01    0.155820870399475098E+01    0.618681818878446066E+01    0.904333967231092117E+01   -0.666713604047442177E+00
    0.243822829653538367E-02    0.218075675964355469E+02    0.816013090037607824E+01    0.436734367493528097E+01    0.160501432418823242E+01    0.661621567619573714E+01    0.972450163234479525E+01   -0.602342505511139104E+00
    0.264286822619239472E-02    0.216463813781738281E+02    0.819265113525804800E+01    0.439839455669113910E+01    0.168745255470275879E+01    0.694944816863492854E+01    0.976491272772820906E+01   -0.557640260647257469E+00
    0.423031338826335927E-02    0.207055587768554688E+02    0.846756132263461403E+01    0.462456527906930859E+01    0.179058098793029785E+01    0.713020608078015616E+01    0.978594554022463292E+01   -0.399354817673357454E+00
    0.276696434921575897E-02    0.215546092987060547E+02    0.788151917068208174E+01    0.479997228535859577E+01    0.111269664764404297E+01    0.695810381217290352E+01    0.100383255057495759E+02   -0.807781501949809355E+00
    0.253340335591785946E-02    0.217309837341308594E+02    0.809892512139298759E+01    0.568630346510340789E+01    0.110512244701385498E+01    0.655351314223190951E+01    0.703184269699086695E+01   -0.570969329136750137E+00
    0.257907960851984971E-02    0.216952457427978516E+02    0.818868556864000929E+01    0.561256639485769782E+01    0.114997649192810059E+01    0.611312687974220559E+01    0.793059105788611785E+01   -0.434752839311931982E+00
    0.248705794565905972E-02    0.217679100036621094E+02    0.826567595387701459E+01    0.567935649871346016E+01    0.114375376701354980E+01    0.618405662929616629E+01    0.796069184949176201E+01   -0.498778451247011256E+00
    0.268504038916417319E-02    0.216147193908691406E+02    0.814307635449672418E+01    0.597279164564501208E+01    0.105041658878326416E+01    0.668199234850210022E+01    0.755431753039799680E+01   -0.416615252361458133E+00
    0.244837126057591715E-02    0.217992649078369141E+02    0.807576140212954208E+01    0.594468604703836867E+01    0.998798489570617676E+00    0.669708489799957718E+01    0.723721354904737435E+01   -0.436032866078211789E+00
    0.299285482326925060E-02    0.213976554870605469E+02    0.826217487716132126E+01    0.470654482478275327E+01    0.156321382522583008E+01    0.658897361343561894E+01    0.847804907840109578E+01   -0.498044307549917020E+00
    0.306982407261471336E-02    0.213468704223632812E+02    0.790456708163438737E+01    0.491424300620783683E+01    0.115610420703887939E+01    0.678157708815108595E+01    0.844140445981198972E+01   -0.733984351029475901E+00
    0.255428136999350658E-02    0.217145690917968750E+02    0.812213908282896924E+01    0.460036300103794282E+01    0.140254759788513184E+01    0.639160163712679719E+01    0.737046007895823063E+01    0.107604199044382565E+00
    0.294363506197961458E-02    0.214308204650878906E+02    0.791270933878435478E+01    0.484937985378702408E+01    0.113713479042053223E+01    0.638937109899498523E+01    0.741802923545803594E+01    0.295105308175980241E-01
    0.271091419489017261E-02    0.215955390930175781E+02    0.776253675954804390E+01    0.470822785847084546E+01    0.105928814411163330E+01    0.645191763189319545E+01    0.747494811605250487E+01   -0.338104965073461772E+00
    0.290181747872304396E-02    0.214594364166259766E+02    0.804190537932572624E+01    0.452199294707895394E+01    0.141660237312316895E+01    0.685124739115307246E+01    0.824324777251924345E+01   -0.599297361766857328E-01
    0.292989476810439015E-02    0.214401779174804688E+02    0.816031759920632638E+01    0.471597236217892934E+01    0.136489462852478027E+01    0.700441304879944493E+01    0.771238752584318021E+01   -0.938898727125998533E-01
    0.292635669851980121E-02    0.214425945281982422E+02    0.811408616200106181E+01    0.519567835668158118E+01    0.121875357627868652E+01    0.664737464557281754E+01    0.843590087121788379E+01   -0.574167010876250661E+00
    0.319550504154478276E-02    0.212666206359863281E+02    0.818627777746941732E+01    0.501520027206709429E+01    0.133112251758575439E+01    0.616973106637174773E+01    0.735177734338976396E+01   -0.236056701159310878E+00
    0.300435936040625981E-02    0.213899822235107422E+02    0.786408480528094600E+01    0.482079531174049514E+01    0.112005567550659180E+01    0.631180726007060233E+01    0.822421023964739462E+01   -0.127532957329400176E+00
    0.284879488427409880E-02    0.214963188171386719E+02    0.788891354925928390E+01    0.497004038837646167E+01    0.106941866874694824E+01    0.637574352600836303E+01    0.874523016631059846E+01   -0.364685904694238783E+00
    0.266019987375271452E-02    0.216333084106445312E+02    0.822485952997743830E+01    0.460997344597967729E+01    0.157306933403015137E+01    0.677108767208196483E+01    0.763515863150816454E+01   -0.154908960725287148E+00
    0.254555125351426260E-02    0.217214164733886719E+02    0.822281942368874574E+01    0.635860608156329477E+01    0.101667904853820801E+01    0.695383223096387759E+01    0.753067007278508793E+01   -0.322180448096280658E+00
    0.254826678773907101E-02    0.217192840576171875E+02    0.800252463206681597E+01    0.438202103692704981E+01    0.142741739749908447E+01    0.653900816607269775E+01    0.983350506925915901E+01   -0.137586848771718895E+00
    0.329030423773572171E-02    0.212081508636474609E+02    0.835430055155720552E+01    0.494549446028000261E+01    0.161600112915039062E+01    0.661237847772295950E+01    0.852715284542299479E+01   -0.639642615644680612E+00
    0.398790697409463855E-02    0.208235778808593750E+02    0.845640386153119294E+01    0.353251843272629884E+01    0.284509539604187012E+01    0.717638484050743752E+01    0.836585271338453040E+01   -0.187685393261077138E+00
    0.248250107075911062E-02    0.217715778350830078E+02    0.836121818007802098E+01    0.608860939381674715E+01    0.120446944236755371E+01    0.683384214743525398E+01    0.949323569716838733E+01   -0.396960527152781184E+00
    0.242349816946811495E-02    0.218196868896484375E+02    0.793801664792599748E+01    0.573418978327807149E+01    0.939265370368957520E+00    0.677840970113423147E+01    0.101365827535363202E+02   -0.638063919933302470E+00
    0.290487428486528804E-02    0.214573307037353516E+02    0.857603219532049366E+01    0.659592809064605490E+01    0.126532495021820068E+01    0.715640055304888278E+01    0.985974016764957639E+01   -0.782525369630007184E-01
    0.284806415275222751E-02    0.214968318939208984E+02    0.827850247295561914E+01    0.659715488009782902E+01    0.961704611778259277E+00    0.631738948765070951E+01    0.102501719306419794E+02   -0.187255223614291477E+00
    0.353129768887466920E-02    0.210667800903320312E+02    0.801414207797847489E+01    0.479179949646441905E+01    0.125718247890472412E+01    0.651496829706064595E+01    0.101174835803603198E+02   -0.123188424436924127E+00
    0.287580782752362794E-02    0.214774436950683594E+02    0.851941478819802889E+01    0.501805304947263675E+01    0.171209263801574707E+01    0.668011591823816442E+01    0.103428605937724498E+02   -0.140742359908278214E+00
    0.271179076319079046E-02    0.215948925018310547E+02    0.797850594570909077E+01    0.504622087647846218E+01    0.112862849235534668E+01    0.710248933921726522E+01    0.954835318331644345E+01   -0.346132601194709899E+00
    0.313143389377194305E-02    0.213071289062500000E+02    0.784333683890011635E+01    0.493031807811260769E+01    0.106059288978576660E+01    0.692718101748901738E+01    0.961787312736109001E+01   -0.544734425775439846E+00
    0.325854937663295867E-02    0.212275466918945312E+02    0.819704751214836413E+01    0.498730844816924446E+01    0.137065994739532471E+01    0.644785966140089872E+01    0.982010665636991220E+01   -0.349357675842697057E+00
    0.344036858822255841E-02    0.211189537048339844E+02    0.822647274381255933E+01    0.513166648430932248E+01    0.127639293670654297E+01    0.636823202657634369E+01    0.100252607606927633E+02   -0.685902222856175969E+00
    0.341901354991885811E-02    0.211314067840576172E+02    0.805428831237750487E+01    0.510219440630285526E+01    0.122850370407104492E+01    0.668930486263931545E+01    0.893619819622896294E+01   -0.563869250602744287E-02
    0.361995267613756354E-02    0.210171890258789062E+02    0.815069829126076151E+01    0.516566450466148375E+01    0.123795938491821289E+01    0.603537871155678562E+01    0.958476453672016859E+01   -0.547966146450469260E-01
    0.258636538282318784E-02    0.216896038055419922E+02    0.816164323570270334E+01    0.471518689894888077E+01    0.148324012756347656E+01    0.689693418603099317E+01    0.972840597967422482E+01    0.707545773632225483E-01
    0.276228974042952392E-02    0.215579910278320312E+02    0.807940213424137887E+01    0.456331724281900541E+01    0.145107555389404297E+01    0.645281996648966594E+01    0.100966698987341772E+02   -0.261174842396917128E+00
    0.289824421423900058E-02    0.214619007110595703E+02    0.821017928497754568E+01    0.555423063016677698E+01    0.118331742286682129E+01    0.698586883699744821E+01    0.785428092807411904E+01   -0.106306176690698306E+01
    0.272615343354833768E-02    0.215843276977539062E+02    0.823892931086741953E+01    0.557504774385917035E+01    0.114195096492767334E+01    0.623147031255682293E+01    0.845008039843047776E+01   -0.121166681791123532E+01
    0.252222249993264147E-02    0.217398300170898438E+02    0.836286523640442958E+01    0.542107568938163098E+01    0.128981447219848633E+01    0.627242318417228883E+01    0.782300002216229107E+01   -0.125304750156984723E+01
    0.277354008099473838E-02    0.215498619079589844E+02    0.820394313051639479E+01    0.601807261908941804E+01    0.109103369712829590E+01    0.660401942180094181E+01    0.853020333046539037E+01   -0.923992975371687342E+00
    0.275835423106286825E-02    0.215608425140380859E+02    0.824230614811209072E+01    0.649338654495615852E+01    0.967364907264709473E+00    0.642341312294098365E+01    0.730631323383222941E+01   -0.936077826633825660E+00
    0.297868592611443385E-02    0.214071464538574219E+02    0.826512644840721222E+01    0.510543559886425591E+01    0.136472761631011963E+01    0.653253406482784449E+01    0.724983934760584159E+01   -0.104004774923501109E+01
    0.269556733490963979E-02    0.216068935394287109E+02    0.828030075756076656E+01    0.592916923823472963E+01    0.114178776741027832E+01    0.615437560733405231E+01    0.806530102710052788E+01   -0.112729530122772670E+01
    0.255465653423331230E-02    0.217142753601074219E+02    0.814806232901213257E+01    0.459886294796561312E+01    0.144116270542144775E+01    0.675758259591926969E+01    0.838559706408966399E+01   -0.105324226546503485E+01
    0.258711285553633180E-02    0.216890258789062500E+02    0.817867732760640997E+01    0.621610205642650815E+01    0.980754852294921875E+00    0.610016163287834434E+01    0.810135592853324127E+01   -0.982783780426630837E+00
    0.291015096009143281E-02    0.214537010192871094E+02    0.827840904527210064E+01    0.619091145505309282E+01    0.107373833656311035E+01    0.670700869963055446E+01    0.805477026514122585E+01   -0.699185125058154444E+00
    0.282869642721149308E-02    0.215104789733886719E+02    0.877589320350731228E+01    0.663533499155797024E+01    0.148079597949981689E+01    0.711391823520991640E+01    0.829118323948244829E+01   -0.820280683553343604E+00
    0.420431161162248494E-02    0.207178897857666016E+02    0.820641184908564014E+01    0.515506093013868139E+01    0.129261589050292969E+01    0.693598113638604730E+01    0.920486107511706209E+01   -0.532908912816040248E+00
    0.308460593121100439E-02    0.213372631072998047E+02    0.827326695094636477E+01    0.590434170882652332E+01    0.115750765800476074E+01    0.665621423892301856E+01    0.966829709563611672E+01   -0.110132873352353533E+01
    0.251728428699792960E-02    0.217437496185302734E+02    0.811943574538368296E+01    0.566568728667270882E+01    0.113192963600158691E+01    0.676514290874042956E+01    0.891306643677198274E+01   -0.125960840608707025E+01
    0.270201719662585028E-02    0.216021137237548828E+02    0.864598077327102388E+01    0.603272194124560013E+01    0.161266088485717773E+01    0.717552344627251149E+01    0.898049932952701369E+01   -0.109344491332836036E+01
    0.241646377538483163E-02    0.218255004882812500E+02    0.840615245181112769E+01    0.582441958400612414E+01    0.139647352695465088E+01    0.719926548105810138E+01    0.941565306449386519E+01   -0.100867189444272709E+01
    0.248452136776496123E-02    0.217699508666992188E+02    0.847468575936135871E+01    0.600212243417347580E+01    0.143651831150054932E+01    0.715419742261249514E+01    0.918001180193620492E+01   -0.984573561644109807E+00
    0.245175927830145780E-02    0.217964992523193359E+02    0.818475457466936618E+01    0.538606026807569993E+01    0.119592773914337158E+01    0.709131627219601235E+01    0.958886716839118591E+01   -0.131923727712409722E+01
    0.260389509702351135E-02    0.216760940551757812E+02    0.812376249635038761E+01    0.589010968437679328E+01    0.102724003791809082E+01    0.697128671283801982E+01    0.877139644732225321E+01   -0.105292568328893599E+01
    0.251987113616948446E-02    0.217416954040527344E+02    0.834329942213718390E+01    0.653127920439737597E+01    0.110020077228546143E+01    0.660484949437147595E+01    0.960877188197233778E+01   -0.108434526136970710E+01
    0.299268072159796774E-02    0.213977718353271484E+02    0.827338792627044661E+01    0.495580014733506680E+01    0.142072999477386475E+01    0.652428131358682961E+01    0.899632093810586753E+01   -0.962043966655188099E+00
    0.280535335126660653E-02    0.215270519256591797E+02    0.820340988598986698E+01    0.508216439637495476E+01    0.130287635326385498E+01    0.641604644842516958E+01    0.949635330451300774E+01   -0.924856587200193925E+00
    0.309275639032179257E-02    0.213319854736328125E+02    0.835004718902278498E+01    0.551810109083684353E+01    0.136340403556823730E+01    0.711287418118983172E+01    0.948895244187058040E+01   -0.806148524750679440E+00
    0.311634441261246986E-02    0.213167896270751953E+02    0.821387832354568737E+01    0.580888825689337995E+01    0.113348317146301270E+01    0.668112888857753795E+01    0.879118259483005815E+01   -0.101211119282460693E+01
    0.276987381648231921E-02    0.215525074005126953E+02    0.839972963439954867E+01    0.553330152828157473E+01    0.135599839687347412E+01    0.659119981311621750E+01    0.976769887472589282E+01   -0.975629541416902502E+00
    0.248495501023573333E-02    0.217696018218994141E+02    0.803445322838246057E+01    0.598102152873455761E+01    0.956022739410400391E+00    0.679673128232576129E+01    0.103446308580323496E+02   -0.103963980251485433E+01
    0.260533827544451877E-02    0.216749858856201172E+02    0.839398348682656170E+01    0.619186527225837402E+01    0.117734873294830322E+01    0.633274355549738921E+01    0.103591560210246136E+02   -0.922567783865715807E+00
    0.270598071061776881E-02    0.215991821289062500E+02    0.889815772661179771E+01    0.772128133477593792E+01    0.130432498455047607E+01    0.711626004840563553E+01    0.893667198860165612E+01   -0.169346185183804288E+00
    0.262312416180407329E-02    0.216613788604736328E+02    0.871162350649499295E+01    0.741822048987195259E+01    0.126135075092315674E+01    0.717043367989947189E+01    0.101352281067015628E+02   -0.622981196440634655E+00
    0.254391555876568422E-02    0.217227020263671875E+02    0.830946523923161529E+01    0.642660712373964316E+01    0.106053912639617920E+01    0.616771165977644031E+01    0.101033851128332408E+02   -0.616238245907423154E+00
    0.293134809443746465E-02    0.214391860961914062E+02    0.844386247286921687E+01    0.507199352964227312E+01    0.152580404281616211E+01    0.615968957628093072E+01    0.913926970235168668E+01   -0.102170540043047975E+01
    0.278514433525100689E-02    0.215415115356445312E+02    0.818974939259332757E+01    0.546197210351987739E+01    0.117172455787658691E+01    0.699095579630334818E+01    0.943309464716696944E+01   -0.793573016568478673E+00
    0.263448597632889771E-02    0.216527347564697266E+02    0.833960877520179977E+01    0.574917722095399331E+01    0.111314594745635986E+01    0.633715194140927718E+01    0.888133368819788949E+01   -0.203459655044432930E+01
    0.259822700796463572E-02    0.216804523468017578E+02    0.842866432302377078E+01    0.607762190786979151E+01    0.124918293952941895E+01    0.655809752451444261E+01    0.917400085522521636E+01   -0.134981260903903522E+01
    0.267276714317891267E-02    0.216238822937011719E+02    0.835377912831265057E+01    0.548770520789798066E+01    0.127963817119598389E+01    0.687894506983789000E+01    0.962866084082913787E+01   -0.183193678654580672E+01
    0.251893648949442052E-02    0.217424373626708984E+02    0.815623143946731410E+01    0.595422932067652066E+01    0.101690530776977539E+01    0.628628859696070386E+01    0.887260206271976948E+01   -0.134806401231629969E+01
    0.252869162946317561E-02    0.217347068786621094E+02    0.846203269293344817E+01    0.649392526153414540E+01    0.110855138301849365E+01    0.640654750537951401E+01    0.930616387812284884E+01   -0.155418856943719419E+01
    0.260923213518632780E-02    0.216719989776611328E+02    0.822667641332452249E+01    0.589441700642265420E+01    0.104855990409851074E+01    0.607444195625226868E+01    0.102580397610585372E+02   -0.156270832999204767E+01
    0.281035544040871216E-02    0.215234889984130859E+02    0.837690412185612487E+01    0.623418331916046942E+01    0.108587217330932617E+01    0.615965190509619998E+01    0.102487436362017661E+02   -0.156025386659744725E+01
    0.382535775223574650E-02    0.209068069458007812E+02    0.826282469499812855E+01    0.316212244092372785E+01    0.235442733764648438E+01    0.701392257981667111E+01    0.960924210394661671E+01   -0.178442663555534864E+01
    0.295531958726226104E-02    0.214228973388671875E+02    0.834470795572760160E+01    0.570521602799691063E+01    0.120427775382995605E+01    0.630740575818134275E+01    0.804241601740083212E+01   -0.161915717131090275E+01
    0.279695984669591641E-02    0.215330448150634766E+02    0.855962523642274142E+01    0.633487125912185878E+01    0.116766226291656494E+01    0.632893756989879996E+01    0.758479628001578021E+01   -0.202982659115156672E+01
    0.264163602054882495E-02    0.216473140716552734E+02    0.836524277025783647E+01    0.554838330366851107E+01    0.123921132087707520E+01    0.628492189750044261E+01    0.820579775194470784E+01   -0.156072967954185726E+01
    0.270534079146729197E-02    0.215996551513671875E+02    0.828875564652631169E+01    0.608285437141270524E+01    0.105361628532409668E+01    0.609098940696904378E+01    0.710944276213668225E+01   -0.169396684136609155E+01
    0.257472241895150391E-02    0.216986274719238281E+02    0.798252464871958889E+01    0.345917994383326155E+01    0.176407170295715332E+01    0.696357720329891983E+01    0.772302602924413417E+01   -0.175205365722174156E+01
    0.279517859843398265E-02    0.215343189239501953E+02    0.833538409067940833E+01    0.552703335154576081E+01    0.126505863666534424E+01    0.626853962863586567E+01    0.876568096141930830E+01   -0.160447938576796156E+01
    0.266301993479455988E-02    0.216311893463134766E+02    0.831147051124554537E+01    0.551307327619223475E+01    0.127549040317535400E+01    0.704262334441482007E+01    0.701913330044980288E+01   -0.767783902906431726E+00
    0.330248916191893446E-02    0.212007579803466797E+02    0.849317713022096399E+01    0.508636445072832100E+01    0.160584938526153564E+01    0.678598038271857273E+01    0.796162592361865684E+01   -0.792597560802320800E+00
    0.282068227736824439E-02    0.215161533355712891E+02    0.866657939792148824E+01    0.485252547942569734E+01    0.188582074642181396E+01    0.704801989441254406E+01    0.762487126918287927E+01   -0.791788811671481518E+00
    0.269545679736269252E-02    0.216069755554199219E+02    0.809478359129194658E+01    0.349553520260174322E+01    0.230863928794860840E+01    0.718549292293262187E+01    0.849802925568369361E+01   -0.516132270076083977E+00
    0.314843648437088206E-02    0.212962989807128906E+02    0.833311216152133483E+01    0.374552213921886112E+01    0.238558769226074219E+01    0.720519091593203420E+01    0.830563800217505133E+01   -0.513587947633987074E+00
    0.264958109566805142E-02    0.216413078308105469E+02    0.870688677195690985E+01    0.465715267190423710E+01    0.211155605316162109E+01    0.708426576573782896E+01    0.754436462570167521E+01   -0.368230245411773849E+00
    0.259485435027673704E-02    0.216830501556396484E+02    0.811257151857586756E+01    0.460892985586285597E+01    0.150295853614807129E+01    0.688904763191938585E+01    0.711482642502174567E+01   -0.726846114207503113E+00
    0.250536207695252694E-02    0.217532444000244141E+02    0.815324078333401658E+01    0.400293817525078222E+01    0.167234039306640625E+01    0.708161995035736069E+01    0.733354083591546413E+01   -0.498386264681828228E+00
    0.301974164589504258E-02    0.213797683715820312E+02    0.859873700256143891E+01    0.596096835500615807E+01    0.144434809684753418E+01    0.709175109884183108E+01    0.708557963558406989E+01   -0.603494834460217122E+00
    0.244083166891048871E-02    0.218054332733154297E+02    0.862891888363400383E+01    0.685153910803909394E+01    0.121624279022216797E+01    0.696315035431698970E+01    0.775671121350046633E+01   -0.397066698506171267E+00
    0.355625260635997285E-02    0.210526962280273438E+02    0.912499626763928973E+01    0.726844700206612959E+01    0.166343712806701660E+01    0.712636736964705531E+01    0.841045019710507269E+01   -0.939980297057281255E-01
    0.309818229287260084E-02    0.213284797668457031E+02    0.902250292450263736E+01    0.502771164755695299E+01    0.245258665084838867E+01    0.710798005036991043E+01    0.715814173881179272E+01   -0.380643036391426159E+00
