 F
        2711       12797           3         150
   -0.395742142840977706E+02   -0.270957667082286235E+02
 T
   2
    0.200000000000000000E+01    0.300000000000000000E+01    0.113333333333333328E+00    0.886666666666666714E+00
   0
   0
 T T     0           0
    0.000000000000000000E+00   -0.340282346638528860E+39    0.000000000000000000E+00
 T F     1          17
    0.453600310041358605E-06   -0.587352370421096381E+02   -0.487944784495399873E+02
 T F     1         133
    0.191250639060006227E-07   -0.395742142888673314E+02   -0.270957666047378964E+02
