 F
        1451        9696           3         150
   -0.180845248346899048E+02   -0.134679400521293662E+02
 T
   2
    0.200000000000000000E+01    0.300000000000000000E+01    0.853333333333333388E+00    0.146666666666666667E+00
   0
   0
 T T     0           0
    0.000000000000000000E+00   -0.340282346638528860E+39    0.000000000000000000E+00
 T F     1         128
    0.135488219347381148E-03   -0.182305541549903545E+02   -0.134475593320608233E+02
 T F     1          22
    0.424377768643689705E-04   -0.200805989827091977E+02   -0.135975635641016535E+02
