 F
        1677       10438           3         150
   -0.185634475630114011E+02   -0.123560591034298053E+02
 T
   2
    0.200000000000000000E+01    0.300000000000000000E+01    0.906666666666666621E+00    0.933333333333333376E-01
   0
   0
 T T     0           0
    0.000000000000000000E+00   -0.340282346638528860E+39    0.000000000000000000E+00
 T F     1         136
    0.337275315351835613E-04   -0.185777895597511815E+02   -0.123219538397475148E+02
 T F     1          14
    0.492072758650788781E-05   -0.228151732017031073E+02   -0.147170469146519700E+02
