 F
        1959       15235           3         150
   -0.218837190960966410E+02   -0.139286154157058721E+02
 T
   2
    0.200000000000000000E+01    0.300000000000000000E+01    0.900000000000000022E+00    0.100000000000000006E+00
   0
   0
 T T     0           0
    0.000000000000000000E+00   -0.340282346638528860E+39    0.000000000000000000E+00
 T F     1         135
    0.603936087200495735E-05   -0.218990735503276106E+02   -0.139003122220259385E+02
 T F     1          15
    0.174283057369121998E-06   -0.260677361690582359E+02   -0.157578214083805666E+02
