 F
        2855       44824           3         150
   -0.279277154050972740E+02   -0.155036260883171781E+02
 T
   2
    0.200000000000000000E+01    0.300000000000000000E+01    0.526666666666666616E+00    0.473333333333333328E+00
   0
   0
 T T     0           0
    0.000000000000000000E+00   -0.340282346638528860E+39    0.000000000000000000E+00
 T F     1          79
    0.197115266288704482E-08   -0.364882110800800348E+02   -0.209625378043484112E+02
 T F     1          71
    0.329388608934496610E-07   -0.279279069477766591E+02   -0.155025803735936787E+02
