 F
        1455        9141           3         150
   -0.185019825070525030E+02   -0.138465098798838380E+02
 T
   2
    0.200000000000000000E+01    0.300000000000000000E+01    0.739999999999999991E+00    0.260000000000000009E+00
   0
   0
 T T     0           0
    0.000000000000000000E+00   -0.340282346638528860E+39    0.000000000000000000E+00
 T F     1         111
    0.110184167183751327E-03   -0.187774161002427107E+02   -0.137971234316988944E+02
 T F     1          39
    0.627529846338553508E-04   -0.199259490340963517E+02   -0.140022531570010624E+02
