 F
        1921       14499           3         150
   -0.233161376715156230E+02   -0.172861487030898004E+02
 T
   2
    0.200000000000000000E+01    0.300000000000000000E+01    0.533333333333333326E+00    0.466666666666666674E+00
   0
   0
 T T     0           0
    0.000000000000000000E+00   -0.340282346638528860E+39    0.000000000000000000E+00
 T F     1          80
    0.283933129575943723E-05   -0.239296218960548295E+02   -0.172496946640890449E+02
 T F     1          70
    0.525950635025510997E-05   -0.240958476175035159E+02   -0.173291950763757896E+02
