 F
        1442        6710           3         150
   -0.173117155983829498E+02   -0.130689907284074529E+02
 T
   2
    0.200000000000000000E+01    0.300000000000000000E+01    0.873333333333333295E+00    0.126666666666666677E+00
   0
   0
 T T     0           0
    0.000000000000000000E+00   -0.340282346638528860E+39    0.000000000000000000E+00
 T F     1         131
    0.140008213087170364E-03   -0.173887933803503145E+02   -0.129902442767788475E+02
 T F     1          19
    0.605427260056503501E-04   -0.199129471721724833E+02   -0.140517724182045534E+02
