 F
        1515        8401           3         150
   -0.184844800045083879E+02   -0.136259241717749902E+02
 T
   2
    0.200000000000000000E+01    0.300000000000000000E+01    0.119999999999999996E+00    0.880000000000000004E+00
   0
   0
 T T     0           0
    0.000000000000000000E+00   -0.340282346638528860E+39    0.000000000000000000E+00
 T F     1          18
    0.300214969013301202E-04   -0.209351297400598888E+02   -0.141941532239354267E+02
 T F     1         132
    0.893739007471464530E-04   -0.185746646327921852E+02   -0.135722968061224609E+02
