 F
        1679        8600           3         150
   -0.233822228813629387E+02   -0.177927048228132527E+02
 T
   2
    0.200000000000000000E+01    0.300000000000000000E+01    0.906666666666666621E+00    0.933333333333333376E-01
   0
   0
 T T     0           0
    0.000000000000000000E+00   -0.340282346638528860E+39    0.000000000000000000E+00
 T F     1         136
    0.316142693689109582E-04   -0.233993267319259211E+02   -0.177469118631549172E+02
 T F     1          14
    0.799783346975122174E-05   -0.274592142791340166E+02   -0.204472215866051599E+02
