 F
        1150        5019           3         150
   -0.204796057874768991E+02   -0.156172971310779900E+02
 T
   2
    0.200000000000000000E+01    0.300000000000000000E+01    0.680000000000000049E+00    0.320000000000000007E+00
   0
   0
 T T     0           0
    0.000000000000000000E+00   -0.340282346638528860E+39    0.000000000000000000E+00
 F F     1         102
    0.131245144398308496E-02   -0.211345321310621372E+02   -0.160314130740711569E+02
 F F     1          48
    0.171613171558586332E-03   -0.212124928903670487E+02   -0.151696045699031856E+02
