 F
        1150        5128           3         150
   -0.531761788047998820E+02   -0.444199345962673888E+02
 T
   2
    0.200000000000000000E+01    0.300000000000000000E+01    0.880000000000000004E+00    0.119999999999999996E+00
   0
   0
 T T     0           0
    0.000000000000000000E+00   -0.340282346638528860E+39    0.000000000000000000E+00
 F F     1         132
    0.116033619483368964E-02   -0.541738886496954564E+02   -0.461860980988827734E+02
 F F     1          18
    0.124478861040971240E-03   -0.536361891854873676E+02   -0.433883353985937816E+02
