 F
        3482       36107           3         150
   -0.278129615355810493E+02   -0.135999368580741375E+02
 T
   2
    0.200000000000000000E+01    0.300000000000000000E+01    0.280000000000000027E+00    0.719999999999999973E+00
   0
   0
 T T     0           0
    0.000000000000000000E+00   -0.340282346638528860E+39    0.000000000000000000E+00
 T F     1          42
    0.492863496276874550E-08   -0.278129615367037317E+02   -0.135999368396715017E+02
 T F     1         108
    0.303527589956755905E-10   -0.484203984449901270E+02   -0.299883995481839882E+02
