

    0.591433694863988026E-02    0.209407081604003906E+02    0.913911028138964809E+01    0.549982092745572881E+01    0.320681959390640259E+00    0.868619586252306419E+01    0.754677164129384170E+01   -0.186507564398521386E+01
    0.587475050170691016E-02    0.209391021728515625E+02    0.887926338173153873E+01    0.416392472760011145E+01    0.121917974948883057E+01    0.863349802088403884E+01    0.791679987345321212E+01   -0.126597306617541028E+01
    0.583491148760666763E-02    0.209376735687255859E+02    0.719490870637368030E+01    0.431666911526735220E+01    0.381770431995391846E+00    0.743163881259158554E+01    0.100864870407862401E+02   -0.475619317807906450E+00
    0.586332638299406645E-02    0.209129199981689453E+02    0.822291665079774070E+01    0.441335321811135284E+01    0.192064607143402100E+01    0.771939281813508149E+01    0.903037037360316042E+01   -0.119228962844027531E+01
    0.582153806190818975E-02    0.209121875762939453E+02    0.777145536519155300E+01    0.501800543174339442E+01    0.639720678329467773E+00    0.777011906660943730E+01    0.853670399850754968E+01   -0.606086495212050158E+00
    0.577893970631440743E-02    0.209118385314941406E+02    0.719176185129647205E+01    0.538586823419620231E+01    0.230412229895591736E+00    0.733912555849970971E+01    0.874443104211966293E+01   -0.138473804485097585E+01
    0.575620098410069975E-02    0.209046859741210938E+02    0.701734455938611212E+01    0.396083249302443408E+01    0.346709251403808594E+00    0.733148773236327500E+01    0.924722254108875852E+01   -0.181440131735861598E-01
    0.574922235655136657E-02    0.208920745849609375E+02    0.836322993661491232E+01    0.676574316684741017E+01    0.121078264713287354E+01    0.802686977863512396E+01    0.862716228211094993E+01   -0.161649120216870879E+01
    0.571831629137434325E-02    0.208878173828125000E+02    0.809399607546556865E+01    0.672102956854825528E+01    0.940392732620239258E+00    0.752173058568563491E+01    0.830123870983869416E+01   -0.141590113365086157E+01
    0.569147762982030129E-02    0.208821887969970703E+02    0.702045437367396641E+01    0.686894467262928021E+01    0.101999662816524506E+00    0.612218490162306939E+01    0.102912172329816123E+02   -0.107192373339274893E+01
    0.567187346891957159E-02    0.208740520477294922E+02    0.703022832082217963E+01    0.515615209837240851E+01    0.308880627155303955E+00    0.696624124469471617E+01    0.102768510235350252E+02   -0.117464109067202149E+01
    0.563470515099500670E-02    0.208721637725830078E+02    0.860286774844199620E+01    0.635258584451668806E+01    0.113394236564636230E+01    0.804724245056798715E+01    0.718908143343929318E+01   -0.119319824608013003E+01
    0.560205814017485093E-02    0.208687477111816406E+02    0.846003599905341552E+01    0.423784754594445445E+01    0.172471129894256592E+01    0.816944590332720466E+01    0.775807643530138868E+01   -0.101869800187840331E+01
    0.557804147017946020E-02    0.208623027801513672E+02    0.846069384558504289E+01    0.561286900642937603E+01    0.831374585628509521E+00    0.825653658977046057E+01    0.769038589512271820E+01   -0.624788271005470408E+00
    0.553873007621173783E-02    0.208614101409912109E+02    0.790626235879778960E+01    0.420301432626852289E+01    0.139592134952545166E+01    0.757418591786865303E+01    0.101752437692299580E+02   -0.153372361363278609E+01
    0.549919224119285559E-02    0.208607006072998047E+02    0.712000346469571532E+01    0.629369325394715950E+01    0.193309769034385681E+00    0.629115763595643873E+01    0.734858822944973067E+01   -0.193312890034864493E+01
    0.546727824057197283E-02    0.208573036193847656E+02    0.836545095204185429E+01    0.381107653765680476E+01    0.718942403793334961E+00    0.896220684034199166E+01    0.984720508813073181E+01    0.116208280998244540E-01
    0.543133151943773172E-02    0.208554592132568359E+02    0.829341983399597815E+01    0.494862056392688476E+01    0.104261362552642822E+01    0.838793254171764069E+01    0.889405842811095937E+01   -0.116014765282150512E+01
    0.542236232046230601E-02    0.208437271118164062E+02    0.873357572591261189E+01    0.632218561925012779E+01    0.158719480037689209E+01    0.807737561776411361E+01    0.850724439536203647E+01    0.133077386646523799E+00
    0.539469484883932197E-02    0.208389205932617188E+02    0.719447340104110289E+01    0.552258857118807978E+01    0.263173133134841919E+00    0.743950027946515835E+01    0.910481083806845604E+01   -0.655023759565356745E+00
    0.536615005883566299E-02    0.208344936370849609E+02    0.945944394461012372E+01    0.566855075180587153E+01    0.196256846189498901E+00    0.878037332242774760E+01    0.770254908455858089E+01   -0.145196364657033428E+01
    0.533811265260982458E-02    0.208299331665039062E+02    0.859756318840819667E+01    0.543319982095478160E+01    0.214535593986511230E+01    0.777511270395789378E+01    0.103829329238703387E+02   -0.212376606018977165E+01
    0.531379321508886233E-02    0.208240280151367188E+02    0.845873000189660473E+01    0.607846012673061153E+01    0.163251960277557373E+01    0.771987963831596513E+01    0.101975378611025533E+02   -0.188797794482932124E+01
    0.530516483721924989E-02    0.208122406005859375E+02    0.747688721334803130E+01    0.532748687750516137E+01    0.195555880665779114E+00    0.782044301036359535E+01    0.828594435240834137E+01   -0.164550218189322806E+00
    0.527278760237930629E-02    0.208094463348388672E+02    0.754687447972864689E+01    0.445166150887992806E+01    0.722514390945434570E+00    0.754528615018107907E+01    0.804494983148111409E+01   -0.126507739655818940E+01
    0.525116901781450592E-02    0.208026256561279297E+02    0.782583533726211744E+01    0.662872246838526635E+01    0.604524254798889160E+00    0.744706992826224212E+01    0.763834683395549341E+01   -0.147343897836700766E+01
    0.522266140776092569E-02    0.207984752655029297E+02    0.823625518632827713E+01    0.472346660959253306E+01    0.808320403099060059E+00    0.850000667548154176E+01    0.879432882599293997E+01   -0.402747897469245553E+00
    0.518738298475911533E-02    0.207969932556152344E+02    0.929825726307164757E+01    0.508700990520691132E+01    0.106249237433075905E-01    0.882472579860045592E+01    0.750563101185179704E+01   -0.143293015325707751E+01
    0.515136513810683042E-02    0.207958908081054688E+02    0.749921490418382497E+01    0.559144219257558817E+01    0.446337133646011353E+00    0.725158131786202187E+01    0.103643231010302852E+02   -0.284352767754517233E+00
    0.511435348091421674E-02    0.207952747344970703E+02    0.776026768147244894E+01    0.665761969847650814E+01    0.190554141998291016E+00    0.808396939467620967E+01    0.850930614165168464E+01   -0.445741970098396001E+00
    0.509327276125277027E-02    0.207884979248046875E+02    0.721426073262079193E+01    0.612284962639491237E+01    0.171302840113639832E+00    0.633401102854454301E+01    0.970121074824511709E+01   -0.185464272429870869E+01
    0.505985746414635770E-02    0.207866249084472656E+02    0.747121841809367027E+01    0.559085165407869766E+01    0.194492172449827194E-01    0.812982672763233793E+01    0.942827942507802952E+01   -0.711870528908552958E+00
    0.502220034877082482E-02    0.207865276336669922E+02    0.737165360198595732E+01    0.422872539708052209E+01    0.769520342350006104E+00    0.692169027180218155E+01    0.966106704054151066E+01    0.179203682527777630E+00
    0.498529890245588778E-02    0.207862396240234375E+02    0.717063096062639005E+01    0.551135449630229335E+01    0.188220128417015076E+00    0.733197965724850853E+01    0.741014743242912832E+01   -0.116688442401787373E+01
    0.494881489973575742E-02    0.207858924865722656E+02    0.717728515626370811E+01    0.559370151887022260E+01    0.844855979084968567E-01    0.760328803245099571E+01    0.755948294854810676E+01   -0.123528108616978138E+01
    0.494114670411243198E-02    0.207739562988281250E+02    0.842623562522757652E+01    0.446006298508164445E+01    0.109519159793853760E+01    0.843289258161290611E+01    0.805795870460359964E+01   -0.696449933325455017E+00
    0.492837876717037819E-02    0.207640933990478516E+02    0.736495190433330027E+01    0.638019222868321201E+01    0.237936392426490784E+00    0.750955103294533011E+01    0.747995569041211095E+01   -0.158362753437430781E+01
    0.489861870889959049E-02    0.207611694335937500E+02    0.803022437051134830E+01    0.635777384743108342E+01    0.491345733404159546E+00    0.800261587946408071E+01    0.101066202864724666E+02   -0.303104751378082904E+00
    0.488589543023916061E-02    0.207513332366943359E+02    0.888258112767427477E+01    0.656146873634306615E+01    0.228577828407287598E+01    0.790461558893870997E+01    0.882914610419314094E+01   -0.514075254255247360E+00
    0.486435520285766199E-02    0.207451324462890625E+02    0.884698717604365825E+01    0.630373169383901022E+01    0.276644301414489746E+01    0.788807491184525134E+01    0.103744485514800875E+02   -0.119673274314748879E+01
    0.483494947456199024E-02    0.207422218322753906E+02    0.813855692017413190E+01    0.662682861969329640E+01    0.912548542022705078E+00    0.793158171374595344E+01    0.865718426637724292E+01   -0.196901524843841735E+01
    0.481057286777920173E-02    0.207372932434082031E+02    0.760789843465049032E+01    0.577412650978358588E+01    0.581172347068786621E+00    0.709921091989048492E+01    0.944387949774790414E+01   -0.961846844975741799E+00
    0.478277378932478493E-02    0.207338466644287109E+02    0.806315162813283415E+01    0.597074499592585983E+01    0.106581687927246094E+01    0.742533229209801515E+01    0.944771744848094031E+01   -0.524059706422303817E+00
    0.475507186719965631E-02    0.207304267883300781E+02    0.740184172079271807E+01    0.682903047444755806E+01    0.325835168361663818E+00    0.636369849751677652E+01    0.770363693329852595E+01   -0.569842111482662839E+00
    0.472714718613057548E-02    0.207271690368652344E+02    0.761613994090400137E+01    0.463113873600635628E+01    0.791903138160705566E+00    0.763168039319890479E+01    0.856574865620794057E+01   -0.122525033831628627E+01
    0.474658551472151736E-02    0.207039241790771484E+02    0.707598736824859476E+01    0.435434742734074121E+01    0.497163951396942139E+00    0.682849343318470403E+01    0.816685165123172929E+01   -0.352181306067848476E+00
    0.471810319451565052E-02    0.207009239196777344E+02    0.881746783573435167E+01    0.622768226239909062E+01    0.789226114749908447E+00    0.884357074615999927E+01    0.885140295910367492E+01   -0.174124099894936624E+01
    0.470746467468108418E-02    0.206904010772705078E+02    0.745589112944041599E+01    0.436392782983520622E+01    0.691458225250244141E+00    0.752317182860812661E+01    0.839071073927049405E+01   -0.103286450462346302E+00
    0.467439568077860843E-02    0.206894626617431641E+02    0.908861746342742727E+01    0.455374991616261404E+01    0.131902545690536499E+00    0.879488246981704691E+01    0.786942970862996916E+01   -0.110365234227886644E+01
    0.464014713983031558E-02    0.206891326904296875E+02    0.718089413927949494E+01    0.517401872627429338E+01    0.359426438808441162E+00    0.714558012411861476E+01    0.749314599001922410E+01   -0.760873610608165052E+00
    0.461439333794078001E-02    0.206852264404296875E+02    0.711515031825820099E+01    0.675612250972638417E+01    0.170961562544107437E-01    0.734347423397137256E+01    0.882858222679349147E+01   -0.216386171095433388E+01
    0.460144714930776043E-02    0.206758079528808594E+02    0.739264515407604161E+01    0.621337959631833936E+01    0.562263503670692444E-01    0.792262635302436369E+01    0.845242098806021502E+01   -0.741988667530848467E+00
    0.456849983362693501E-02    0.206751422882080078E+02    0.759457316673377925E+01    0.567410820383188597E+01    0.276251733303070068E+00    0.773931763464512201E+01    0.962212720717264069E+01    0.129272862057569160E+00
    0.454134598329414881E-02    0.206720275878906250E+02    0.873670821218689042E+01    0.430858939103100891E+01    0.292317366600036621E+01    0.822535825865049475E+01    0.796499146527353385E+01   -0.120907917921234809E+01
    0.451792396872680111E-02    0.206673316955566406E+02    0.766019332828177291E+01    0.481444010363115460E+01    0.720346570014953613E+00    0.757674875660170066E+01    0.100581125503679267E+02   -0.401595157743301234E+00
    0.448757286329943324E-02    0.206657752990722656E+02    0.754717968481385437E+01    0.594625198358673668E+01    0.499918997287750244E+00    0.755728300942946873E+01    0.881602467160734982E+01   -0.107825188768398883E+01
    0.447982037345427339E-02    0.206541957855224609E+02    0.843605036427075383E+01    0.598864049476531424E+01    0.169305250048637390E+00    0.820318250351784428E+01    0.752083590393100199E+01   -0.911092290966251106E-01
    0.444665818826672603E-02    0.206540184020996094E+02    0.722570023267606842E+01    0.529774851413411874E+01    0.316152215003967285E+00    0.632009939534688403E+01    0.728229500021480369E+01   -0.182472667540509614E+01
    0.441652890628253109E-02    0.206525783538818359E+02    0.833632390960120340E+01    0.423351342327487501E+01    0.116930854320526123E+01    0.857130641165239915E+01    0.931103550419322445E+01   -0.895092764825591303E-01
    0.442254751310713467E-02    0.206348171234130859E+02    0.733861556753750488E+01    0.521976236155175322E+01    0.336992055177688599E+00    0.756252522449705022E+01    0.841532345488566236E+01   -0.247690640897478609E+00
    0.440874345226148750E-02    0.206260318756103516E+02    0.851071125705351861E+01    0.497166904015076216E+01    0.542298793792724609E+00    0.886589911811556775E+01    0.103232733218231054E+02   -0.699342512449034892E-01
    0.437677938494634728E-02    0.206255474090576172E+02    0.712588542940443048E+01    0.488442769329437265E+01    0.348258376121520996E+00    0.705195544405165364E+01    0.929215790238526296E+01   -0.172862157270611450E+01
    0.434499733719671388E-02    0.206250858306884766E+02    0.704313966263461300E+01    0.598011847632523441E+01    0.214943021535873413E+00    0.608179920826639098E+01    0.925358760753221077E+01   -0.785747594971402341E+00
    0.432108359908024622E-02    0.206210861206054688E+02    0.717009261641084805E+01    0.525520005047473848E+01    0.374471187591552734E+00    0.665589585870834455E+01    0.758250178766870242E+01   -0.742435714896225729E+00
    0.430429463533464791E-02    0.206138343811035156E+02    0.830557658710900348E+01    0.488291727735458281E+01    0.188915383815765381E+01    0.785290030422422802E+01    0.763982303862209200E+01   -0.177785982182193369E+01
    0.427807055472635180E-02    0.206110191345214844E+02    0.787792101486020080E+01    0.470679460499021207E+01    0.100218534469604492E+01    0.724036821721311252E+01    0.102656937536016635E+02   -0.195581972565513262E+01
    0.425108585334950818E-02    0.206086368560791016E+02    0.819833683341927788E+01    0.461241980605280677E+01    0.192474508285522461E+01    0.764366976913755547E+01    0.764638486707806120E+01   -0.142079693934029638E+01
    0.422070354928967377E-02    0.206079444885253906E+02    0.702443140030114854E+01    0.395739781225446352E+01    0.472866058349609375E+00    0.643596222589264588E+01    0.906719018300218060E+01   -0.130135171497457724E+01
    0.419282095695152918E-02    0.206061630249023438E+02    0.723625290393829346E+01    0.451307684183120728E+01    0.455534398555755615E+00    0.736574702664799830E+01    0.875931242108345032E+01   -0.772983588264084531E+00
    0.416382386393157351E-02    0.206050052642822266E+02    0.755070986578879388E+01    0.597765499031814684E+01    0.354105651378631592E+00    0.746127131576918945E+01    0.872697303764092780E+01    0.149048298782178623E+00
    0.413290232787150071E-02    0.206048755645751953E+02    0.805738077042341239E+01    0.569670702418563923E+01    0.125733149051666260E+01    0.772207514189781552E+01    0.752667923499388536E+01   -0.125664426482341640E+01
    0.410401824444478740E-02    0.206038646697998047E+02    0.885943584332505907E+01    0.641298504163042793E+01    0.175553452968597412E+01    0.827928045295871229E+01    0.104268942583898419E+02   -0.367985765577566015E+00
    0.407542153133870055E-02    0.206028118133544922E+02    0.785276686570830762E+01    0.451918675780880008E+01    0.109892463684082031E+01    0.769515998707900994E+01    0.966194490666162054E+01   -0.748507445904663005E+00
    0.405639430201136953E-02    0.205971336364746094E+02    0.738581071447667181E+01    0.425301261895716731E+01    0.676301479339599609E+00    0.710860821732863979E+01    0.104896167839881738E+02   -0.147339708227170507E+01
    0.403023898018155333E-02    0.205950336456298828E+02    0.818020591980517153E+01    0.657140076522221417E+01    0.111274614930152893E+00    0.869617198152374016E+01    0.927070111787414497E+01   -0.477472308449933269E+00
    0.400561965270402904E-02    0.205922508239746094E+02    0.777400298859904204E+01    0.647998681140364585E+01    0.563205242156982422E+00    0.768743068375039673E+01    0.923509772945658014E+01   -0.106989756678176962E+01
    0.398184937412660034E-02    0.205891170501708984E+02    0.853657334195269435E+01    0.441011233693527860E+01    0.713628947734832764E+00    0.888511119940782912E+01    0.992243483629162881E+01    0.189393872002565633E+00
    0.395482047226329222E-02    0.205877017974853516E+02    0.738284048122921277E+01    0.601220853063968885E+01    0.363805115222930908E+00    0.701438432348758845E+01    0.922591702578004202E+01   -0.273802193937727756E+00
    0.392774654342374022E-02    0.205864028930664062E+02    0.723572176694869995E+01    0.589377254247665405E+01    0.246904030442237854E+00    0.642233773088835846E+01    0.988074892759323120E+01   -0.163244374006095061E+01
    0.389884587642137705E-02    0.205861358642578125E+02    0.837006608961411658E+01    0.518011164531370927E+01    0.138399386405944824E+01    0.825217510300444523E+01    0.929389620947000594E+01   -0.190958139410337813E+01
    0.387733956955239618E-02    0.205821609497070312E+02    0.751183738424689640E+01    0.551242680043921141E+01    0.384573966264724731E+00    0.736129955955407667E+01    0.715960223374743876E+01   -0.768716388812773266E+00
    0.385605485937677269E-02    0.205781326293945312E+02    0.825504594763885358E+01    0.471998547585317496E+01    0.510798692703247070E+00    0.867120209376843221E+01    0.898677993375407880E+01   -0.680505475652015690E-03
    0.383462368016503075E-02    0.205742416381835938E+02    0.743488743098903360E+01    0.664914125810351564E+01    0.168716475367546082E+00    0.761406979652568516E+01    0.886856213162565510E+01   -0.190179859852278565E+01
    0.380956406009529602E-02    0.205723171234130859E+02    0.840482243229366510E+01    0.574220631455942598E+01    0.166356515884399414E+01    0.735183643334056569E+01    0.100108890515834652E+02   -0.579184110905765381E+00
    0.378157987192295590E-02    0.205720252990722656E+02    0.838602150759130360E+01    0.535891986627195216E+01    0.162174546718597412E+01    0.764148737512513776E+01    0.104021064982351099E+02   -0.683115104579608223E+00
    0.376408605700013880E-02    0.205662612915039062E+02    0.748381123630011924E+01    0.580709245946116859E+01    0.391200065612792969E+00    0.760563817191610880E+01    0.102252674401689809E+02   -0.281894268965045658E+00
    0.374425495749663778E-02    0.205617885589599609E+02    0.750515101644195504E+01    0.517703424328156459E+01    0.531421601772308350E+00    0.752540696770752771E+01    0.867498857331070994E+01   -0.376920457055000879E+00
    0.371961563099145040E-02    0.205599555969238281E+02    0.730604259072511297E+01    0.576169520176421823E+01    0.121070310473442078E+00    0.766746651771905796E+01    0.764916179358301029E+01   -0.187620878026881277E+01
    0.369719701030570046E-02    0.205570087432861328E+02    0.706342773444301741E+01    0.505477864445859915E+01    0.354243576526641846E+00    0.685924100351859956E+01    0.868012431184643063E+01    0.211515536777426405E+00
    0.367073131447054465E-02    0.205563392639160156E+02    0.844836120340026042E+01    0.539826597691231314E+01    0.195916640758514404E+01    0.750179408171796425E+01    0.773271602747775866E+01    0.155130539184652694E+00
    0.364336736067536870E-02    0.205562667846679688E+02    0.806019202454593753E+01    0.542341186767380901E+01    0.526749312877655029E+00    0.819434766251231395E+01    0.934065924620068344E+01   -0.460339600352715816E+00
    0.363319746528292494E-02    0.205468196868896484E+02    0.702595595377719118E+01    0.555814647156359598E+01    0.225188732147216797E+00    0.668712101459766384E+01    0.101982790230908797E+02   -0.697537076901190822E+00
    0.362469064313390406E-02    0.205364704132080078E+02    0.716958238818860494E+01    0.645487968917814658E+01    0.111744463443756104E+00    0.744117823588650040E+01    0.845993779352945729E+01   -0.362420008277819505E-01
    0.360003121191582350E-02    0.205350856781005859E+02    0.803108531806957515E+01    0.459670487992227184E+01    0.138962554931640625E+01    0.765353204437206625E+01    0.849261696437379321E+01   -0.329029032009138911E+00
    0.357790679736017404E-02    0.205323772430419922E+02    0.778408697546577066E+01    0.636932158217413402E+01    0.545305430889129639E+00    0.764849490830677414E+01    0.780324056153296386E+01   -0.209611101011629408E+01
    0.355548091464800509E-02    0.205299148559570312E+02    0.817560112437278086E+01    0.583388098887520901E+01    0.332508206367492676E+00    0.841964926534975966E+01    0.936365963424850278E+01    0.533943640275533760E-01
    0.353314505222213429E-02    0.205274810791015625E+02    0.752757883963128549E+01    0.605557857715482406E+01    0.258630663156509399E+00    0.754571257713363774E+01    0.736827652021343038E+01   -0.147433173262817352E+01
    0.352147893271954112E-02    0.205190582275390625E+02    0.756023341540175320E+01    0.654605026435096526E+01    0.185193955898284912E+00    0.777771439428357869E+01    0.847465955719392561E+01   -0.207623161349421226E+01
    0.351100297830969198E-02    0.205099792480468750E+02    0.823962699320540004E+01    0.513071885508308601E+01    0.110970544815063477E+01    0.788821318461232224E+01    0.715910322747623162E+01   -0.121351968585565340E+01
    0.348490950293263912E-02    0.205098609924316406E+02    0.764770517174998332E+01    0.652902841818975244E+01    0.348897844552993774E+00    0.784548460790924640E+01    0.947982393643511045E+01   -0.118602085062744278E+01
    0.348302882734918091E-02    0.204959030151367188E+02    0.810357821056186367E+01    0.639864638676117270E+01    0.820963501930236816E+00    0.770582443980876608E+01    0.101513289347147921E+02   -0.527798306736379619E+00
    0.345786536941938578E-02    0.204953670501708984E+02    0.745119884089266016E+01    0.631594691299731537E+01    0.365868538618087769E+00    0.709772893170270791E+01    0.933589320861802285E+01   -0.493426122265176570E+00
    0.343910638708727580E-02    0.204912090301513672E+02    0.763593800415257018E+01    0.555839412498150942E+01    0.584163188934326172E+00    0.716018467128813985E+01    0.862618228127900721E+01   -0.180112171140879096E+01
    0.341618840170396362E-02    0.204895439147949219E+02    0.726129753664764266E+01    0.577461253263451813E+01    0.303191006183624268E+00    0.717817394114857965E+01    0.776732738620850149E+01   -0.189099328771363173E+01
    0.339093539908814521E-02    0.204893455505371094E+02    0.723805637687208314E+01    0.558137942949012889E+01    0.107529722154140472E+00    0.766716574008750573E+01    0.922608830898327170E+01   -0.596013378197310928E+00
    0.337323108938439309E-02    0.204847774505615234E+02    0.922579635793887043E+01    0.476798181393246878E+01    0.183882641792297363E+01    0.848639593884521837E+01    0.761481009240053996E+01   -0.166065478872547634E+01
    0.335019931234604431E-02    0.204834423065185547E+02    0.744021929024866679E+01    0.567205767140674677E+01    0.480326473712921143E+00    0.724696732619880279E+01    0.906057363795985005E+01   -0.495515873202466484E+00
    0.333093148247023832E-02    0.204799404144287109E+02    0.906335569105949013E+01    0.650210894086809077E+01    0.121213126182556152E+01    0.830984926650073064E+01    0.751591592439042877E+01   -0.100545313534373237E+01
    0.331900867087505909E-02    0.204720745086669922E+02    0.788044733750564586E+01    0.507333251015278108E+01    0.810570657253265381E+00    0.784093674224207060E+01    0.920982226189182285E+01   -0.183982462306161221E+00
    0.329846346401688976E-02    0.204694557189941406E+02    0.773409119532808198E+01    0.609328861910687714E+01    0.125445738434791565E+00    0.806836523028620967E+01    0.852325557407712608E+01   -0.161936476066543378E+00
    0.327840809318873843E-02    0.204666156768798828E+02    0.824605647747892867E+01    0.605683264616095762E+01    0.121607589721679688E+01    0.809115275598104944E+01    0.899920143602364320E+01   -0.208140072272586352E+01
    0.327757957246412436E-02    0.204520835876464844E+02    0.878977547187981934E+01    0.461342537848002632E+01    0.100220131874084473E+01    0.890490393945251668E+01    0.867537032670708363E+01   -0.820971086143184925E+00
    0.325320846994780685E-02    0.204519729614257812E+02    0.862223636750944777E+01    0.643261694053819877E+01    0.100779747962951660E+01    0.841851543911246836E+01    0.872531481558543476E+01   -0.841576398048205387E+00
    0.323242006701927919E-02    0.204497566223144531E+02    0.793385093160366051E+01    0.523126517156189941E+01    0.116510522365570068E+01    0.756953899392342322E+01    0.919636716642717467E+01   -0.145867379274061548E+01
    0.321666287384108534E-02    0.204444923400878906E+02    0.803537927019337950E+01    0.519705275738526051E+01    0.568551063537597656E+00    0.833610141361075740E+01    0.941806583951377263E+01   -0.353011217317899195E+00
    0.319425228063312510E-02    0.204434375762939453E+02    0.714583071201900655E+01    0.632823013689665625E+01    0.103013090789318085E+00    0.726883174125048637E+01    0.874212864207125939E+01   -0.225206855059247202E+00
    0.317730517555704422E-02    0.204390392303466797E+02    0.757503385345164837E+01    0.533915761095671648E+01    0.383598595857620239E+00    0.782028101660981623E+01    0.907088371442424801E+01   -0.203716197098291385E+01
    0.315819127491207864E-02    0.204360694885253906E+02    0.752144837420572188E+01    0.612681306529351399E+01    0.854446738958358765E-01    0.805112371173890651E+01    0.893809019767381763E+01   -0.644089326915431748E+00
    0.314145646291177352E-02    0.204316577911376953E+02    0.835255390256051555E+01    0.601195724160570943E+01    0.751108944416046143E+00    0.838103857705574562E+01    0.863638537087857294E+01   -0.169341745163007484E+01
    0.312034642081909178E-02    0.204301052093505859E+02    0.818226456847368766E+01    0.630206262320889188E+01    0.873266279697418213E+00    0.795439229898871059E+01    0.935052981323876864E+01   -0.357059577580032705E+00
    0.309708833787770499E-02    0.204300308227539062E+02    0.868014598127893322E+01    0.601639935449949181E+01    0.426622033119201660E+00    0.865991652819976920E+01    0.804219385710208989E+01   -0.196530730782951424E+01
    0.308269634355598423E-02    0.204243087768554688E+02    0.737791995844338722E+01    0.615406252274245524E+01    0.204530969262123108E+00    0.765509347176323729E+01    0.102540737451979282E+02   -0.187539833451045501E+01
    0.306022082539552558E-02    0.204239063262939453E+02    0.815355087636304532E+01    0.528595076336630232E+01    0.223878055810928345E+00    0.872939392860809527E+01    0.983106838035136832E+01   -0.428680562145356436E+00
    0.304852554987337541E-02    0.204165267944335938E+02    0.755435094166866783E+01    0.604717200633747964E+01    0.117622442543506622E+00    0.786351787362474131E+01    0.753324752068931414E+01   -0.171830349238318547E+01
    0.302628473581979199E-02    0.204161338806152344E+02    0.731666404227970713E+01    0.522698283548539511E+01    0.379286110401153564E+00    0.736343971394772101E+01    0.848677914796844135E+01   -0.164016036732711035E+01
    0.301184259213238114E-02    0.204106636047363281E+02    0.715961891755616975E+01    0.560175744192418179E+01    0.368502408266067505E+00    0.660928446643000100E+01    0.888426782168541962E+01   -0.465985108793534497E+00
    0.299008041036586802E-02    0.204101295471191406E+02    0.793308037333971328E+01    0.610337864619373693E+01    0.132222235202789307E+00    0.847794027820380158E+01    0.974392562541501839E+01   -0.720882205686019795E-01
    0.296812445392310477E-02    0.204098320007324219E+02    0.728713458419532678E+01    0.661036976421396183E+01    0.254297107458114624E+00    0.710015685649777151E+01    0.964617355345567162E+01   -0.166555844238801276E+01
    0.294639715547776381E-02    0.204094886779785156E+02    0.745275751080296267E+01    0.602299949421204861E+01    0.248850435018539429E+00    0.739413529757222854E+01    0.715555492306576379E+01   -0.952241174075609598E+00
    0.292705005843825906E-02    0.204076271057128906E+02    0.816257370520779268E+01    0.574421922403596774E+01    0.101148545742034912E+01    0.801102590876367238E+01    0.931251845165625092E+01   -0.392456813746810074E+00
    0.290660453938072555E-02    0.204066085815429688E+02    0.849620355366627678E+01    0.631161240328003359E+01    0.252831399440765381E+00    0.883988638373535274E+01    0.990550311894030600E+01   -0.173913036060000525E+00
    0.288715250903383942E-02    0.204050006866455078E+02    0.856009995937347412E+01    0.614154875278472900E+01    0.623530387878417969E+00    0.878771726725394231E+01    0.988975948095321655E+01   -0.790783709880182428E+00
    0.286581022304445215E-02    0.204048023223876953E+02    0.832104429427780445E+01    0.477611032974576144E+01    0.131355416774749756E+01    0.807766434767421337E+01    0.791882582134046942E+01   -0.204731503221156075E-01
    0.284719321335574803E-02    0.204027996063232422E+02    0.805269730484699053E+01    0.613197073687715921E+01    0.895304620265960693E+00    0.742692052388324164E+01    0.758558239021756542E+01   -0.543429531202128002E+00
    0.282730819272084813E-02    0.204017791748046875E+02    0.762866651101234972E+01    0.516195008017201928E+01    0.593994140625000000E+00    0.760564337987893513E+01    0.815659195134497494E+01   -0.105193877413231807E+01
    0.280875646954688567E-02    0.203999080657958984E+02    0.809880531729738706E+01    0.556204841920724391E+01    0.113109695911407471E+01    0.738807643045504658E+01    0.786242118382253263E+01   -0.134033288423458341E+01
    0.279686437097928509E-02    0.203933563232421875E+02    0.798371759702717299E+01    0.509252469495841709E+01    0.646836936473846436E+00    0.817229871647145956E+01    0.915570690761555106E+01   -0.165066686683442931E+00
    0.277796925353980236E-02    0.203918762207031250E+02    0.742412259759857296E+01    0.603597336243817484E+01    0.278496325016021729E+00    0.740340728505028967E+01    0.787909474258392262E+01   -0.154695032253726028E+01
    0.275862820696007316E-02    0.203908119201660156E+02    0.740543835375094073E+01    0.578189312884107487E+01    0.465941309928894043E+00    0.669481060875387701E+01    0.955948694094981555E+01   -0.742298408935566201E+00
    0.275104860696674973E-02    0.203812770843505859E+02    0.795403155091064740E+01    0.525008385832284841E+01    0.115229916572570801E+01    0.752401665937743669E+01    0.866743843397928870E+01   -0.172772187068680960E+01
    0.273049628155315558E-02    0.203812370300292969E+02    0.767491508729703131E+01    0.538661843948512598E+01    0.390962362289428711E+00    0.797285764374649553E+01    0.885171925919623881E+01   -0.494762679998328014E+00
    0.271087555822639454E-02    0.203806228637695312E+02    0.726048255683727284E+01    0.614700686609053815E+01    0.333179324865341187E+00    0.664699647508893676E+01    0.873119657437879226E+01   -0.171349705682222320E+01
    0.269116483049777668E-02    0.203801803588867188E+02    0.840336445967074575E+01    0.534182885870221913E+01    0.208119869232177734E+01    0.778820810618828130E+01    0.101307291227913510E+02   -0.212560198966724601E+01
    0.267212742112235297E-02    0.203793411254882812E+02    0.844537199710389253E+01    0.567025973792081839E+01    0.915343225002288818E+00    0.838475127832076517E+01    0.957972529715014964E+01   -0.876386977686324453E+00
    0.266297413275295948E-02    0.203711662292480469E+02    0.792037976867459470E+01    0.642421271592505327E+01    0.552362263202667236E+00    0.791795056906076411E+01    0.834239553609785567E+01   -0.152255744259562298E+01
    0.264307978744561132E-02    0.203711261749267578E+02    0.724893165166514564E+01    0.564460893985647783E+01    0.650976598262786865E-01    0.774249962085056609E+01    0.990694434867270779E+01    0.222393093868438640E+00
    0.262349418779639137E-02    0.203709640502929688E+02    0.834421785157381990E+01    0.642402252904649984E+01    0.127412152290344238E+01    0.765587302176664153E+01    0.864162352368050257E+01   -0.865257141117825812E+00
    0.260852273831117722E-02    0.203673725128173828E+02    0.700147027302657232E+01    0.653115338975549786E+01    0.125914722681045532E+00    0.634355950377588051E+01    0.104734681674155823E+02   -0.103579749750163508E+01
    0.258918580361313776E-02    0.203672161102294922E+02    0.910294178305646007E+01    0.575650407728526403E+01    0.257873821258544922E+01    0.835538997291526897E+01    0.918081862069003662E+01   -0.546498844304363018E+00
    0.257151224267056396E-02    0.203658771514892578E+02    0.741331118633197583E+01    0.527179266313624328E+01    0.436777770519256592E+00    0.734500995692538705E+01    0.923837131312702553E+01   -0.467362734427025472E+00
    0.255243749514787481E-02    0.203657302856445312E+02    0.823934020750934337E+01    0.577789178398506831E+01    0.142238175868988037E+01    0.760101211632801910E+01    0.860835085056807081E+01   -0.301112201418244130E+00
    0.253657943096356536E-02    0.203631572723388672E+02    0.861556261653565691E+01    0.645708726245999465E+01    0.105802392959594727E+01    0.853619416272470488E+01    0.871264253456840443E+01   -0.167496384911563645E+01
    0.252201979353958725E-02    0.203596324920654297E+02    0.730402381200531270E+01    0.574544127746755873E+01    0.269629776477813721E+00    0.737833893625958481E+01    0.702969831404631762E+01   -0.107534380400016505E+01
    0.250351748699732726E-02    0.203593215942382812E+02    0.777069080631808617E+01    0.587577313383913769E+01    0.328642785549163818E+00    0.817656985405630543E+01    0.884157527106526864E+01   -0.111746731628031304E+01
    0.248664685460331381E-02    0.203578071594238281E+02    0.724339616401460074E+01    0.640095259575582354E+01    0.348906032741069794E-01    0.762562821428968096E+01    0.912956112393556118E+01   -0.213166140634087276E+01
    0.246859238619969367E-02    0.203573436737060547E+02    0.820034324179556506E+01    0.536075818786758518E+01    0.624278426170349121E+00    0.818719462298874134E+01    0.771626489462265042E+01   -0.167578846946153659E+01
    0.245246458455801409E-02    0.203554153442382812E+02    0.793362987836215439E+01    0.626787753548647508E+01    0.516235716640949249E-01    0.848333092839255087E+01    0.879842576463563830E+01   -0.150894651694364645E+01
    0.244001377137989355E-02    0.203505573272705078E+02    0.815566483963706546E+01    0.565417082472553378E+01    0.116034257411956787E+01    0.752366149311346710E+01    0.946514422998183313E+01   -0.152670211717338855E+00
    0.242422526148190765E-02    0.203485031127929688E+02    0.771927815833600839E+01    0.578149022490152564E+01    0.337667047977447510E+00    0.786941958795054752E+01    0.803011186920767450E+01   -0.179220791631807597E+01
    0.241853530567829331E-02    0.203381652832031250E+02    0.890115950980243653E+01    0.508062580386730911E+01    0.133008503913879395E+01    0.898477511509136484E+01    0.916307818064549018E+01   -0.996428004204512385E+00
    0.240314473713467303E-02    0.203358955383300781E+02    0.819931901967283849E+01    0.487822457047934410E+01    0.161955714225769043E+01    0.740739249933980748E+01    0.905831170538430186E+01   -0.184915523323457176E+01
    0.238792270314198149E-02    0.203335666656494141E+02    0.829408771501033470E+01    0.596294047313823850E+01    0.105077958106994629E+01    0.812969071845159519E+01    0.898628248977933097E+01   -0.576583777696981326E+00
    0.237755615670719135E-02    0.203272304534912109E+02    0.812650221698010888E+01    0.577332568952120173E+01    0.399495065212249756E+00    0.861297238206037541E+01    0.975402178434609546E+01   -0.147197073968847958E+01
    0.236687794461984836E-02    0.203211956024169922E+02    0.815726432863256790E+01    0.508164059717369287E+01    0.549547433853149414E+00    0.844963894017813466E+01    0.915138416384399811E+01    0.751799449464369829E-01
    0.235135411723279633E-02    0.203193187713623047E+02    0.714810088434760438E+01    0.545228867712015486E+01    0.311199069023132324E+00    0.681089441097223425E+01    0.729822367011112139E+01   -0.156955096320421772E+01
    0.233796021089148400E-02    0.203157062530517578E+02    0.800617169741357770E+01    0.517398113939877646E+01    0.709301650524139404E+00    0.812813669461175436E+01    0.868513602779463412E+01   -0.443984988664492874E+00
    0.232221408968494780E-02    0.203141841888427734E+02    0.733315316262447148E+01    0.563902999405591832E+01    0.442750722169876099E+00    0.698919769747925912E+01    0.920574720504722244E+01   -0.130001530499435480E+01
    0.231041131938895371E-02    0.203093376159667969E+02    0.708589884146578175E+01    0.597166332673085165E+01    0.261384129524230957E+00    0.688829886837690086E+01    0.776100812776564108E+01   -0.739078552178737525E+00
    0.229781374559414166E-02    0.203052349090576172E+02    0.730189954382264794E+01    0.561565279300107090E+01    0.422851592302322388E+00    0.695246051233250206E+01    0.964226258699610561E+01   -0.303328610168112967E+00
    0.228095845830365547E-02    0.203049221038818359E+02    0.777996061782967629E+01    0.600683535837897953E+01    0.725151121616363525E+00    0.759536856084897227E+01    0.904918511411466397E+01   -0.127122622856691603E+01
    0.227025721204620907E-02    0.202992897033691406E+02    0.795389726976072708E+01    0.517457363251225733E+01    0.880082547664642334E+00    0.782670510506371286E+01    0.862618735915891577E+01   -0.324043724466976713E+00
    0.225635887490525195E-02    0.202965335845947266E+02    0.849859435489143067E+01    0.487404180985843283E+01    0.179017281532287598E+01    0.797623466901147804E+01    0.754122228081167201E+01   -0.569832053533394500E-01
    0.224039516392116229E-02    0.202956962585449219E+02    0.894452584663632067E+01    0.487228451442752153E+01    0.292754578590393066E+01    0.825342944054486516E+01    0.898180096988788534E+01   -0.373221626807785256E+00
    0.222430680170703768E-02    0.202950725555419922E+02    0.909684012108353990E+01    0.599137528255566298E+01    0.184674715995788574E+01    0.873520128913753702E+01    0.861519381836650666E+01   -0.111586015609493394E+01
    0.221477727817509604E-02    0.202886219024658203E+02    0.909549071079496585E+01    0.588522782697283375E+01    0.164621567726135254E+01    0.875043499067617958E+01    0.867795833950288120E+01   -0.631536392731522511E+00
    0.220115980675848581E-02    0.202859191894531250E+02    0.834100488810286045E+01    0.531347013889700825E+01    0.172038638591766357E+01    0.785206623470196607E+01    0.941069495933514766E+01   -0.581921392298125895E+00
    0.218754678452247288E-02    0.202832889556884766E+02    0.893431571372485145E+01    0.462842109942984870E+01    0.229831194877624512E+01    0.847414200717735611E+01    0.828262894084894796E+01   -0.481111622002551309E+00
    0.218118679460043048E-02    0.202740745544433594E+02    0.851331939785520930E+01    0.441851121279226078E+01    0.254352164268493652E+01    0.797367751813819758E+01    0.909707652520602750E+01   -0.853284719288637472E+00
    0.216607715539504815E-02    0.202729396820068359E+02    0.794026013216695237E+01    0.596159984222626260E+01    0.476732075214385986E+00    0.792811299361105259E+01    0.817055258977054244E+01   -0.592340909725530551E-02
    0.215164871143883442E-02    0.202712688446044922E+02    0.716123031005386235E+01    0.586683369890926354E+01    0.333624243736267090E+00    0.674177445007457443E+01    0.831826926433285685E+01   -0.593207832534879298E+00
    0.213976986323632153E-02    0.202673034667968750E+02    0.798524890663846598E+01    0.607664485828659195E+01    0.648090183734893799E+00    0.788271008039217413E+01    0.103529288764663630E+02   -0.982109851393953681E+00
    0.212767858935951218E-02    0.202635993957519531E+02    0.902828746615715971E+01    0.597395051918998465E+01    0.131665992736816406E+01    0.863837583507778284E+01    0.837460847874278613E+01   -0.846842265146798834E+00
    0.211485075228919463E-02    0.202606563568115234E+02    0.828435965744285419E+01    0.508884511850680088E+01    0.164335083961486816E+01    0.777288831372893796E+01    0.919940517914163713E+01   -0.988937006715787881E+00
    0.210478428074704080E-02    0.202551612854003906E+02    0.811196743739310655E+01    0.581091449248567748E+01    0.742750346660614014E+00    0.827422074537650509E+01    0.877897097571139717E+01   -0.144640432344972192E+01
    0.209056872054529412E-02    0.202536773681640625E+02    0.772951557833768987E+01    0.616943585290997021E+01    0.227316588163375854E+00    0.809809270626437971E+01    0.966161620077055971E+01   -0.480864718639532951E+00
    0.207534844058642658E-02    0.202532539367675781E+02    0.796084748802580400E+01    0.617156831172194664E+01    0.680930912494659424E+00    0.784393389448642253E+01    0.100970731607568425E+02   -0.169173682684453719E+01
    0.206067323700399700E-02    0.202524089813232422E+02    0.797253902216135391E+01    0.552367434943324742E+01    0.358117669820785522E+00    0.817372581399562570E+01    0.856103785262629735E+01    0.162662679986227410E+00
    0.204896443276225649E-02    0.202487678527832031E+02    0.806715617292099019E+01    0.547452009767615255E+01    0.708665728569030762E+00    0.808881855121174098E+01    0.775035939956087372E+01   -0.152563474626081996E+01
    0.203506571038440274E-02    0.202473430633544922E+02    0.858847426743982645E+01    0.524054321872798479E+01    0.165865194797515869E+01    0.804568642184470484E+01    0.730194614193855962E+01   -0.157921552437143253E+01
    0.202296793528880872E-02    0.202442302703857422E+02    0.826057759899638988E+01    0.567352035145432065E+01    0.132059383392333984E+01    0.762770851229572244E+01    0.836419949403348895E+01   -0.209081710024789569E+01
    0.200902903964521274E-02    0.202430210113525391E+02    0.760524921412896404E+01    0.570916815813632983E+01    0.308836936950683594E+00    0.772791499094242251E+01    0.992638296049440783E+01    0.218432024358842458E+00
    0.199417037344968391E-02    0.202428302764892578E+02    0.798998829978349079E+01    0.550353831758948342E+01    0.487950205802917480E+00    0.774893926355348306E+01    0.719432552205160114E+01    0.291825676658254984E-01
    0.198179211246594022E-02    0.202402458190917969E+02    0.706582368063161148E+01    0.611458355032315826E+01    0.235122013837099075E-01    0.752923328059115438E+01    0.850192505477528826E+01   -0.947019338484078155E+00
    0.196816320904037289E-02    0.202390098571777344E+02    0.826195876417154551E+01    0.546879152088731768E+01    0.122887039184570312E+01    0.822011590831961314E+01    0.866409195451124425E+01   -0.215620780777403809E+01
    0.195387322636550844E-02    0.202385463714599609E+02    0.855115242221133087E+01    0.599125491276733335E+01    0.823614776134490967E+00    0.839245503052349839E+01    0.794699351341217941E+01   -0.210083728327017649E+01
    0.194173769162005812E-02    0.202359695434570312E+02    0.745643133962576421E+01    0.544088914721080030E+01    0.368268847465515137E+00    0.745804687974300773E+01    0.719287752359370636E+01   -0.446756056343335484E+00
    0.192836585443558720E-02    0.202347526550292969E+02    0.803054610129331792E+01    0.523491267129755222E+01    0.115352284908294678E+01    0.773055238325881167E+01    0.849184594941650772E+01   -0.127817383224120285E+01
    0.191474277633874620E-02    0.202338943481445312E+02    0.841027219921359226E+01    0.588239060742348663E+01    0.125847709178924561E+01    0.800230183673523499E+01    0.871334241133811815E+01   -0.813339234411711187E+00
    0.190138819562872931E-02    0.202328548431396484E+02    0.865858787321539936E+01    0.480058470560034234E+01    0.183269309997558594E+01    0.843149136037672342E+01    0.938404120977856238E+01   -0.549313533274672361E+00
    0.188812315657454566E-02    0.202318191528320312E+02    0.721018189790657438E+01    0.609413771387192504E+01    0.804841443896293640E-01    0.746788212740730728E+01    0.799684125337715646E+01   -0.728840792842191387E+00
    0.187515809127442577E-02    0.202305622100830078E+02    0.738244953077075738E+01    0.579297438510425255E+01    0.252167493104934692E+00    0.746213609471737271E+01    0.863257381701813742E+01    0.637460803019980204E-01
    0.186228560445752243E-02    0.202293014526367188E+02    0.732237952195169761E+01    0.580199933973075144E+01    0.104552693665027618E+00    0.777576581432233294E+01    0.816565776571390955E+01   -0.112194107150072431E+01
    0.184883135306197419E-02    0.202287654876708984E+02    0.709333747209015275E+01    0.596791656144418781E+01    0.275148302316665649E+00    0.672583088746346291E+01    0.819637557781953596E+01   -0.118792522759755559E+01
    0.210823269452058539E-02    0.199661540985107422E+02    0.836908778241770257E+01    0.589543720555108219E+01    0.131441915035247803E+01    0.793545279472342102E+01    0.925389614464323174E+01   -0.379437862085996391E+00
    0.207974615803261514E-02    0.199933624267578125E+02    0.843093261272435157E+01    0.520598353609256126E+01    0.132814836502075195E+01    0.822128955454155808E+01    0.819111660708364475E+01   -0.884242982003385469E+00
    0.200412014978754854E-02    0.200674438476562500E+02    0.882926307826532941E+01    0.491691023927438042E+01    0.192772340774536133E+01    0.855124507027175618E+01    0.854727105880026627E+01   -0.935316819840969371E+00
    0.189485703367856537E-02    0.201795673370361328E+02    0.896324933484713959E+01    0.525100318542264866E+01    0.268186450004577637E+01    0.814051705332479614E+01    0.793319058338842087E+01   -0.398592841075107396E+00
    0.200024782402407784E-02    0.200713119506835938E+02    0.854845064486715955E+01    0.534351574218604242E+01    0.149199604988098145E+01    0.797895152218477488E+01    0.754989501139205998E+01    0.309874764720801110E-01
    0.192523641265586270E-02    0.201477565765380859E+02    0.924176315969047302E+01    0.499263502027810713E+01    0.284155607223510742E+01    0.861548872950219291E+01    0.828798627862788351E+01   -0.123403913714229985E+01
    0.195949163774192118E-02    0.201124839782714844E+02    0.875716720508315127E+01    0.569401787952872773E+01    0.989023923873901367E+00    0.858347310193133772E+01    0.838603985313803157E+01    0.544579118669714646E-01
    0.197196749677159633E-02    0.200997905731201172E+02    0.860335761097381635E+01    0.570525650819550023E+01    0.122083342075347900E+01    0.824923665732970157E+01    0.813916577053796786E+01    0.399573722127848363E-01
    0.187612591343090814E-02    0.201994361877441406E+02    0.868220096459523916E+01    0.435250533888069846E+01    0.322868204116821289E+01    0.786266328095274858E+01    0.821353751796126019E+01   -0.112706690908949425E+01
    0.193564362299629856E-02    0.201369743347167969E+02    0.893842901260662792E+01    0.491437598153370647E+01    0.158739686012268066E+01    0.875075524469288268E+01    0.897741729006458833E+01    0.109102955270143021E+00
    0.188729509123082063E-02    0.201875648498535156E+02    0.833781543102837119E+01    0.554462176239629390E+01    0.852060139179229736E+00    0.836721774150499975E+01    0.958720269830845950E+01    0.116589190615980609E+00
    0.192401215770921972E-02    0.201490287780761719E+02    0.861648026184417404E+01    0.519627685154457630E+01    0.155507278442382812E+01    0.827880712543366393E+01    0.807154703598260426E+01   -0.249102369520835865E+00
    0.185737269782570492E-02    0.202195281982421875E+02    0.887240920405277400E+01    0.482487698647785113E+01    0.175221681594848633E+01    0.865063314856835675E+01    0.876209073141347794E+01   -0.372243654249200917E+00
    0.195963366536934438E-02    0.201123390197753906E+02    0.890138016579120084E+01    0.567293358610721743E+01    0.163625037670135498E+01    0.815158088364208844E+01    0.749436770807994090E+01   -0.196322216293671747E+00
    0.203279566948378135E-02    0.200390300750732422E+02    0.869076318604544973E+01    0.521837242155982306E+01    0.859392523765563965E+00    0.878356568962395379E+01    0.902463652199607580E+01   -0.225574462760002481E+00
    0.190321144080568723E-02    0.201707687377929688E+02    0.792209678933276251E+01    0.609362711119813927E+01    0.766241073608398438E+00    0.762165730642579398E+01    0.880270334515308051E+01   -0.145120199928735971E+01
    0.216426296014488430E-02    0.199136943817138672E+02    0.793236196987736086E+01    0.583351492319293907E+01    0.876388192176818848E+00    0.763836901402328916E+01    0.768608490662636346E+01   -0.109111670463147825E+01
    0.203981200256853372E-02    0.200321388244628906E+02    0.806588474593610094E+01    0.599657372320720139E+01    0.972570300102233887E+00    0.766538321933413336E+01    0.764923054314536266E+01   -0.112336391351946507E+01
    0.191627355533021673E-02    0.201570892333984375E+02    0.808575105404559835E+01    0.617802964837302770E+01    0.763565659523010254E+00    0.787082251234146035E+01    0.743561587293459514E+01   -0.158913490632194199E+01
    0.202320665444996302E-02    0.200484867095947266E+02    0.783304977176458461E+01    0.603221584485402573E+01    0.663461685180664062E+00    0.758211290189621501E+01    0.718305962434717671E+01   -0.175451151593023580E+01
    0.208499092083989620E-02    0.199883251190185547E+02    0.823788623636914430E+01    0.600312723827995676E+01    0.109878754615783691E+01    0.785567306440968238E+01    0.736485693374507555E+01   -0.156340159760016162E+01
    0.231258722841989070E-02    0.197811203002929688E+02    0.821563762174420731E+01    0.563728401320698502E+01    0.143665397167205811E+01    0.741363038073752101E+01    0.858126510237141993E+01   -0.130985729774552828E+01
    0.198847276079298311E-02    0.200831203460693359E+02    0.809591894208992002E+01    0.534406785503725423E+01    0.127963435649871826E+01    0.777441062059224297E+01    0.780531374828017288E+01   -0.156639152620128286E+01
    0.205523999862229374E-02    0.200170688629150391E+02    0.817886693957516009E+01    0.595535784403941015E+01    0.115586924552917480E+01    0.764504093641335647E+01    0.754360229020837458E+01   -0.523440499725237096E+00
    0.211637710955481055E-02    0.199584426879882812E+02    0.852251450353892892E+01    0.570972783414991980E+01    0.214569354057312012E+01    0.754160683610960003E+01    0.714305096162070274E+01   -0.642230595541772642E+00
    0.196602994980777778E-02    0.201058216094970703E+02    0.839138361746779715E+01    0.489958626545325426E+01    0.222047781944274902E+01    0.738225146711999791E+01    0.724810955957290304E+01   -0.106249379638209485E+01
    0.222118489863736956E-02    0.198617725372314453E+02    0.842120810364744621E+01    0.580327117739728493E+01    0.135686850547790527E+01    0.795865572982648484E+01    0.741227016051469167E+01   -0.140274991435082774E+01
    0.213495622157454205E-02    0.199409618377685547E+02    0.818437079689827840E+01    0.562426240519911413E+01    0.933094263076782227E+00    0.787901517508051530E+01    0.748551819728413115E+01   -0.510936339341294232E+00
    0.194633167456865867E-02    0.201259613037109375E+02    0.895405284533426382E+01    0.551984806333895062E+01    0.186356651782989502E+01    0.829391946592328466E+01    0.792284402103664043E+01    0.173232549806365377E+00
    0.204735233387361246E-02    0.200247592926025391E+02    0.827085328838674094E+01    0.530022551490843519E+01    0.158250737190246582E+01    0.743986880569076803E+01    0.892704503192251586E+01   -0.141464400360456488E+01
    0.209238095909513233E-02    0.199812488555908203E+02    0.840711458516143040E+01    0.548073545837724030E+01    0.171277916431427002E+01    0.729309700797286364E+01    0.903294252770532857E+01   -0.126616611572835946E+01
    0.204432428395087684E-02    0.200277194976806641E+02    0.817874870011732114E+01    0.537391139085559466E+01    0.133186304569244385E+01    0.788540776995034598E+01    0.971136850247942363E+01   -0.186089690157810295E+01
    0.186854071118278012E-02    0.202075386047363281E+02    0.862028685812583007E+01    0.522813130662289893E+01    0.150189280509948730E+01    0.865827358875162290E+01    0.972531320529138021E+01   -0.211085624594724264E+01
    0.206444525076913792E-02    0.200081310272216797E+02    0.816860240952094330E+01    0.601529247517553589E+01    0.102533292770385742E+01    0.788044546671328749E+01    0.100270188146424424E+02   -0.108023882705034491E+01
    0.187939048589467247E-02    0.201959590911865234E+02    0.834247608220189285E+01    0.609574376535092988E+01    0.127340817451477051E+01    0.801653091542056551E+01    0.996763046465438052E+01   -0.174741977192916598E+01
    0.187205629542714063E-02    0.202037792205810547E+02    0.801800261405170822E+01    0.517174075299603064E+01    0.118206894397735596E+01    0.763309963900444455E+01    0.960992224416213681E+01   -0.914543059147962856E+00
    0.215426128418033484E-02    0.199229583740234375E+02    0.795432057797330039E+01    0.586395335987937827E+01    0.773203015327453613E+00    0.783202603951614762E+01    0.910996061221294617E+01   -0.149572034853337499E+01
    0.215798924870958973E-02    0.199195003509521484E+02    0.810151327415738720E+01    0.595672835641096388E+01    0.108688199520111084E+01    0.761415975346069196E+01    0.977566120006752293E+01   -0.167675637437378766E+01
    0.203976531551121505E-02    0.200321846008300781E+02    0.799164682767182200E+01    0.566205010700082401E+01    0.969585180282592773E+00    0.785103410843369520E+01    0.100418229159313057E+02   -0.185409479707002034E+01
    0.188483088651205288E-02    0.201901779174804688E+02    0.799137459595901944E+01    0.576734839129844801E+01    0.887638986110687256E+00    0.793132956016709034E+01    0.103327418808797571E+02   -0.202325940180707420E+01
    0.205188325209924556E-02    0.200203380584716797E+02    0.833677018875127374E+01    0.544394427632015088E+01    0.172937715053558350E+01    0.794937426278206871E+01    0.989244281320928032E+01   -0.144907684243350499E+01
    0.213213001636012971E-02    0.199436111450195312E+02    0.858192465050320052E+01    0.580343247393314599E+01    0.869871616363525391E+00    0.879984700682595111E+01    0.976421065441224911E+01   -0.139472832517194312E+01
    0.203860626295073160E-02    0.200333213806152344E+02    0.852246415118109013E+01    0.615241683099568260E+01    0.102478349208831787E+01    0.852656389850577057E+01    0.985290315056225374E+01   -0.156020048603847705E+01
    0.200813785522535853E-02    0.200634384155273438E+02    0.870191991243699725E+01    0.542687685534057884E+01    0.106517791748046875E+01    0.876674151486526476E+01    0.902438920301921144E+01   -0.158298225595394859E+01
    0.190979507559961396E-02    0.201638622283935547E+02    0.844084053959704228E+01    0.592121549113503498E+01    0.978415071964263916E+00    0.834672155912564051E+01    0.101744307240129608E+02   -0.984875537879055463E+00
    0.187387107180355555E-02    0.202018413543701172E+02    0.843015745771372593E+01    0.595193207187070072E+01    0.145308709144592285E+01    0.823133998080891871E+01    0.965974424098581608E+01   -0.117301320254842434E+01
    0.226196529861146444E-02    0.198253860473632812E+02    0.877316256609032408E+01    0.591791515730885198E+01    0.148298776149749756E+01    0.862735910365237402E+01    0.104841246135223933E+02   -0.134361495173829470E+01
    0.190613045250554824E-02    0.201677036285400391E+02    0.833005538531255674E+01    0.535139028357023516E+01    0.776942551136016846E+00    0.855790465224141350E+01    0.998368670242028955E+01   -0.142226412736063290E+01
    0.218013526271405291E-02    0.198990802764892578E+02    0.811087302834656398E+01    0.592066641076780087E+01    0.575126409530639648E+00    0.833621584090566969E+01    0.962613648951017886E+01   -0.141847472014094045E+01
    0.216421961653693110E-02    0.199137344360351562E+02    0.817326646606911211E+01    0.542754519545043657E+01    0.104119968414306641E+01    0.815705727089605048E+01    0.940464759582309995E+01   -0.114630508675709541E+01
    0.218231737084495806E-02    0.198970794677734375E+02    0.837777169011634726E+01    0.587192936706724211E+01    0.104744648933410645E+01    0.820809623544116285E+01    0.879867883877441059E+01   -0.895545729661750833E+00
    0.201077669329623654E-02    0.200608119964599609E+02    0.843747129482410507E+01    0.514863780104877478E+01    0.116243815422058105E+01    0.842755737090924129E+01    0.929467284225732904E+01   -0.832092077949811104E+00
    0.214198604426459483E-02    0.199343872070312500E+02    0.872179902611329894E+01    0.527749935063327413E+01    0.223003530502319336E+01    0.822277457559366454E+01    0.974941945730479631E+01   -0.915815424527908872E+00
    0.190998085953185946E-02    0.201636676788330078E+02    0.857345737336295244E+01    0.499971322574873600E+01    0.220935225486755371E+01    0.817977106073174376E+01    0.100413855018469356E+02   -0.124190245844907299E+01
    0.199670666939831673E-02    0.200748558044433594E+02    0.845171428276505132E+01    0.530270400240896134E+01    0.674301743507385254E+00    0.872791918526187516E+01    0.913339178101718829E+01   -0.846146746602874700E+00
    0.202128002162421617E-02    0.200503921508789062E+02    0.799944304258150485E+01    0.609720469798913545E+01    0.895314216613769531E+00    0.760454575157672252E+01    0.883106045725828892E+01   -0.188050196779503098E+01
    0.225484704850429946E-02    0.198316898345947266E+02    0.888312993356277936E+01    0.533416988186278296E+01    0.358614087104797363E+00    0.870957414337699376E+01    0.796375461527340800E+01   -0.146484543240634379E+01
    0.202976979149467824E-02    0.200420093536376953E+02    0.877195172642995757E+01    0.597234466105038209E+01    0.702601492404937744E+00    0.867581348999038937E+01    0.815338543410750560E+01   -0.167590689239717250E+01
    0.212757001169189362E-02    0.199478931427001953E+02    0.877283111894768908E+01    0.548686723055678272E+01    0.671647369861602783E+00    0.873700810355590640E+01    0.818466061415474044E+01   -0.197568678075840998E+01
    0.215315215942059497E-02    0.199239883422851562E+02    0.795609876280065276E+01    0.569782135681363577E+01    0.761093318462371826E+00    0.787930700806052187E+01    0.809511757394970388E+01   -0.205040471320896556E+01
    0.217215768390698885E-02    0.199064121246337891E+02    0.829757602344407985E+01    0.564898380658944799E+01    0.156369519233703613E+01    0.791005449660276749E+01    0.896983119509201998E+01   -0.176150869074143568E+01
    0.215591370638083943E-02    0.199214248657226562E+02    0.838803345664424249E+01    0.562980890568280312E+01    0.135935091972351074E+01    0.822827560390866708E+01    0.845940746272142796E+01   -0.198930839801914305E+01
    0.209360253093311731E-02    0.199800815582275391E+02    0.811645698077156830E+01    0.588668638707418790E+01    0.105819332599639893E+01    0.772600077602522095E+01    0.861055154714281379E+01   -0.191309688381509146E+01
    0.192239997315367026E-02    0.201507053375244141E+02    0.829185562749140104E+01    0.560032290284795220E+01    0.137401211261749268E+01    0.786720240236618729E+01    0.804128676001301912E+01   -0.213377438365107253E+01
    0.201788059382735675E-02    0.200537586212158203E+02    0.829215571466404811E+01    0.533922139317463085E+01    0.164795458316802979E+01    0.774916211052835813E+01    0.809200647336231427E+01   -0.167643983927553952E+01
    0.220991464545530368E-02    0.198719463348388672E+02    0.848532885632613088E+01    0.559263234063824743E+01    0.208983755111694336E+01    0.778884842493079699E+01    0.788545884841415656E+01   -0.183617805734869677E+01
    0.189509558278931796E-02    0.201793155670166016E+02    0.859195971855026919E+01    0.521177820395371505E+01    0.116846311092376709E+01    0.849804305360614620E+01    0.823350970800236581E+01   -0.151686787674256296E+01
    0.198483887560306320E-02    0.200867786407470703E+02    0.905440921346405680E+01    0.539899854111881528E+01    0.229372692108154297E+01    0.857547642443721791E+01    0.822314202662540339E+01   -0.208431398512028832E+01
    0.204708290559076468E-02    0.200250225067138672E+02    0.875782982176936464E+01    0.521441515860971716E+01    0.185835850238800049E+01    0.830532059920146182E+01    0.778658050762362564E+01   -0.190296082963101743E+01
    0.201567259050042247E-02    0.200559482574462891E+02    0.882437314038049792E+01    0.545051718902178806E+01    0.153821134567260742E+01    0.858227130359917822E+01    0.836207399666134066E+01   -0.203011627178506826E+01
    0.221612795801688156E-02    0.198663311004638672E+02    0.875862467704267189E+01    0.555922747616909874E+01    0.202598047256469727E+01    0.808648827468501175E+01    0.750315440587440197E+01   -0.170308525519348297E+01
    0.215608642061923235E-02    0.199212646484375000E+02    0.878770154738460541E+01    0.561842064117168771E+01    0.198945629596710205E+01    0.831876197620908719E+01    0.799105279219663522E+01   -0.209237985537641302E+01
    0.215751184113552709E-02    0.199199428558349609E+02    0.876353369603049615E+01    0.559921113811191251E+01    0.696339190006256104E+00    0.891572022355388150E+01    0.871923702135540424E+01   -0.213718788648279023E+01
    0.202623434261954821E-02    0.200454959869384766E+02    0.882997732157694948E+01    0.553727032507348316E+01    0.100118207931518555E+01    0.892030174313113733E+01    0.899773882194244123E+01   -0.200322870685798504E+01
    0.223511162992030528E-02    0.198492717742919922E+02    0.897214574269598053E+01    0.561408436523856391E+01    0.147705566883087158E+01    0.887831004215455977E+01    0.878027441656129071E+01   -0.201691637335186069E+01
    0.203352278387690030E-02    0.200383148193359375E+02    0.878618368210937462E+01    0.526048561401709236E+01    0.128901016712188721E+01    0.831488987388079082E+01    0.749200165514812255E+01   -0.212142587970475871E+01
    0.206989618968964539E-02    0.200028572082519531E+02    0.819394081354371018E+01    0.577952419105777881E+01    0.973232626914978027E+00    0.798075446824616463E+01    0.753053822139847640E+01   -0.194804476486615030E+01
    0.185311576684066412E-02    0.202241172790527344E+02    0.812073258090186734E+01    0.600574246632608322E+01    0.722433865070343018E+00    0.824971460660422906E+01    0.869634108480453349E+01   -0.212464446612484670E+01
    0.222086506033158894E-02    0.198620605468750000E+02    0.861950977719944511E+01    0.585473421884249667E+01    0.109044529497623444E+00    0.886070262443576517E+01    0.836678031305663872E+01   -0.152717521007113577E+01
    0.192038435274521327E-02    0.201528034210205078E+02    0.776426260481898112E+01    0.559516411494029064E+01    0.435568064451217651E+00    0.783169578882183171E+01    0.778889721579227157E+01   -0.210529265234904583E+01
    0.206328988365191059E-02    0.200092506408691406E+02    0.775298218730679700E+01    0.552033443511127597E+01    0.753136634826660156E+00    0.748020533237507834E+01    0.949308797364222201E+01   -0.143088430121730270E+01
    0.200679772594410241E-02    0.200647735595703125E+02    0.786248429736151433E+01    0.607386835689588001E+01    0.573013007640838623E+00    0.777962453239677654E+01    0.806707307116533379E+01   -0.893190620393494061E+00
    0.186884723675918309E-02    0.202072105407714844E+02    0.729726630068979354E+01    0.596444172824356578E+01    0.956154689192771912E-01    0.774419218044674817E+01    0.832571835215475531E+01   -0.940835016710628302E+00
    0.217334706820790152E-02    0.199053173065185547E+02    0.800971484765704034E+01    0.595919861357868363E+01    0.272529065608978271E+00    0.832801487225732018E+01    0.843676986205366042E+01   -0.989933201123626816E+00
    0.185609069852753781E-02    0.202209091186523438E+02    0.789928484832290057E+01    0.550430785814471690E+01    0.229037597775459290E+00    0.832919567697081753E+01    0.870616725010039261E+01   -0.900608613089700416E+00
    0.198577986484802958E-02    0.200858306884765625E+02    0.754744159878485021E+01    0.610427758290573941E+01    0.654762983322143555E-01    0.802455297322376104E+01    0.902641419620593588E+01   -0.900609508876279774E+00
    0.201817312396538684E-02    0.200534687042236328E+02    0.742807325011014896E+01    0.583500576644760560E+01    0.295611768960952759E+00    0.749870596832684200E+01    0.951662432616711129E+01   -0.936881323697574819E+00
    0.189389049435117075E-02    0.201805877685546875E+02    0.783750363204040656E+01    0.572627097916518046E+01    0.738177239894866943E+00    0.748747791641047833E+01    0.959743014065688271E+01   -0.156274904842095808E+01
    0.199083322682882006E-02    0.200807476043701172E+02    0.792936394514434095E+01    0.564556255964555476E+01    0.536297738552093506E+00    0.821628150762493625E+01    0.989949393588342375E+01   -0.165416029096315320E+01
    0.185466277251010165E-02    0.202224483489990234E+02    0.706007217703144985E+01    0.557868543035780284E+01    0.219841018319129944E+00    0.689769993854506680E+01    0.792569447908499303E+01   -0.210833865691697975E+01
    0.185944276237450532E-02    0.202173004150390625E+02    0.780052846726684557E+01    0.545065783770239420E+01    0.621350705623626709E+00    0.781870473418902456E+01    0.941958110759027178E+01   -0.157050261436429595E+01
    0.197708940913702809E-02    0.200946025848388672E+02    0.741149984818413188E+01    0.575637464127477383E+01    0.374231457710266113E+00    0.737136866433265769E+01    0.856821824418220857E+01   -0.181462151719298914E+01
    0.192064809551239471E-02    0.201525287628173828E+02    0.768038827184508399E+01    0.622134029124886112E+01    0.387657105922698975E+00    0.775645295140993607E+01    0.865844441405634058E+01   -0.165390906271739846E+01
    0.185466631000197877E-02    0.202224445343017578E+02    0.730202526039376121E+01    0.619458506711947532E+01    0.310264434665441513E-01    0.771740394250583073E+01    0.850140045922633014E+01   -0.198825205908789493E+01
    0.195297506976224939E-02    0.201191463470458984E+02    0.736760023756187543E+01    0.584255386937734311E+01    0.145184189081192017E+00    0.780213947796465490E+01    0.943739703348630243E+01   -0.141620774879574074E+01
    0.202757004872623379E-02    0.200441780090332031E+02    0.739364255134769710E+01    0.580120511456815535E+01    0.310369491577148438E+00    0.745986892485275543E+01    0.925092676402020508E+01   -0.111894376418282682E+01
    0.214139576881668039E-02    0.199349384307861328E+02    0.711081460256352571E+01    0.609090397032847974E+01    0.215073600411415100E+00    0.663520347679323486E+01    0.998949898355329857E+01   -0.106527146666112960E+01
    0.210465290615352704E-02    0.199695529937744141E+02    0.729078845042102230E+01    0.602905966852629227E+01    0.294531792402267456E+00    0.718149485855644532E+01    0.100681123948982592E+02   -0.141398360042132221E+01
    0.205998874794820252E-02    0.200124530792236328E+02    0.716929132823535120E+01    0.571274872107911502E+01    0.302762329578399658E+00    0.693123550022653845E+01    0.985544218229547653E+01   -0.117786806028840996E+01
    0.202172535617244856E-02    0.200499515533447266E+02    0.778252190756248385E+01    0.537677286762723661E+01    0.701120734214782715E+00    0.774848127773592577E+01    0.839530554220553960E+01   -0.115740233343646315E+01
    0.200152631436788762E-02    0.200700340270996094E+02    0.759593246766633090E+01    0.538956328502739268E+01    0.556249618530273438E+00    0.744832936723426808E+01    0.835785978881086145E+01   -0.174970822540305804E+01
    0.194371809229289261E-02    0.201286487579345703E+02    0.774459780819499599E+01    0.581277392910774093E+01    0.151301488280296326E+00    0.828088487193482869E+01    0.883233001400625284E+01   -0.147882953173564791E+01
    0.209301361236444551E-02    0.199806442260742188E+02    0.760132030212865573E+01    0.555129354200599501E+01    0.536062955856323242E+00    0.761385282788384554E+01    0.983152773150083448E+01   -0.137449574498489757E+01
    0.208217922914209980E-02    0.199910240173339844E+02    0.815004169455715477E+01    0.607070976823964070E+01    0.382146447896957397E+00    0.845768683940642596E+01    0.877150361628387110E+01   -0.120338417346915172E+01
    0.209553015122624286E-02    0.199782409667968750E+02    0.817997215999048777E+01    0.578029903290270752E+01    0.253201872110366821E+00    0.868292225975019250E+01    0.926344968593712537E+01   -0.961211899882020271E+00
    0.204154990996275633E-02    0.200304355621337891E+02    0.779701336239965137E+01    0.593100973377744634E+01    0.135963559150695801E+00    0.833877384856765325E+01    0.102441715481795264E+02   -0.873919739835083975E+00
    0.191827754341577627E-02    0.201549987792968750E+02    0.804598162337686418E+01    0.601906485585138284E+01    0.141373099759221077E-01    0.878136585455975016E+01    0.950061814929707715E+01   -0.138966835128433996E+01
    0.196372136508764228E-02    0.201081714630126953E+02    0.716302817153599047E+01    0.598175199127989288E+01    0.219938963651657104E+00    0.705951902656723007E+01    0.958565786561215383E+01   -0.123414966211485932E+01
    0.186077853895126881E-02    0.202158641815185547E+02    0.711129042488630425E+01    0.618724909191683370E+01    0.178824871778488159E+00    0.690058168930200022E+01    0.820052922786979011E+01   -0.147038667670033973E+01
    0.189153132073297111E-02    0.201830806732177734E+02    0.750263759058377566E+01    0.582666389247943961E+01    0.203294485807418823E+00    0.784434584331121165E+01    0.101387055189468587E+02   -0.147154634503691506E+01
    0.214044023520890223E-02    0.199358310699462891E+02    0.828282615736108063E+01    0.552324646231072514E+01    0.573334455490112305E+00    0.852375058194381197E+01    0.992724658278356564E+01   -0.297676875906194516E+00
    0.200036419009234174E-02    0.200711956024169922E+02    0.720828635744390045E+01    0.636219985389582909E+01    0.207823440432548523E+00    0.709405944853735448E+01    0.718795773798807680E+01   -0.507142928450230013E+00
    0.195602823238797980E-02    0.201160221099853516E+02    0.751838684154038273E+01    0.616898201494027454E+01    0.672860741615295410E-01    0.782153394301572558E+01    0.760752142965710743E+01   -0.485813346095700149E+00
    0.198003864219168562E-02    0.200916213989257812E+02    0.782845413838825621E+01    0.560132975593338589E+01    0.509255528450012207E+00    0.775120819873659439E+01    0.747832010618735410E+01    0.376270311163624527E-01
    0.191435016282636415E-02    0.201590976715087891E+02    0.773244646566425686E+01    0.548015742692794472E+01    0.231064096093177795E+00    0.790863960542864852E+01    0.758376551415438627E+01   -0.130276551989417566E+00
    0.190519086725736441E-02    0.201686897277832031E+02    0.717849063488174899E+01    0.599382326657546471E+01    0.124263480305671692E+00    0.751777148631632475E+01    0.976965601876901601E+01   -0.236656065823272588E+00
    0.196208526298617810E-02    0.201098384857177734E+02    0.747234819002670392E+01    0.571622297465604845E+01    0.154549211263656616E+00    0.790719613990026904E+01    0.899271097138110775E+01   -0.231123997177738350E+00
    0.202678900803930639E-02    0.200449485778808594E+02    0.712092644055487156E+01    0.627008532788211870E+01    0.159065276384353638E+00    0.704300138995397607E+01    0.840373586885632129E+01   -0.646749404714076270E+00
    0.193914860444287956E-02    0.201333560943603516E+02    0.712366880066155517E+01    0.628986160418622831E+01    0.163787394762039185E+00    0.718428244173681385E+01    0.929568228611745440E+01   -0.738383243401279366E-01
    0.188664725109815830E-02    0.201882514953613281E+02    0.789832727530115886E+01    0.594296549227677495E+01    0.971148833632469177E-01    0.836299534797017685E+01    0.896797152750068882E+01   -0.281116412054112308E+00
    0.203603963615361840E-02    0.200358409881591797E+02    0.787564560376082756E+01    0.580918289752181316E+01    0.262678980827331543E+00    0.819993884452568622E+01    0.104399183022999349E+02   -0.631475566726806825E-01
    0.201317707513179586E-02    0.200584259033203125E+02    0.809458908465204630E+01    0.551121766371629906E+01    0.274917095899581909E+00    0.851194266120778664E+01    0.903099233911534327E+01   -0.686149312424446878E+00
    0.207917105141990728E-02    0.199939155578613281E+02    0.805766710179557855E+01    0.553492616805004989E+01    0.285395085811614990E+00    0.847169781758829821E+01    0.907410600655709487E+01   -0.141420639933896197E+00
    0.207058523273616129E-02    0.200021915435791016E+02    0.705275623236355109E+01    0.607176893333824630E+01    0.175044432282447815E+00    0.703463993219150474E+01    0.824446826335398697E+01    0.548480996178875024E-01
    0.192334070846056143E-02    0.201497268676757812E+02    0.709684268452746370E+01    0.557951715742045984E+01    0.293705463409423828E+00    0.680778993193624338E+01    0.834651140151871118E+01   -0.582283073819900299E+00
    0.208799158866928561E-02    0.199854488372802734E+02    0.825360171473298365E+01    0.586572896550100964E+01    0.223410755395889282E+00    0.872446586457091300E+01    0.101313888574734570E+02    0.427456732986817300E-01
    0.208605299807824779E-02    0.199873065948486328E+02    0.764849104912570077E+01    0.561536542417894946E+01    0.319380730390548706E+00    0.792059148271321156E+01    0.886861407625746700E+01   -0.381860751005660859E+00
    0.200529975527634872E-02    0.200662670135498047E+02    0.700654341626452926E+01    0.611730314800498398E+01    0.110798195004463196E+00    0.699408861057625497E+01    0.946391721877661851E+01   -0.691517153900846226E+00
    0.194482876023747866E-02    0.201275062561035156E+02    0.796976994390097282E+01    0.573107772556879080E+01    0.680982470512390137E+00    0.792544047318748746E+01    0.899145514870465767E+01   -0.906744297509733954E-01
    0.208354784040520793E-02    0.199897098541259766E+02    0.711386667726240951E+01    0.590641148725899612E+01    0.129732638597488403E+00    0.730966800854653087E+01    0.104214261899999450E+02   -0.605121229252656656E+00
    0.208855120882036260E-02    0.199849128723144531E+02    0.786714141926694221E+01    0.548678769834444502E+01    0.562970578670501709E+00    0.799628487217775596E+01    0.949231125687597910E+01   -0.717875399772396561E+00
    0.187017015030356733E-02    0.202057952880859375E+02    0.784448816861368847E+01    0.525622071682772329E+01    0.612124681472778320E+00    0.792101630547558067E+01    0.968806533386177193E+01   -0.730278945465153484E+00
    0.194304347204828781E-02    0.201293430328369141E+02    0.777519899404560189E+01    0.553006789816857136E+01    0.613606035709381104E+00    0.758587651046760669E+01    0.716533077319625811E+01   -0.609529961466502845E+00


    0.486207293188803263E-01    0.208288421630859375E+02    0.772448354631680179E+01    0.156982730224153255E+01    0.958309710025787354E+00    0.874096780028470377E+01    0.758418596217548568E+01   -0.818007581072857093E+00
    0.483355255245548690E-01    0.207229614257812500E+02    0.762827615592371888E+01    0.108223821781464569E+01    0.116799306869506836E+01    0.943128170118811404E+01    0.888000071832012239E+01   -0.738770839029623261E-01
    0.459732133579381225E-01    0.207055301666259766E+02    0.722148213580236398E+01    0.118714484196672387E+01    0.750151634216308594E+00    0.859497803562699580E+01    0.759830274937059880E+01   -0.116679916848281895E+01
    0.442755963083343723E-01    0.206631336212158203E+02    0.774243416669244233E+01    0.136166212083722926E+01    0.256214070320129395E+01    0.882455264377364301E+01    0.838803333109690819E+01   -0.336385693415902409E+00
    0.419181750553922622E-01    0.206549148559570312E+02    0.761687749073441811E+01    0.885322863643990043E+00    0.207301154732704163E+00    0.963975136286548562E+01    0.825325292328100169E+01   -0.173739737599980648E+01
    0.397023615131821064E-01    0.206458854675292969E+02    0.761052891223680561E+01    0.178955829440233427E+01    0.773544251918792725E+00    0.918341116373731303E+01    0.102927358966349338E+02   -0.303417272918591108E+00
    0.382060493680115021E-01    0.206050720214843750E+02    0.724009314129500403E+01    0.711788600598861065E+00    0.315447479486465454E+00    0.937844681492587995E+01    0.798361453195363335E+01   -0.961325561327779132E+00
    0.360502644752362725E-01    0.206035842895507812E+02    0.734938591587255718E+01    0.137019867182942989E+01    0.225620269775390625E+00    0.935543741380690186E+01    0.932715210853885424E+01   -0.125572309527455661E+01
    0.341258802636721786E-01    0.205956535339355469E+02    0.719861774936385856E+01    0.110468872860430500E+01    0.143958079814910889E+01    0.861308266923414578E+01    0.807998521522686453E+01   -0.108521820156173021E+01
    0.322046500327321239E-01    0.205938968658447266E+02    0.737055600023347246E+01    0.124332191182753804E+01    0.610882461071014404E+00    0.952644459205686900E+01    0.100224335010245689E+02   -0.714205553542688998E+00
    0.304781051182456998E-01    0.205864543914794922E+02    0.794168948173297995E+01    0.135312932455719315E+01    0.665622949600219727E+00    0.937259407172691361E+01    0.840952420838191372E+01   -0.198354027674536226E+01
    0.287529413515353258E-01    0.205853443145751953E+02    0.765033849618192718E+01    0.110261654186360292E+01    0.155734527111053467E+01    0.889843873577537714E+01    0.789224578680121702E+01   -0.168906920274321637E+01
    0.271205647822256798E-01    0.205845928192138672E+02    0.720589577151030269E+01    0.792761425057867397E+00    0.952822625637054443E+00    0.972584838640057292E+01    0.104599195928380553E+02    0.305215311723583405E-01
    0.255871084135633406E-01    0.205833530426025391E+02    0.776815026973615019E+01    0.146622078621972451E+01    0.498617887496948242E+00    0.940227199500888844E+01    0.883424830357442659E+01   -0.198282725033845497E+01
    0.242414044638947675E-01    0.205737590789794922E+02    0.708179283420173000E+01    0.121415417845837470E+01    0.101837289333343506E+01    0.893509497996679514E+01    0.936491449405848364E+01   -0.516111244640617306E+00
    0.229999447219601423E-01    0.205612525939941406E+02    0.754890985806666048E+01    0.148887602209382108E+01    0.215168428421020508E+01    0.872736503376595607E+01    0.917358740101298764E+01   -0.386745568268769269E-01
    0.222517431794528667E-01    0.205097484588623047E+02    0.779156415120598567E+01    0.135357117341437094E+01    0.919266521930694580E+00    0.946656800626595185E+01    0.916209637815348721E+01   -0.572083793657363060E-04
    0.211249476109448830E-01    0.204960327148437500E+02    0.780950288536604997E+01    0.165936830335164087E+01    0.366338372230529785E+00    0.914924905516612874E+01    0.846596622611918548E+01   -0.203612419066829364E+01
    0.203518885903779187E-01    0.204529476165771484E+02    0.716882038754216033E+01    0.110628247772750576E+01    0.952719390392303467E+00    0.889233439917456892E+01    0.849625017521167081E+01   -0.135489441112193876E+01
    0.193083679837806887E-01    0.204405708312988281E+02    0.736099399176522518E+01    0.128309306927539790E+01    0.739091336727142334E+00    0.917971785371642923E+01    0.910613080639782879E+01   -0.106414151261331114E+01
    0.182875620243711998E-01    0.204315586090087891E+02    0.768905282020568848E+01    0.157366722822189331E+01    0.200766110420227051E+01    0.835982018160235896E+01    0.744572532176971436E+01   -0.190097874361215258E+01
    0.172607844486644575E-01    0.204294795989990234E+02    0.744285210173007439E+01    0.936660201219716604E+00    0.315044403076171875E+00    0.923086611945897673E+01    0.802984148285741206E+01   -0.208900068189512655E+01
    0.164084291624114684E-01    0.204131164550781250E+02    0.714362807909698461E+01    0.997818368136657030E+00    0.609384238719940186E+00    0.858952460579196497E+01    0.742868708849178372E+01   -0.826981327507370967E+00
    0.157180584286301245E-01    0.203814392089843750E+02    0.760855379772754858E+01    0.133928596323460569E+01    0.168396735191345215E+01    0.847262368011602263E+01    0.757003680685409641E+01   -0.214702037383822431E+01
    0.148897931830599926E-01    0.203720607757568359E+02    0.754819325365435567E+01    0.156447495469858322E+01    0.967061221599578857E+00    0.915908543706719414E+01    0.934642367574407196E+01   -0.349215287113185724E+00
    0.150091423110506848E-01    0.203549404144287109E+02    0.739857433672903486E+01    0.102840672191234228E+01    0.133757436275482178E+01    0.870944311990902165E+01    0.750835614334183976E+01   -0.222618134529906309E+00
    0.165942560239449761E-01    0.201541461944580078E+02    0.747257548570632935E+01    0.114903867244720459E+01    0.712412059307098389E+00    0.883648733571232192E+01    0.768393880128860474E+01   -0.108732214189940546E+01
    0.156555912271505171E-01    0.202706031799316406E+02    0.737131574293864933E+01    0.101190743157148511E+01    0.793364226818084717E+00    0.892098792448038758E+01    0.801231775291618931E+01   -0.681777248359045629E+00
    0.160296195889202547E-01    0.202233829498291016E+02    0.735871502491235407E+01    0.140781969386477024E+01    0.903223276138305664E+00    0.854478400940722871E+01    0.774339354859726736E+01   -0.888788040894626041E+00
    0.150567108313527827E-01    0.203486118316650391E+02    0.754019347659614070E+01    0.103512072114393083E+01    0.667744576930999756E+00    0.946219469770890598E+01    0.880323537761053387E+01   -0.163801102511086594E+01
    0.149109144046395154E-01    0.203680725097656250E+02    0.768019810198100572E+01    0.149676047541415280E+01    0.133665883541107178E+01    0.898748275170640554E+01    0.864346512170583736E+01   -0.424657231395579871E-01
    0.161594402179001638E-01    0.202072505950927734E+02    0.744483943966073980E+01    0.151215180495995494E+01    0.611729979515075684E+00    0.841852082226374065E+01    0.715291646571005391E+01   -0.123126375711284797E+01
    0.150090850558257591E-01    0.203549480438232422E+02    0.766365732476664352E+01    0.104190463330237471E+01    0.281929397583007812E+01    0.874012615295435680E+01    0.720269266321501522E+01   -0.164332013021181300E+01
    0.157815097279659401E-01    0.202545814514160156E+02    0.745995731526372818E+01    0.112071898713454576E+01    0.450645625591278076E+00    0.905403288957066188E+01    0.810755285753461585E+01   -0.151589514827326610E+01
    0.149586709021153289E-01    0.203616771697998047E+02    0.787549348801443205E+01    0.143678440758690895E+01    0.497203052043914795E+00    0.951085685812290293E+01    0.890961823887918669E+01   -0.216401546905906317E+01
    0.158900334872409225E-01    0.202408752441406250E+02    0.726027214946072874E+01    0.135328605581878980E+01    0.564183592796325684E+00    0.884528494137638432E+01    0.838594216620416155E+01   -0.721128235343821977E+00
    0.149315906135424233E-01    0.203653011322021484E+02    0.757308582084569881E+01    0.156010669542586111E+01    0.362819015979766846E+00    0.863135527095331767E+01    0.746245438588215304E+01   -0.607821358226094288E+00
    0.176711153745009973E-01    0.200283966064453125E+02    0.734752286899528251E+01    0.123755597928606820E+01    0.891062021255493164E+00    0.838060443538803668E+01    0.715731444050279464E+01   -0.277656595843559284E+00
    0.154291393002007563E-01    0.202997436523437500E+02    0.771706805267860219E+01    0.124353003172808618E+01    0.583690047264099121E+00    0.903037526773552379E+01    0.742199748106284929E+01   -0.722323305298835150E+00
    0.156081697967784486E-01    0.202766704559326172E+02    0.738175625393503143E+01    0.115712737128303411E+01    0.131421101093292236E+01    0.887745621686109310E+01    0.831657970109083777E+01   -0.147583039934208893E+01
    0.158114281868771724E-01    0.202507934570312500E+02    0.764092885686265522E+01    0.117062158252693105E+01    0.297804892063140869E+00    0.909404699065381372E+01    0.714610356823316906E+01   -0.168761303723331046E+01
    0.152994942689408924E-01    0.203166198730468750E+02    0.738879448258041283E+01    0.120177878619573697E+01    0.114486658573150635E+01    0.855339183106298862E+01    0.711564079106877934E+01   -0.636613789517071593E+00
