 F
        1127        5470           3         150
   -0.140939718620284520E+02   -0.111154572329849550E+02
 T
   2
    0.200000000000000000E+01    0.300000000000000000E+01    0.886666666666666714E+00    0.113333333333333328E+00
   0
   0
 T T     0           0
    0.000000000000000000E+00   -0.340282346638528860E+39    0.000000000000000000E+00
 T F     1         133
    0.131697677429340834E-02   -0.142145490779364039E+02   -0.111156164260199795E+02
 T F     1          17
    0.187352256357480089E-03   -0.162691196926762061E+02   -0.111142149722930750E+02
