 F
        1319        6726           3         150
   -0.172427969951432480E+02   -0.133064871537486038E+02
 T
   2
    0.200000000000000000E+01    0.300000000000000000E+01    0.739999999999999991E+00    0.260000000000000009E+00
   0
   0
 T T     0           0
    0.000000000000000000E+00   -0.340282346638528860E+39    0.000000000000000000E+00
 T F     1         111
    0.313876645430350050E-03   -0.175144935205076138E+02   -0.132561061705731404E+02
 T F     1          39
    0.104261112368307608E-03   -0.186786409070971722E+02   -0.134678670472544866E+02
