 F
        1396        7641           3         150
   -0.176324054793781855E+02   -0.129597620148671542E+02
 T
   2
    0.200000000000000000E+01    0.300000000000000000E+01    0.813333333333333353E+00    0.160000000000000003E+00
   0
   0
 T T     0           4
    0.992692933046433371E-04   -0.223551199600944130E+02   -0.143323207037476585E+02
 T F     1         122
    0.194350131890906461E-03   -0.177894401048903354E+02   -0.128941995936189766E+02
 T F     1          24
    0.322310119859530120E-04   -0.196243159368255782E+02   -0.132810230214574325E+02
