 F
        2228       13806           3         150
   -0.316742221611224650E+02   -0.218622231386989618E+02
 T
   2
    0.200000000000000000E+01    0.300000000000000000E+01    0.266666666666666663E+00    0.733333333333333282E+00
   0
   0
 T T     0           0
    0.000000000000000000E+00   -0.340282346638528860E+39    0.000000000000000000E+00
 T F     1          40
    0.153023510140485797E-05   -0.394410458119648055E+02   -0.309371144146851158E+02
 T F     1         110
    0.375729129834092726E-06   -0.316746458073435129E+02   -0.218583777808235347E+02
