 F
        1377        7266           3         150
   -0.178618599736577011E+02   -0.138362753960437779E+02
 T
   2
    0.200000000000000000E+01    0.300000000000000000E+01    0.846666666666666679E+00    0.153333333333333321E+00
   0
   0
 T T     0           0
    0.000000000000000000E+00   -0.340282346638528860E+39    0.000000000000000000E+00
 T F     1         127
    0.229713155181525359E-03   -0.180050262847481655E+02   -0.137939621604909757E+02
 T F     1          23
    0.559969383001591588E-04   -0.198763375602152124E+02   -0.141111764446870360E+02
