 F
        1870       12114           3         150
   -0.218386264837380182E+02   -0.163151368541520689E+02
 T
   2
    0.200000000000000000E+01    0.300000000000000000E+01    0.706666666666666665E+00    0.293333333333333335E+00
   0
   0
 T T     0           0
    0.000000000000000000E+00   -0.340282346638528860E+39    0.000000000000000000E+00
 T F     1         106
    0.409162944815731352E-05   -0.221421949743561690E+02   -0.162022230712891826E+02
 T F     1          44
    0.134063914142236917E-04   -0.231787219553018389E+02   -0.166334868918649796E+02
