 F
        1714       10103           3         150
   -0.201168615122140473E+02   -0.139096982411628201E+02
 T
   2
    0.200000000000000000E+01    0.300000000000000000E+01    0.760000000000000009E+00    0.239999999999999991E+00
   0
   0
 T T     0           0
    0.000000000000000000E+00   -0.340282346638528860E+39    0.000000000000000000E+00
 T F     1         114
    0.250198673556171747E-04   -0.201908222519505891E+02   -0.137932098653090218E+02
 T F     1          36
    0.538679052616744695E-05   -0.227578348385126041E+02   -0.154271748013985093E+02
