 F
        2152       22619           3         150
   -0.230816493426275926E+02   -0.145101394399886949E+02
 T
   2
    0.200000000000000000E+01    0.300000000000000000E+01    0.100000000000000006E+00    0.900000000000000022E+00
   0
   0
 T T     0           0
    0.000000000000000000E+00   -0.340282346638528860E+39    0.000000000000000000E+00
 T F     1          15
    0.288087956189748064E-07   -0.345730387759309892E+02   -0.225096413909832798E+02
 T F     1         135
    0.176591427804444617E-05   -0.230816595603758223E+02   -0.145100577026735831E+02
