 F
        1295        7226           3         150
   -0.187178471826888178E+02   -0.149683232635269530E+02
 T
   2
    0.200000000000000000E+01    0.300000000000000000E+01    0.699999999999999956E+00    0.299999999999999989E+00
   0
   0
 T T     0           0
    0.000000000000000000E+00   -0.340282346638528860E+39    0.000000000000000000E+00
 T F     1         105
    0.341097700289139181E-03   -0.190748116340334768E+02   -0.149689800888674824E+02
 T F     1          45
    0.149469642078996554E-03   -0.199211447955015934E+02   -0.149667921488437337E+02
