

    0.677448873101299531E-02    0.286198902130126953E+02    0.816807598640710353E+01    0.752988214887793728E+01    0.128786087036132812E+00    0.856534678943012295E+01    0.901771635839973307E+01   -0.104288612565105132E+01
    0.680926210364233772E-02    0.285906028747558594E+02    0.792888444297955086E+01    0.637338044203730636E+01    0.251576393842697144E+00    0.837907934599971860E+01    0.936008997880746918E+01   -0.360184954328517604E+00
    0.674728678293636756E-02    0.285898418426513672E+02    0.768097151754109575E+01    0.752570665310912013E+01    0.114544285461306572E-01    0.817865657130030854E+01    0.818354387296454355E+01   -0.159910052746702736E+01
    0.672982990203196269E-02    0.285759754180908203E+02    0.812320707914082263E+01    0.619443425755230681E+01    0.954457640647888184E+00    0.767952825505772463E+01    0.918565041593419096E+01    0.164551705293953798E+00
    0.670043256221883928E-02    0.285656833648681641E+02    0.725479532881644218E+01    0.624584635499833141E+01    0.136147886514663696E+00    0.771860231640019379E+01    0.104621982794382831E+02   -0.126293511381748735E+01
    0.674993638291220520E-02    0.285319137573242188E+02    0.750709739834527490E+01    0.633859973890890771E+01    0.250062227249145508E+00    0.772611641703200380E+01    0.742803164205513244E+01   -0.131256637432562306E+01
    0.671259822222666086E-02    0.285239601135253906E+02    0.845301730697593889E+01    0.634956890297431897E+01    0.780979514122009277E+00    0.861907309025123070E+01    0.101878643959531683E+02   -0.199296734833723810E+01
    0.665229566767671764E-02    0.285229606628417969E+02    0.790552778439812620E+01    0.604519641526769291E+01    0.527228474617004395E+00    0.793329652317417100E+01    0.775646787452245512E+01   -0.167236203647809845E+01
    0.659080610611343688E-02    0.285224857330322266E+02    0.709804087795070870E+01    0.411274355779087220E+01    0.534411668777465820E+00    0.672551982708941765E+01    0.864597175731797485E+01   -0.156288430912614129E+01
    0.660062229341409901E-02    0.285004615783691406E+02    0.825988770377212589E+01    0.703744859734031358E+01    0.733209490776062012E+00    0.821194617122034209E+01    0.924246623107029031E+01   -0.181369026635821884E+01
    0.664583849198139426E-02    0.284677600860595703E+02    0.859929248038428362E+01    0.719495275770060605E+01    0.137282466888427734E+01    0.821128375399044330E+01    0.809475479381489116E+01   -0.185685911792097036E+01
    0.663235588165184825E-02    0.284527740478515625E+02    0.726272750561093172E+01    0.698951280563038324E+01    0.638624653220176697E-01    0.754696870195395242E+01    0.847918670857210266E+01   -0.462482095818839145E+00
    0.659041797403212958E-02    0.284464130401611328E+02    0.818478057422374050E+01    0.600909631941110334E+01    0.122928667068481445E+01    0.803555015337969714E+01    0.102559380249180059E+02   -0.143165686857353491E+01
    0.653372988390823854E-02    0.284446430206298828E+02    0.758904793473122119E+01    0.645862198606935145E+01    0.488736510276794434E+00    0.714021492153049397E+01    0.918134382186808296E+01   -0.170865991016687579E+01
    0.648010591199777927E-02    0.284420776367187500E+02    0.723558074649978877E+01    0.763016227486281906E+01    0.249087825417518616E+00    0.658522573652574650E+01    0.777802826472538555E+01   -0.291050322871330147E+00
    0.642478944118560734E-02    0.284401760101318359E+02    0.761966245259390185E+01    0.757164781807350185E+01    0.217770993709564209E+00    0.761638992307277540E+01    0.729847414029485098E+01   -0.118777168868945782E+01
    0.638601516973993748E-02    0.284332351684570312E+02    0.759253370447312026E+01    0.721665184075449151E+01    0.408651709556579590E+00    0.723802707828880010E+01    0.900246056772269121E+01   -0.115541614296372641E+01
    0.634020890497341474E-02    0.284285850524902344E+02    0.740788565363438334E+01    0.768132639264703965E+01    0.262131750583648682E+00    0.718381005876957790E+01    0.898910787665309385E+01   -0.121436379739801081E+01
    0.630773537736242177E-02    0.284198074340820312E+02    0.849774769820085574E+01    0.620645848502209407E+01    0.184054926037788391E+00    0.813486741597611385E+01    0.710035088585142748E+01   -0.764602117530925440E+00
    0.630429280133152411E-02    0.284018516540527344E+02    0.788034010951945874E+01    0.628512585456291184E+01    0.295800328254699707E+00    0.806422031047618937E+01    0.876406141753066059E+01    0.146250776847289377E+00
    0.624803959261135099E-02    0.284007301330566406E+02    0.755318778056720586E+01    0.692393424800831436E+01    0.263138175010681152E+00    0.747457688962603051E+01    0.983382405954551331E+01   -0.213213437101805026E+01
    0.621600850104645723E-02    0.283919620513916016E+02    0.742476380769439892E+01    0.701884371653915728E+01    0.368313640356063843E+00    0.715586418951928049E+01    0.852215129574659258E+01   -0.341132210179965867E+00
    0.616273487458783749E-02    0.283901290893554688E+02    0.746402602840256346E+01    0.583688397811902160E+01    0.473506510257720947E+00    0.731437538194727388E+01    0.770819041230839375E+01   -0.106098806242659394E+01
    0.611656990312751947E-02    0.283861198425292969E+02    0.793414492282003092E+01    0.675700605909630703E+01    0.725551247596740723E+00    0.768660719823111105E+01    0.849813310369720476E+01   -0.871271224348313167E+00
    0.607717472603432150E-02    0.283799953460693359E+02    0.833657035961486415E+01    0.687249442492187423E+01    0.337592363357543945E+00    0.851756307649066002E+01    0.887328631633785392E+01   -0.573482260084215545E+00
    0.607095085300757200E-02    0.283629970550537109E+02    0.752172701792099918E+01    0.741700059484858976E+01    0.344931811094284058E+00    0.740745198033153773E+01    0.961693209425564000E+01   -0.112776790625474344E+01
    0.604016747274937517E-02    0.283541164398193359E+02    0.759331760289650237E+01    0.733513930029262085E+01    0.178541958332061768E+00    0.785342005760497042E+01    0.971945970297531048E+01   -0.310699946422472451E-01
    0.600810183776585415E-02    0.283457145690917969E+02    0.832012890919039805E+01    0.614564870466207402E+01    0.458333313465118408E+00    0.861527756647620535E+01    0.841844650209633905E+01   -0.201042505508911518E+01
    0.595650212113168435E-02    0.283439178466796875E+02    0.779954110544469525E+01    0.580739880881782788E+01    0.701739132404327393E+00    0.779157030816734597E+01    0.965041900588370716E+01   -0.101601933578900083E+01
    0.590236147395208598E-02    0.283431320190429688E+02    0.810637216595969079E+01    0.574815022853657531E+01    0.113244438171386719E+01    0.798773684318682609E+01    0.916621689693083042E+01   -0.171264627971981653E+01
    0.586923039483836385E-02    0.283353424072265625E+02    0.801911990808097386E+01    0.624526057359427966E+01    0.256800740957260132E+00    0.848209704454257896E+01    0.856367807121386804E+01   -0.149307009355622666E+01
    0.586050259693461986E-02    0.283192710876464844E+02    0.800783517934327271E+01    0.573689882293394859E+01    0.533282876014709473E+00    0.823888663943132293E+01    0.905218153449742680E+01    0.528475059306909856E-01
    0.581691229210081449E-02    0.283151550292968750E+02    0.733752267893286625E+01    0.718536053251001405E+01    0.742229074239730835E-01    0.754744184801748652E+01    0.801768329118454659E+01   -0.182826038365643551E+01
    0.581370987084640477E-02    0.282972087860107422E+02    0.867167379753325562E+01    0.645841478245144796E+01    0.639710783958435059E+00    0.866430214579425240E+01    0.850395897732657957E+01   -0.491850695729578735E+00
    0.578077318849264023E-02    0.282895240783691406E+02    0.769005311879270437E+01    0.636301792358920615E+01    0.407289475202560425E+00    0.767864030519514174E+01    0.881442370455206792E+01   -0.501191948866792636E+00
    0.576395864963642323E-02    0.282763023376464844E+02    0.849439673941433426E+01    0.644333987371006689E+01    0.844682097434997559E+00    0.854876574697518166E+01    0.960681242347708775E+01   -0.878741929075807393E+00
    0.571459741631077500E-02    0.282744560241699219E+02    0.795899416106952273E+01    0.632628444414921276E+01    0.815067172050476074E+00    0.757987160434721474E+01    0.742061670214085645E+01   -0.541316809733908944E+00
    0.566590205030066685E-02    0.282725238800048828E+02    0.738236025726676726E+01    0.686434749519559340E+01    0.350487500429153442E+00    0.682938473535374335E+01    0.948302185677341036E+01   -0.195247486639649526E+01
    0.562803530350264748E-02    0.282668876647949219E+02    0.759362201415201632E+01    0.635037528247059324E+01    0.455574244260787964E+00    0.721144082723875979E+01    0.876957722832261410E+01   -0.218218280685346588E+01
    0.558454414216578553E-02    0.282633552551269531E+02    0.784206600929251874E+01    0.651253706010465994E+01    0.700280785560607910E+00    0.735934909954730365E+01    0.972959505162754645E+01   -0.175488995252347380E+01
    0.553516720480305095E-02    0.282620697021484375E+02    0.842678562686312205E+01    0.661971006048021771E+01    0.400314658880233765E+00    0.833342562899732542E+01    0.768312081536672054E+01   -0.143014392276825930E+01
    0.551828813311733366E-02    0.282491302490234375E+02    0.809125099544897175E+01    0.651142775365594240E+01    0.277784407138824463E+00    0.841032986393670612E+01    0.847369489839616996E+01   -0.696756053846274703E-01
    0.549198285042433627E-02    0.282396392822265625E+02    0.812840358632881177E+01    0.713877661792188878E+01    0.277180403470993042E+00    0.843301866412824808E+01    0.100827347585775602E+02   -0.193032747997554210E+00
    0.545283899784593500E-02    0.282348976135253906E+02    0.810094308565585131E+01    0.715770875505119619E+01    0.450878441333770752E+00    0.813939100003322658E+01    0.947299272864560038E+01   -0.641078675773527840E+00
    0.540167397911128690E-02    0.282347049713134766E+02    0.842095699203805026E+01    0.640455196942832128E+01    0.774049520492553711E+00    0.828519368760763619E+01    0.788096041703483152E+01   -0.134182240807876552E+01
    0.536333747238978888E-02    0.282299022674560547E+02    0.745273144432341983E+01    0.610398204929726962E+01    0.204038321971893311E+00    0.782999195377752510E+01    0.898600426914980943E+01   -0.925647558382290070E+00
    0.532683239685536464E-02    0.282245140075683594E+02    0.744315459487473863E+01    0.609770996013059907E+01    0.323821306228637695E+00    0.771412235426790449E+01    0.904574627750203852E+01   -0.136113148443191134E+01
    0.528385946891399370E-02    0.282216663360595703E+02    0.731427565564083348E+01    0.643219021730486773E+01    0.327847838401794434E+00    0.723472635589027213E+01    0.980279766813152875E+01   -0.169906003120344762E+01
    0.524693952678262614E-02    0.282166423797607422E+02    0.852418361595732854E+01    0.617608797467603665E+01    0.121486341953277588E+01    0.823595941059667069E+01    0.787836406137838985E+01   -0.133233414010123852E+01
    0.520303296024574990E-02    0.282144012451171875E+02    0.733796169820722799E+01    0.707754134787495470E+01    0.120673388242721558E+00    0.767172751357349991E+01    0.103051850761194359E+02   -0.189633569124454127E+01
    0.517573227632667481E-02    0.282058753967285156E+02    0.762433409778269677E+01    0.744511977446325623E+01    0.877994894981384277E-01    0.794562156200826930E+01    0.102025007799576244E+02   -0.395324114471166999E+00
    0.512808184801318099E-02    0.282053260803222656E+02    0.770159703636007631E+01    0.573880828825209832E+01    0.394895732402801514E+00    0.776182429908602067E+01    0.744411153454070096E+01   -0.254537039987094982E+00
    0.508843471219094963E-02    0.282018013000488281E+02    0.793213050539569053E+01    0.581147224734405565E+01    0.841666162014007568E+00    0.792820613884812264E+01    0.937075878058504408E+01   -0.166494801705760609E+01
    0.505137220262615906E-02    0.281973743438720703E+02    0.819664252084809419E+01    0.615776384405118993E+01    0.760340213775634766E+00    0.828624184660418450E+01    0.889248031408488515E+01   -0.170149840215634218E+01
    0.504703151332466012E-02    0.281800460815429688E+02    0.739130984205542596E+01    0.598357142734276071E+01    0.264997422695159912E+00    0.747741453629781727E+01    0.104342556793680092E+02   -0.209604821299644772E+01
    0.507514928407974426E-02    0.281498870849609375E+02    0.709516493509728008E+01    0.676159257929511170E+01    0.105954445898532867E+00    0.719760477089343365E+01    0.826708238877541923E+01   -0.591662613612600197E-01
    0.507640572946004703E-02    0.281303443908691406E+02    0.780056949511677811E+01    0.676370187257514566E+01    0.598401665687561035E+00    0.743553586658270138E+01    0.977120629601599155E+01   -0.441547044695148605E+00
    0.503593810166538380E-02    0.281273040771484375E+02    0.751025328989162855E+01    0.660354162797771060E+01    0.444003164768218994E+00    0.714412505633511685E+01    0.954174222746435596E+01   -0.243842069345076462E+00
    0.499617899804054126E-02    0.281241092681884766E+02    0.842395697336007743E+01    0.636337638044249232E+01    0.430558413267135620E+00    0.867602871745171278E+01    0.951559672047014615E+01   -0.445040086779145305E+00
    0.497117720974057757E-02    0.281150951385498047E+02    0.872035774647342699E+01    0.633056660101144342E+01    0.108659505844116211E+01    0.880219092476785114E+01    0.945930631057826687E+01   -0.155728182884401711E+01
    0.492792368260219771E-02    0.281135253906250000E+02    0.865160346072560493E+01    0.705654624168045252E+01    0.174334228038787842E+01    0.816058564712696821E+01    0.900182175710101262E+01   -0.200721268714936141E+01
    0.489135851136854229E-02    0.281093730926513672E+02    0.802152894661991844E+01    0.642391783017315809E+01    0.692766368389129639E+00    0.789606065672524338E+01    0.104719947718052691E+02   -0.487667148168775988E+00
    0.484873936180471934E-02    0.281078281402587891E+02    0.714121224625844064E+01    0.617837612935562763E+01    0.161447718739509583E+00    0.736334699963450134E+01    0.940649841373186035E+01   -0.296578626538642975E+00
    0.480592778164148481E-02    0.281065177917480469E+02    0.732199926983274807E+01    0.698760622403415521E+01    0.270727396011352539E+00    0.697713112231541288E+01    0.878604416054700366E+01   -0.613218866783806549E+00
    0.478364778989125855E-02    0.280967636108398438E+02    0.768297229363477108E+01    0.612955155315927058E+01    0.493539124727249146E+00    0.767375117942399321E+01    0.823042760268496565E+01    0.193515978118822929E+00
    0.474252341477651197E-02    0.280949840545654297E+02    0.864152855703275691E+01    0.590657750089475364E+01    0.141715502738952637E+01    0.864042656937899523E+01    0.950766855183443660E+01   -0.192381893017742422E+01
    0.470983958832862926E-02    0.280897674560546875E+02    0.787697223581545991E+01    0.696688219406882858E+01    0.403885602951049805E+00    0.786107359493463775E+01    0.893330137785322620E+01   -0.694574555508892910E+00
    0.466638049988180210E-02    0.280892601013183594E+02    0.844103353270447521E+01    0.638785503633205032E+01    0.121321952342987061E+01    0.835924978311862965E+01    0.982357126227554645E+01   -0.124796857965514318E+01
    0.463407116213936012E-02    0.280841083526611328E+02    0.715801190524893638E+01    0.608214399358733182E+01    0.234674721956253052E+00    0.723151228937884571E+01    0.910825311739029431E+01   -0.267437773217020336E+00
    0.459830480292479533E-02    0.280805568695068359E+02    0.760753780682653336E+01    0.669473461733254283E+01    0.466699749231338501E+00    0.726208859556856634E+01    0.865034537960506533E+01   -0.196164360605427812E+01
    0.456761665555599841E-02    0.280749015808105469E+02    0.704885606507580498E+01    0.656357404038539283E+01    0.101678527891635895E+00    0.735571145524731929E+01    0.101463729273110506E+02    0.122066648039910408E+00
    0.454485482500385264E-02    0.280658454895019531E+02    0.831321323265397361E+01    0.658380720041200451E+01    0.101091337203979492E+01    0.818530700920118015E+01    0.102534374959379520E+02   -0.104302464049324395E+01
    0.451446311688648207E-02    0.280602169036865234E+02    0.807252732384515603E+01    0.615505686986569778E+01    0.365404605865478516E+00    0.853446690559935206E+01    0.989251723684255957E+01   -0.131222126442527776E+01
    0.449623493098640428E-02    0.280492610931396484E+02    0.719244518071721295E+01    0.641398006037584700E+01    0.162609085440635681E+00    0.732088542460228542E+01    0.998784184648068418E+01   -0.626193684950102636E-01
    0.445647626145534523E-02    0.280479774475097656E+02    0.761546696519564215E+01    0.667911124908825027E+01    0.198497608304023743E+00    0.804752368541393182E+01    0.833092408392957751E+01   -0.132519245383406226E+01
    0.442507162599449846E-02    0.280430736541748047E+02    0.870967964515562088E+01    0.665255268638705921E+01    0.200944852828979492E+01    0.807832047427294597E+01    0.857337613098869511E+01   -0.218121678970656729E+01
    0.438670355773203031E-02    0.280414428710937500E+02    0.838297104896654410E+01    0.664543782556925944E+01    0.224488228559494019E+00    0.813455419875624841E+01    0.738408836832915494E+01   -0.353871705998516806E+00
    0.437424429535504533E-02    0.280280838012695312E+02    0.751426084497120250E+01    0.598563340856839599E+01    0.403611868619918823E+00    0.731998936124082444E+01    0.990362055910016892E+01   -0.206040385636607137E+01
    0.433553126973681285E-02    0.280268154144287109E+02    0.707101704000593578E+01    0.672223271321071181E+01    0.497623905539512634E-01    0.739908354367372834E+01    0.986127417383118754E+01   -0.168073606590775126E+01
    0.429662814399339038E-02    0.280257949829101562E+02    0.732835607319497839E+01    0.740994973235034138E+01    0.273248463869094849E+00    0.679700277439691636E+01    0.992398783103792148E+01   -0.750322291018709286E+00
    0.426787599123838127E-02    0.280201759338378906E+02    0.767741131835690993E+01    0.633387404288225575E+01    0.550404787063598633E+00    0.772611257651931460E+01    0.102970359293220159E+02   -0.134370153863872366E+01
    0.423723464578920281E-02    0.280155391693115234E+02    0.823336450037282042E+01    0.668207039912320067E+01    0.807007193565368652E+00    0.836650979203008305E+01    0.992341354851823709E+01   -0.204215747058470187E+01
    0.419902132446286266E-02    0.280146102905273438E+02    0.815854799454780810E+01    0.598294584786460781E+01    0.827189862728118896E+00    0.829092643548728958E+01    0.923433020724142395E+01   -0.160362134552760516E+01
    0.418495535534715597E-02    0.280022735595703125E+02    0.843889863764420056E+01    0.621132771974288200E+01    0.570835113525390625E+00    0.833203511588762957E+01    0.789318243933531782E+01   -0.364011845658667177E+00
    0.416211928788097658E-02    0.279941692352294922E+02    0.789111433370015547E+01    0.721482032799049922E+01    0.192640349268913269E+00    0.835322060092968677E+01    0.103228532201737853E+02   -0.114494014566044910E+01
    0.413074786874627255E-02    0.279902534484863281E+02    0.804625646374414671E+01    0.707476872796199530E+01    0.722868859767913818E+00    0.772513583634002821E+01    0.857700752692638346E+01   -0.214132941202550731E+01
    0.410366144011019805E-02    0.279843635559082031E+02    0.772751421715027131E+01    0.689459719354795997E+01    0.434848815202713013E+00    0.786620277927530953E+01    0.103927865742118257E+02   -0.111069013347185463E+01
    0.408091479461215531E-02    0.279764328002929688E+02    0.733020495173660436E+01    0.703790770776864072E+01    0.300100684165954590E+00    0.719882238493693016E+01    0.810363900104811030E+01   -0.156792602865534469E+01
    0.405659940059756655E-02    0.279693374633789062E+02    0.807613809270679006E+01    0.685199217457971166E+01    0.517670691013336182E+00    0.817500453221382806E+01    0.926082237918037521E+01   -0.160412281020276959E+01
    0.403449836196010259E-02    0.279612159729003906E+02    0.786894437917647416E+01    0.743077713208464452E+01    0.463400259613990784E-01    0.845284145604197512E+01    0.100357740954912984E+02   -0.155507543775500956E+01
    0.399800283671429037E-02    0.279603424072265625E+02    0.709095435455374457E+01    0.699427290394815326E+01    0.224441602826118469E+00    0.695558885074977873E+01    0.100216259004772716E+02   -0.113996866095946303E+01
    0.396128962904046013E-02    0.279597454071044922E+02    0.831399213259557612E+01    0.648410620006994520E+01    0.703148841857910156E+00    0.830649045071210601E+01    0.861841598604220316E+01   -0.148100870311356214E+00
    0.392634367517574485E-02    0.279584197998046875E+02    0.788438456142452271E+01    0.593027097828133520E+01    0.756542563438415527E+00    0.787634865975857057E+01    0.909991974344033672E+01   -0.138886516843654495E+01
    0.390280782641816686E-02    0.279513969421386719E+02    0.827131875625530988E+01    0.694414520624768805E+01    0.100843667984008789E+01    0.797543091198670684E+01    0.838327084220945196E+01   -0.198481279404439270E+01
    0.389489008403274845E-02    0.279364109039306641E+02    0.767692766125403825E+01    0.681187729876445225E+01    0.390798389911651611E+00    0.768647777515730724E+01    0.941657963504871276E+01    0.216579481563661247E+00
    0.386423545345281972E-02    0.279331665039062500E+02    0.811267296754676792E+01    0.611263266610807765E+01    0.742490172386169434E+00    0.826948849253731311E+01    0.975010379587632592E+01   -0.122849356065807136E+01
    0.382844026170708115E-02    0.279327316284179688E+02    0.758820309036806062E+01    0.709019961497640594E+01    0.219322741031646729E+00    0.792571070660083166E+01    0.899018682133059954E+01   -0.161857100766244977E+01
    0.379523087336015343E-02    0.279311084747314453E+02    0.808960322585831726E+01    0.601303211140916893E+01    0.121650958061218262E+01    0.771200951119142797E+01    0.740284533077934892E+01   -0.161873242520383509E+01
    0.377939490656303747E-02    0.279204235076904297E+02    0.723259728470063123E+01    0.735168057895466287E+01    0.203030183911323547E+00    0.696603245045707631E+01    0.790388055512446375E+01   -0.216923790286613904E+00
    0.375145556450879204E-02    0.279162158966064453E+02    0.824081140073977814E+01    0.638740984603141815E+01    0.100636708736419678E+01    0.780249555570421194E+01    0.723211587051013094E+01   -0.107150926656094536E+01
    0.375646607378467062E-02    0.278944988250732422E+02    0.836555500131116148E+01    0.621971928512042993E+01    0.142741990089416504E+01    0.808720926240614268E+01    0.102263294585776148E+02   -0.163157807368160279E+01
    0.373087311797619262E-02    0.278891239166259766E+02    0.759341507937963112E+01    0.704538421337330512E+01    0.250865727663040161E+00    0.747054213741316797E+01    0.707979966632612445E+01   -0.182207620239587942E+01
    0.369801276709184499E-02    0.278877696990966797E+02    0.888504176298749293E+01    0.636881628359458052E+01    0.154250240325927734E+01    0.873337767384424524E+01    0.900259477756251769E+01   -0.215765361673449796E+01
    0.368224180549685644E-02    0.278772697448730469E+02    0.721695855119913521E+01    0.679974317889166890E+01    0.917728841304779053E-01    0.752106233750831876E+01    0.965022020897374766E+01   -0.212486815900083625E+01
    0.366018314941478785E-02    0.278702392578125000E+02    0.711855236246436451E+01    0.744563383529861600E+01    0.203693225979804993E+00    0.676149922713528273E+01    0.982823453137273795E+01    0.184661568305901636E+00
    0.362965845751922174E-02    0.278679409027099609E+02    0.724827177346837459E+01    0.739528305524901963E+01    0.159292697906494141E+00    0.705347350619032820E+01    0.815290382664226954E+01   -0.193541361404690671E+01
    0.360007149227039224E-02    0.278652629852294922E+02    0.827122690149554352E+01    0.600604940912489216E+01    0.160413563251495361E+01    0.769603535348213263E+01    0.757054055951349358E+01   -0.206613904101832846E+01
    0.357939932816482001E-02    0.278577327728271484E+02    0.730443057703502774E+01    0.699425208420128275E+01    0.687569230794906616E-01    0.754769180960141650E+01    0.862845673924272738E+01   -0.217963992914449989E+01
    0.354847204331737833E-02    0.278560409545898438E+02    0.842454081956815415E+01    0.624294871817831964E+01    0.309239476919174194E+00    0.801596558360545508E+01    0.707703939801829129E+01   -0.596159672897121462E+00
    0.351663462701438338E-02    0.278550186157226562E+02    0.792437466103299304E+01    0.714286144043518245E+01    0.727520138025283813E-01    0.840980346168487181E+01    0.890251342154036251E+01   -0.206222457892568434E+01
    0.349098730712889098E-02    0.278506107330322266E+02    0.825851750272794405E+01    0.615807727602552468E+01    0.750140666961669922E+00    0.846246629173487541E+01    0.923054401994220086E+01   -0.173994932668762803E+01
    0.347299773177813442E-02    0.278418960571289062E+02    0.788235107324156115E+01    0.647088514619526745E+01    0.379742443561553955E+00    0.825092937599295695E+01    0.956794745698663540E+01   -0.172714208489722054E+01
    0.344077415144492405E-02    0.278414916992187500E+02    0.725659170418228250E+01    0.663945282868956355E+01    0.290657818317413330E+00    0.687264865697437344E+01    0.102089693494263631E+02   -0.195801560487456539E+01
    0.341582993869043137E-02    0.278369960784912109E+02    0.833092387162818326E+01    0.616736495285766573E+01    0.131418478488922119E+01    0.809507187085239366E+01    0.848369629840290962E+01   -0.170715926002447826E+01
    0.339003508082363946E-02    0.278331089019775391E+02    0.828886361899450641E+01    0.687295282909350114E+01    0.386550366878509521E+00    0.844939854386984557E+01    0.843088149457791047E+01   -0.825286001011079851E+00
    0.336322559902568980E-02    0.278299407958984375E+02    0.812554502550094782E+01    0.675039262094006531E+01    0.572491347789764404E+00    0.808734915853212932E+01    0.836485291158211730E+01    0.432827642239335120E-01
    0.333407392190468096E-02    0.278283042907714844E+02    0.827918332824579650E+01    0.682664218991375549E+01    0.602790355682373047E+00    0.841646449897073445E+01    0.950955940163851920E+01   -0.165920624025281871E+01
    0.330578017592751683E-02    0.278263015747070312E+02    0.703694659315333393E+01    0.701310061182142874E+01    0.590808130800724030E-01    0.719793184363725125E+01    0.726861168657358370E+01   -0.138098186684240387E+01
    0.328323271225796492E-02    0.278209419250488281E+02    0.750479352477476969E+01    0.642293637432239617E+01    0.370095670223236084E-01    0.805042132526960685E+01    0.960039440502357699E+01    0.210841456656724713E+00
    0.328159729564822793E-02    0.278028907775878906E+02    0.791818667208488769E+01    0.628443480941189048E+01    0.744144976139068604E+00    0.766688904337965571E+01    0.913582551035413815E+01   -0.205945210236882392E+01
    0.325081474874509965E-02    0.278026924133300781E+02    0.739444896605007074E+01    0.691511844763794414E+01    0.361509144306182861E+00    0.683431211619337553E+01    0.953415994121221821E+01    0.116099587987516184E+00
    0.322599218941534887E-02    0.277989749908447266E+02    0.790180826243707202E+01    0.687377919568005957E+01    0.375080019235610962E+00    0.821688877506715976E+01    0.996208631719157012E+01   -0.188975353470619378E+01
    0.319776774153460695E-02    0.277975025177001953E+02    0.804733583337740122E+01    0.632147565339640405E+01    0.473815202713012695E+00    0.832041968741649995E+01    0.852324670381644012E+01   -0.166888687954529780E+01
    0.317146236233984335E-02    0.277949752807617188E+02    0.729342257337232436E+01    0.701216770092466124E+01    0.112962260842323303E+00    0.723755961575407802E+01    0.710858452496718840E+01   -0.200076847756520104E+01
    0.314314541636752376E-02    0.277938652038574219E+02    0.782972986816840955E+01    0.713862567862979613E+01    0.312950581312179565E+00    0.804477560201327435E+01    0.867212793935467019E+01   -0.100897544267533013E+01
    0.312860978741146553E-02    0.277840881347656250E+02    0.754593664407730103E+01    0.607980698347091675E+01    0.388129204511642456E+00    0.750576168440125002E+01    0.940046152472496033E+01   -0.200098633421005445E+01
    0.310769748327756942E-02    0.277784538269042969E+02    0.759903899964477247E+01    0.711850921250416135E+01    0.291510134935379028E+00    0.741578068936748380E+01    0.705709754261846189E+01    0.231062922907585122E+00
    0.308327077610983822E-02    0.277751884460449219E+02    0.738853684627839069E+01    0.749415491482348806E+01    0.208141863346099854E+00    0.743405879167819439E+01    0.897249497309500832E+01   -0.158506839744304528E+01
    0.305695380405463868E-02    0.277732849121093750E+02    0.831869399858734582E+01    0.644921264011451534E+01    0.388817459344863892E+00    0.842806785804818226E+01    0.809558020597093275E+01   -0.997330023781695996E+00
    0.304892259203818402E-02    0.277594985961914062E+02    0.754076237026063367E+01    0.623865424414605041E+01    0.394527256488800049E+00    0.738995872597118009E+01    0.989888120852063125E+01   -0.201399533878192250E+01
    0.302303717621837552E-02    0.277575035095214844E+02    0.836712440459668549E+01    0.627804830010123993E+01    0.142608869075775146E+01    0.794379239623990951E+01    0.772327569108751888E+01   -0.196694929391332751E+01
    0.299933025145532155E-02    0.277542018890380859E+02    0.887422589976915432E+01    0.675474019728006603E+01    0.171301221847534180E+01    0.853200346322101666E+01    0.851530728468159559E+01   -0.217433466408527654E+01
    0.297705536062364742E-02    0.277500629425048828E+02    0.731051973035169755E+01    0.738769106928101316E+01    0.135672643780708313E+00    0.730620370180048440E+01    0.925117478210350264E+01   -0.217815923473679929E+01
    0.294914358769766049E-02    0.277498550415039062E+02    0.740766956060516524E+01    0.724908194451652044E+01    0.155240595340728760E+00    0.753329227325649153E+01    0.104607277133406171E+02   -0.200221515793259197E+01
    0.292407183414890824E-02    0.277478828430175781E+02    0.806006559390956312E+01    0.682125608202754830E+01    0.720786035060882568E+00    0.792256389811471973E+01    0.875365533300342591E+01   -0.170271080177015599E+01
    0.290544094069471051E-02    0.277416191101074219E+02    0.798050289416223180E+01    0.716825074211725077E+01    0.731614604592323303E-01    0.850183510206693249E+01    0.896700857951337760E+01   -0.171481350063695070E+01
    0.288367081802489529E-02    0.277376136779785156E+02    0.702971041069073888E+01    0.711886821353195565E+01    0.111920639872550964E+00    0.685858670419467398E+01    0.102262295495080231E+02    0.232958787623585906E+00
    0.285704598289907149E-02    0.277371177673339844E+02    0.775419325038055351E+01    0.620906672299894336E+01    0.592720925807952881E+00    0.752744699910822312E+01    0.104101054853773700E+02   -0.214233884403567032E+01
    0.283177940067427629E-02    0.277358360290527344E+02    0.773535956518627010E+01    0.677560654176144350E+01    0.486911177635192871E+00    0.780488900388343865E+01    0.987996886574116928E+01   -0.178827157391183800E+01
    0.280773217970772815E-02    0.277338447570800781E+02    0.704067962981985040E+01    0.681380940683433334E+01    0.438441894948482513E-01    0.729129509467329839E+01    0.894420816123223972E+01   -0.193933246866553777E+01
    0.279222214283577231E-02    0.277258758544921875E+02    0.819926485516000980E+01    0.659616294392369529E+01    0.322200208902359009E+00    0.866463944015804621E+01    0.968596969254382856E+01   -0.202824652393248916E+01
    0.276921587717413997E-02    0.277233753204345703E+02    0.776744810944148600E+01    0.649797243003183933E+01    0.190564095973968506E+00    0.816926550052686551E+01    0.982708957556078211E+01   -0.322891469580330881E+00
    0.275507706622947750E-02    0.277145652770996094E+02    0.814688239898524635E+01    0.649502796528095772E+01    0.776195645332336426E+00    0.818725825903968207E+01    0.961640944808967113E+01   -0.132236425848271377E+01
    0.273048309580963986E-02    0.277134513854980469E+02    0.765427460287753636E+01    0.734091765580328737E+01    0.173243686556816101E+00    0.799018159908560222E+01    0.103295036735436341E+02   -0.158734676470853064E+01
    0.270789513626731523E-02    0.277110176086425781E+02    0.732509471127337175E+01    0.730704416152503455E+01    0.278186112642288208E+00    0.690989744305312659E+01    0.714882405354839801E+01   -0.148404179963459892E+01
    0.269071347403626116E-02    0.277047004699707031E+02    0.715183547332217451E+01    0.762303635313216965E+01    0.514844991266727448E-01    0.740606818127983502E+01    0.103332480545467007E+02   -0.116393712600779797E+01
    0.266628210361362968E-02    0.277038955688476562E+02    0.744467960231023618E+01    0.691247546689031722E+01    0.333592772483825684E+00    0.698024489687630645E+01    0.719720353052302730E+01   -0.209710389943093567E+01
    0.264442447182726935E-02    0.277013111114501953E+02    0.801055303905197924E+01    0.639366473696309079E+01    0.498290151357650757E+00    0.823712805656498226E+01    0.919561820621029824E+01   -0.155043743718600768E+01
    0.262220080956007077E-02    0.276991424560546875E+02    0.813319519415762926E+01    0.701376260539018404E+01    0.687258183956146240E+00    0.816773984474931680E+01    0.924059246660466371E+01   -0.173722994460389524E+01
    0.259751445552966085E-02    0.276990127563476562E+02    0.730427421445530811E+01    0.640349951410555729E+01    0.285448282957077026E+00    0.717276106189609219E+01    0.942839846388020142E+01   -0.161679138967037694E+01
    0.257692578650816446E-02    0.276958808898925781E+02    0.724845444912766101E+01    0.650578440456572782E+01    0.317076295614242554E+00    0.643095585569872608E+01    0.819328476514216142E+01   -0.823144475133562148E+00
    0.255414621954493321E-02    0.276945915222167969E+02    0.747911156051269010E+01    0.736593848875096668E+01    0.312520489096641541E-01    0.781758990153407218E+01    0.771984915309925324E+01   -0.109156946476160788E+01
    0.253302667198561848E-02    0.276921501159667969E+02    0.800517956852006307E+01    0.666162045683880777E+01    0.747774779796600342E+00    0.799392334024467299E+01    0.102870901038932878E+02   -0.202061942515459680E+01
    0.251497983748427256E-02    0.276874027252197266E+02    0.796085614190165813E+01    0.689892772750216476E+01    0.783320516347885132E-01    0.857527933950594878E+01    0.929948922461711547E+01   -0.134275083493455982E+01
    0.249274072992637739E-02    0.276861190795898438E+02    0.753021356560722133E+01    0.706023895644052057E+01    0.347572304308414459E-01    0.788232344057182122E+01    0.779008163982238511E+01   -0.200593143324180012E+01
    0.247343774542767682E-02    0.276826190948486328E+02    0.785275309634636720E+01    0.630258358358287651E+01    0.399415731430053711E+00    0.812038995541841047E+01    0.910336408557589394E+01   -0.103658792499899644E+01
    0.245277034381917187E-02    0.276803531646728516E+02    0.849964404988932820E+01    0.634896261140687290E+01    0.140819048881530762E+01    0.838018284763054844E+01    0.104852777494773388E+02   -0.200948452678398182E+01
    0.243361905221088073E-02    0.276769828796386719E+02    0.838658072496101958E+01    0.692688312945511075E+01    0.368254303932189941E+00    0.864433821996468410E+01    0.869849398350603309E+01   -0.143330870162488955E+01
    0.242198582798284871E-02    0.276675186157226562E+02    0.801960356679585473E+01    0.600673207940410947E+01    0.481427669525146484E+00    0.800663126679821779E+01    0.767224263872398815E+01   -0.174307902776837942E+00
    0.240275178749674995E-02    0.276644172668457031E+02    0.767412167664919131E+01    0.730693055078261455E+01    0.160435542464256287E+00    0.791796925802221896E+01    0.102792536349796393E+02   -0.689521010019062963E-01
    0.238116669243537823E-02    0.276634178161621094E+02    0.738873040181110863E+01    0.716490152430889715E+01    0.432399809360504150E-01    0.783644874815125103E+01    0.985382685683159920E+01   -0.104959870199917193E+01
    0.236823434723713042E-02    0.276552619934082031E+02    0.778728428667903572E+01    0.705789887299465324E+01    0.952253118157386780E-01    0.834078518414147219E+01    0.953761435946578118E+01   -0.109393835748769019E+01
    0.234968261154257880E-02    0.276519432067871094E+02    0.800687278227926136E+01    0.669253287315410894E+01    0.193862259387969971E+00    0.845162663706380002E+01    0.936442216431715124E+01   -0.617856312053419510E+00
    0.233188101233761146E-02    0.276481056213378906E+02    0.794379980556429377E+01    0.624651350884950052E+01    0.793919801712036133E+00    0.784261119738723078E+01    0.909910125574250728E+01   -0.174120365781990460E+01
    0.230981548855037008E-02    0.276480731964111328E+02    0.775714887468615366E+01    0.659065901826364620E+01    0.573110282421112061E+00    0.766764951511149029E+01    0.816333610016421751E+01   -0.107689911662109594E+01
    0.228866801007344706E-02    0.276474208831787109E+02    0.757582640279694974E+01    0.700758819540767242E+01    0.406427651643753052E+00    0.749505514411398366E+01    0.999150805554678811E+01   -0.161584249015122983E+01
    0.226701355315945185E-02    0.276473865509033203E+02    0.761247586944164922E+01    0.710284488212450871E+01    0.293575316667556763E+00    0.783822512572134844E+01    0.993651345364193617E+01   -0.140475203890035294E+01
    0.225498933662696393E-02    0.276389751434326172E+02    0.781932452069666617E+01    0.682920739082677297E+01    0.362679719924926758E+00    0.767764761618850589E+01    0.726046716648002732E+01    0.654276715019550537E-01
    0.223505136776257479E-02    0.276376895904541016E+02    0.822361883152264461E+01    0.649189663877803369E+01    0.839211106300354004E+00    0.793399231750322720E+01    0.732875343194602280E+01   -0.169819366151786988E+01
    0.221680075520940554E-02    0.276350402832031250E+02    0.774306135437672438E+01    0.663727944470785847E+01    0.466424614191055298E+00    0.758230276790993596E+01    0.790112681898294156E+01   -0.277047983146664789E+00
    0.219956743485337633E-02    0.276316013336181641E+02    0.759589585810930501E+01    0.688325335908210878E+01    0.358234494924545288E+00    0.740216907321578077E+01    0.937261210002370682E+01    0.117571610543674154E+00
    0.217914044306014411E-02    0.276312141418457031E+02    0.765191645652977037E+01    0.730600901036728523E+01    0.136166244745254517E+00    0.785121118537366325E+01    0.793132652558611362E+01   -0.257150734658764257E-01
    0.216560286243051283E-02    0.276246299743652344E+02    0.716907579742891077E+01    0.711454684803566462E+01    0.732170566916465759E-01    0.721876978395425972E+01    0.709382718783515465E+01   -0.179601181455192416E+01
    0.215925229072993748E-02    0.276114559173583984E+02    0.719332167097289510E+01    0.759072182750880486E+01    0.148160293698310852E+00    0.710951218140842833E+01    0.834332479071935751E+01   -0.165567742946144691E+01
    0.213930986674059406E-02    0.276109657287597656E+02    0.725174366715844876E+01    0.714823471012919676E+01    0.214012712240219116E+00    0.673643145661836584E+01    0.709752570391467064E+01   -0.195476099523294788E+01
    0.212242188127953783E-02    0.276077690124511719E+02    0.755167257101096645E+01    0.734150620834777712E+01    0.117278560996055603E+00    0.791180442790320626E+01    0.925758045923761586E+01   -0.100992051255369919E+01
    0.210449078173726529E-02    0.276056900024414062E+02    0.828372732191347083E+01    0.649104317191059721E+01    0.322441458702087402E+00    0.839855775424223161E+01    0.815147520591307639E+01   -0.298066216851552213E+00
    0.208466044571702482E-02    0.276055774688720703E+02    0.789580129494180927E+01    0.691473162747305992E+01    0.248826354742050171E+00    0.782890664139736892E+01    0.730358086515977334E+01   -0.726754281481415854E+00
    0.207194888569290454E-02    0.275987625122070312E+02    0.732779943727103422E+01    0.712513880789795451E+01    0.208048209547996521E+00    0.741228518399246994E+01    0.836381750424624748E+01   -0.360929761287791528E-01
    0.205324939539131349E-02    0.275978469848632812E+02    0.774845222135800604E+01    0.673348319910227744E+01    0.608829200267791748E+00    0.750039942806499305E+01    0.785279694864991651E+01   -0.167829989954361092E+01
    0.203768196542417415E-02    0.275940208435058594E+02    0.721368728286621952E+01    0.739157031496199579E+01    0.103426985442638397E+00    0.729710376215091561E+01    0.989654900198220133E+01   -0.168659977123480864E+01
    0.202566830195112339E-02    0.275867996215820312E+02    0.796996850373229293E+01    0.663618313352119671E+01    0.838834106922149658E+00    0.758772784710452708E+01    0.985788661562725643E+01   -0.180865890066438828E+01
    0.200807005194129484E-02    0.275852031707763672E+02    0.731224737519215928E+01    0.703435567854650579E+01    0.153599873185157776E+00    0.741283099011248758E+01    0.818151801867267814E+01   -0.263334718070749041E+00
    0.199343631601624129E-02    0.275807838439941406E+02    0.810648715318622237E+01    0.658120520376911511E+01    0.577822566032409668E+00    0.822955329704069527E+01    0.828887212406412388E+01   -0.153302616030276062E+01
    0.198995003691323146E-02    0.275652370452880859E+02    0.778265809887248672E+01    0.692735517734227990E+01    0.110876508057117462E+00    0.828740003275465398E+01    0.940567244676597092E+01   -0.206829101974987140E+01
    0.197228399338411804E-02    0.275640239715576172E+02    0.793198670980602571E+01    0.661264634477900071E+01    0.246524587273597717E+00    0.825575615423628228E+01    0.852177943181357378E+01   -0.848246751266012788E+00
    0.195433674022194677E-02    0.275632591247558594E+02    0.760792452540448405E+01    0.680671005526296113E+01    0.146404296159744263E+00    0.807360402410931499E+01    0.888417542346865829E+01   -0.165206532607772960E+01
    0.193925846532639170E-02    0.275597019195556641E+02    0.715662887894996569E+01    0.745752448326928974E+01    0.147815704345703125E+00    0.706649444833027918E+01    0.100432083038877078E+02   -0.219292337174460172E+00
    0.192398457311469991E-02    0.275564689636230469E+02    0.763461842780975886E+01    0.685729942332684406E+01    0.106040932238101959E+00    0.804239421911297114E+01    0.862370598265611221E+01   -0.437771442682065137E+00
    0.190693506254236474E-02    0.275552234649658203E+02    0.764740059389155569E+01    0.643798989869654292E+01    0.348244518041610718E+00    0.785991121201162990E+01    0.996956417253668192E+01   -0.143792420529135367E+01
    0.189090382875582805E-02    0.275530605316162109E+02    0.741905445215977988E+01    0.645574852258420506E+01    0.315335929393768311E+00    0.722590948950868306E+01    0.704422083256844012E+01   -0.166275475477696100E+01
    0.187787774806471674E-02    0.275478382110595703E+02    0.761967981056200383E+01    0.648694291196199924E+01    0.467078328132629395E+00    0.737547514203625010E+01    0.717851905600120332E+01   -0.204912895794238326E+00
    0.186435279553584608E-02    0.275432472229003906E+02    0.807983896467018070E+01    0.672304005404809324E+01    0.520943641662597656E+00    0.811641576310096369E+01    0.836786063841147332E+01   -0.841824332979423495E+00
    0.184773831990838627E-02    0.275421028137207031E+02    0.796655038492605705E+01    0.707903984854806545E+01    0.367483884096145630E+00    0.811918814890246843E+01    0.829390968970689890E+01   -0.163294718613002887E+01
    0.183390917740996681E-02    0.275380802154541016E+02    0.788342294974591695E+01    0.647196392432939849E+01    0.604129612445831299E+00    0.783844355835691609E+01    0.907498419557701652E+01   -0.206765356350982277E+01
    0.182166135563017312E-02    0.275324344635009766E+02    0.812894752621650696E+01    0.701107621192932129E+01    0.686925113201141357E+00    0.780119857485861790E+01    0.713396355509757996E+01   -0.190997101042308248E+01
    0.180637628695611116E-02    0.275302391052246094E+02    0.735421549803393848E+01    0.709783441040783458E+01    0.939764603972434998E-01    0.754787688304839222E+01    0.825916899192683296E+01   -0.206474851750161736E+01
    0.179038092166718989E-02    0.275289802551269531E+02    0.723071527346567500E+01    0.636362516875065864E+01    0.133263438940048218E+00    0.750737277900532618E+01    0.973968343008667681E+01    0.114024940663831842E+00
    0.177630671553037438E-02    0.275257167816162109E+02    0.785682176708593083E+01    0.645430598866803340E+01    0.664542317390441895E+00    0.777175209252394339E+01    0.855097387997080105E+01   -0.138894621985982525E+01
    0.175992795474743118E-02    0.275251960754394531E+02    0.753035624345938359E+01    0.717203553278759198E+01    0.116315394639968872E+00    0.789932055101215091E+01    0.980061599676874629E+01   -0.188448171664894071E+01
    0.174450525740517740E-02    0.275237522125244141E+02    0.727604220276874880E+01    0.754601947633077152E+01    0.194709181785583496E+00    0.714456561662455236E+01    0.941742816276669004E+01   -0.136903057499967451E+01
    0.173008041302102531E-02    0.275213108062744141E+02    0.717502230535424612E+01    0.746508995976935008E+01    0.608432553708553314E-01    0.747825655178045334E+01    0.925891807928896959E+01   -0.154499159591786839E+01
    0.171526603293593589E-02    0.275194625854492188E+02    0.771808655042796943E+01    0.652888993687932651E+01    0.336062729358673096E+00    0.790388447423410589E+01    0.855557471974698203E+01   -0.210176889485733875E+00
    0.169939824661509789E-02    0.275190029144287109E+02    0.721817690012199176E+01    0.671821263839611493E+01    0.155263707041740417E+00    0.746377487704804299E+01    0.967776490020955293E+01    0.422021685161477755E-01
    0.186978948241420034E-02    0.273278694152832031E+02    0.775827942484249977E+01    0.685831270258972214E+01    0.526513338088989258E+00    0.743546671342805521E+01    0.823473394396387270E+01   -0.191062449854632566E+01
    0.178659018841490847E-02    0.274189033508300781E+02    0.774957537906141347E+01    0.688027623495707275E+01    0.316689342260360718E+00    0.789725471723076566E+01    0.791109286307621407E+01   -0.199679931864718041E+01
    0.181752552051614100E-02    0.273845691680908203E+02    0.784319516341559986E+01    0.693943539857407110E+01    0.426065146923065186E+00    0.763712486522647005E+01    0.700063481754826711E+01   -0.152140435909171678E+01
    0.185184472995611341E-02    0.273471565246582031E+02    0.773525979790700902E+01    0.698192456684390805E+01    0.301353693008422852E+00    0.770746657087612341E+01    0.724559278401040530E+01   -0.130448270038524949E+01
    0.174644425716403810E-02    0.274643573760986328E+02    0.757139629889396293E+01    0.706058254233798799E+01    0.279413670301437378E+00    0.755368289362166134E+01    0.789698403857735798E+01   -0.186700751905637397E+01
    0.173133856881000085E-02    0.274817314147949219E+02    0.770646797579655463E+01    0.642103761932060113E+01    0.509617209434509277E+00    0.761123501676389935E+01    0.769845722236908170E+01   -0.156959947495320584E+01
    0.178319258811200057E-02    0.274227104187011719E+02    0.811323669807242531E+01    0.697413607903251087E+01    0.214470267295837402E+00    0.844635004235592746E+01    0.908100680637577007E+01   -0.160523042756471668E+00
    0.184771147848464983E-02    0.273516254425048828E+02    0.783908209740734296E+01    0.671206263995296393E+01    0.328156888484954834E+00    0.796733418093918377E+01    0.816469639281814707E+01   -0.713591741539377100E+00
    0.182875912234440729E-02    0.273722457885742188E+02    0.788482182770018536E+01    0.687753268235365578E+01    0.221570104360580444E+00    0.813911305396618978E+01    0.837743063084029238E+01   -0.419582658665938579E+00
    0.188571465048502905E-02    0.273109073638916016E+02    0.779148551008708168E+01    0.673792972982724336E+01    0.607972085475921631E+00    0.763815255874208887E+01    0.883213303348084899E+01   -0.116704861477396338E+01
    0.170566418582525359E-02    0.275116119384765625E+02    0.799339087021664163E+01    0.700571620384013904E+01    0.293767511844635010E+00    0.829225607247574814E+01    0.884522819689556350E+01   -0.170010822881002177E+01
    0.171171300387976100E-02    0.275045318603515625E+02    0.774891172156041819E+01    0.639443147552790414E+01    0.480491518974304199E+00    0.784979591497949336E+01    0.867818483214680647E+01   -0.125060977927715444E+01
    0.181821378177987863E-02    0.273838119506835938E+02    0.826458391073626331E+01    0.679455624479220521E+01    0.726307570934295654E+00    0.837481463106014701E+01    0.952711909449819672E+01   -0.191047971569291608E+01
    0.172060986272239928E-02    0.274941635131835938E+02    0.840012853781547264E+01    0.665826990943439689E+01    0.691798150539398193E+00    0.854606527682727979E+01    0.874102832889838410E+01   -0.183266489894654683E+01
    0.179197385208354704E-02    0.274128856658935547E+02    0.784246765915648147E+01    0.675285825253379546E+01    0.646713852882385254E+00    0.759659827373118191E+01    0.902252534553876018E+01   -0.135570180594578593E+01
    0.176780951036880512E-02    0.274400386810302734E+02    0.751473131600978128E+01    0.670786298889788668E+01    0.310760289430618286E+00    0.746694310032040587E+01    0.816595860882073943E+01   -0.241752121193354652E+00
    0.205904900678429304E-02    0.271350326538085938E+02    0.785056268471843399E+01    0.677978679161451758E+01    0.580931067466735840E+00    0.775499284064502437E+01    0.849227235434765504E+01   -0.181856572125682581E+01
    0.171179299416843547E-02    0.275044384002685547E+02    0.812466104631420194E+01    0.688276871092224152E+01    0.951319456100463867E+00    0.784017720124849404E+01    0.902426132738512976E+01   -0.210298952787323135E+01
    0.202224897831579766E-02    0.271711006164550781E+02    0.776369333051247246E+01    0.669524450178158403E+01    0.604883313179016113E+00    0.751218716743663695E+01    0.955803569036660150E+01   -0.154343389980256029E+01
    0.181551943529616048E-02    0.273867778778076172E+02    0.802923937128024967E+01    0.695675379327312360E+01    0.371870577335357666E+00    0.830881948366042167E+01    0.902771621983498562E+01   -0.215195726527649533E+01
    0.197882962989400770E-02    0.272145099639892578E+02    0.802085090730494699E+01    0.680398285689176685E+01    0.709083139896392822E+00    0.791917440612279400E+01    0.101789874161514486E+02   -0.216072587305214947E+01
    0.188306573358661112E-02    0.273137187957763672E+02    0.757707336308022938E+01    0.690269630392876010E+01    0.449353814125061035E+00    0.723659331940907613E+01    0.916695158610373717E+01   -0.138532677458679299E+01
    0.214300060235618570E-02    0.270551071166992188E+02    0.762470666481793380E+01    0.673791791121936878E+01    0.382406592369079590E+00    0.751445826371438308E+01    0.973986250809511844E+01   -0.204478314009189743E+01
    0.217835737520679891E-02    0.270223789215087891E+02    0.761371785415652180E+01    0.673004855915404310E+01    0.452137351036071777E+00    0.747868467289591088E+01    0.927414122412156416E+01   -0.167802491802530529E+01
    0.175701062763110403E-02    0.274522933959960938E+02    0.775014196677926037E+01    0.708186582591514924E+01    0.163458228111267090E+00    0.813889320216538259E+01    0.858003234434985274E+01   -0.176890697955379395E+01
    0.182038255394376277E-02    0.273814277648925781E+02    0.767998874759128736E+01    0.657541311636100456E+01    0.336918741464614868E+00    0.794542172712650974E+01    0.952833846362504211E+01   -0.143246072551279102E+01
    0.194303336114415607E-02    0.272510204315185547E+02    0.778269575569195560E+01    0.698666927929392934E+01    0.422357618808746338E+00    0.784107718118651675E+01    0.899414721818276064E+01   -0.163605347197566386E+01
    0.200992840628864706E-02    0.271833229064941406E+02    0.766858787624621296E+01    0.669639203682653328E+01    0.298438519239425659E+00    0.790570333559587191E+01    0.926175947360889040E+01   -0.170980868380887019E+01
    0.174401259906679105E-02    0.274671440124511719E+02    0.750085611363632587E+01    0.719722537591730482E+01    0.235893219709396362E+00    0.760876803970159621E+01    0.876211845207763673E+01   -0.141911735516769166E+01
    0.172672485663115556E-02    0.274870681762695312E+02    0.757263759659604041E+01    0.707322031700623377E+01    0.215023934841156006E+00    0.768844823310018555E+01    0.856164155852900066E+01   -0.210394894429780877E+01
    0.188890763713600259E-02    0.273075237274169922E+02    0.741379922378049816E+01    0.686853966200600663E+01    0.297031193971633911E+00    0.708712754620789465E+01    0.910470375043822777E+01   -0.210762380090116030E+01
    0.197444684598481728E-02    0.272189445495605469E+02    0.749249986114538302E+01    0.713088102648856559E+01    0.305782794952392578E+00    0.752213445519628188E+01    0.102658824400666511E+02   -0.119305846813849104E+01
    0.171915663809280592E-02    0.274958534240722656E+02    0.751322853469107876E+01    0.694060082199077932E+01    0.215934544801712036E+00    0.770682816562413375E+01    0.951443925748447406E+01   -0.105140972862819715E+01
    0.171623586584613544E-02    0.274992542266845703E+02    0.751372904030151112E+01    0.644108578236132612E+01    0.305206954479217529E+00    0.772338043598413648E+01    0.956266467810120702E+01   -0.101580746599014793E+01
    0.202832922935173177E-02    0.271650962829589844E+02    0.740943727678073749E+01    0.708853518766557222E+01    0.217000514268875122E+00    0.753080500112036688E+01    0.103282989563859910E+02   -0.100731874255993170E+01
    0.201688696932808336E-02    0.271764106750488281E+02    0.727233065906976606E+01    0.716362628760324327E+01    0.197222679853439331E+00    0.724445058239938700E+01    0.101456147044965181E+02   -0.938018116122272705E+00
    0.209528344384357027E-02    0.271001434326171875E+02    0.701495692512701208E+01    0.732160099670492226E+01    0.124601058661937714E+00    0.682679376334348298E+01    0.102747373622629308E+02    0.444927981459630750E-01
    0.180422950445735682E-02    0.273992538452148438E+02    0.761439406791796713E+01    0.669210823834539603E+01    0.333357840776443481E+00    0.773212829167478155E+01    0.104593821960690878E+02   -0.482584899155771740E+00
    0.182678941797829683E-02    0.273744010925292969E+02    0.740967124511316300E+01    0.721660017943881993E+01    0.155701756477355957E+00    0.753773666921364427E+01    0.994910502322406565E+01    0.722778286844292239E-01
    0.182300935811271201E-02    0.273785438537597656E+02    0.721229040140121214E+01    0.722759621551561438E+01    0.168074101209640503E+00    0.725931598575989767E+01    0.103906353074133353E+02    0.807742119888299470E-02
    0.224168553683006715E-02    0.269650650024414062E+02    0.739348981721520992E+01    0.670514396524990808E+01    0.334537297487258911E+00    0.718552156229015715E+01    0.100891586511702069E+02   -0.137665677363642214E+00
    0.236390138142777550E-02    0.268588943481445312E+02    0.742871692833869268E+01    0.671274451016396956E+01    0.243369013071060181E+00    0.754230525753165093E+01    0.104038395606895531E+02    0.124477037632037213E+00
    0.185996515068066574E-02    0.273384056091308594E+02    0.760740132064803909E+01    0.697840967473495244E+01    0.120238319039344788E+00    0.800220224255469326E+01    0.104101245209257094E+02   -0.478600114989404801E-01
    0.183153075702683081E-02    0.273692169189453125E+02    0.721371248086801842E+01    0.745702554617770819E+01    0.212864458560943604E+00    0.690712788890894824E+01    0.102347693174947256E+02   -0.103939074041610335E+01
    0.178026488623497185E-02    0.274259967803955078E+02    0.764067012379644250E+01    0.702762004798403517E+01    0.223939418792724609E+00    0.782915962287628187E+01    0.104138466146146893E+02   -0.438307356150018590E+00
    0.211868844252858027E-02    0.270779266357421875E+02    0.709775754930290947E+01    0.685632804396960616E+01    0.208438202738761902E+00    0.696829887003352155E+01    0.997603600814054126E+01   -0.301169300731005007E+00
    0.212175379464029246E-02    0.270750350952148438E+02    0.710335011874286071E+01    0.677003651766079795E+01    0.221066311001777649E+00    0.688637487838431994E+01    0.824184282789811995E+01   -0.430974431900698951E+00
    0.219510747147644682E-02    0.270070590972900391E+02    0.728364249132292674E+01    0.667908449121567038E+01    0.266270041465759277E+00    0.721551794752167908E+01    0.898625693975750650E+01   -0.263515778657497535E+00
    0.176351396967624682E-02    0.274449043273925781E+02    0.738126603139529980E+01    0.626357647766206238E+01    0.245686829090118408E+00    0.758036079369099891E+01    0.915243149425978686E+01   -0.410722094459430309E-01
    0.176314568999854033E-02    0.274453220367431641E+02    0.769514849108735532E+01    0.642318547137169826E+01    0.349280297756195068E+00    0.776158444322216301E+01    0.864431654000168237E+01    0.100376368876807565E+00
    0.171818468024356654E-02    0.274969844818115234E+02    0.769819979497948292E+01    0.704921805099424947E+01    0.419337481260299683E+00    0.746913121843878169E+01    0.859086507387041642E+01    0.143243304020457707E+00
    0.194652387816882490E-02    0.272474308013916016E+02    0.758869875648692283E+01    0.665794290188109450E+01    0.372805058956146240E+00    0.757608216036816540E+01    0.869959927843665604E+01   -0.339348833877755940E+00
    0.175302718417746656E-02    0.274568328857421875E+02    0.763385594978705218E+01    0.698989616688074289E+01    0.405230224132537842E+00    0.746267927396134034E+01    0.817807483853302486E+01   -0.211089412977120361E+00
    0.183177530909005488E-02    0.273689498901367188E+02    0.770272110186673764E+01    0.685018442082566814E+01    0.475005358457565308E+00    0.745829319381928091E+01    0.889752696236798535E+01    0.885377391579247330E-01
    0.224099084716849941E-02    0.269656848907470703E+02    0.743315495210976263E+01    0.666016004372150228E+01    0.336749196052551270E+00    0.746676257914016706E+01    0.100561302016633682E+02   -0.126720615994574493E+01
    0.185424635705908275E-02    0.273445644378662109E+02    0.730662914169205813E+01    0.636464496937622748E+01    0.162182852625846863E+00    0.756730200529363284E+01    0.881282280329806866E+01    0.136546058313723240E+00
    0.217227481882475461E-02    0.270279712677001953E+02    0.740163734693701070E+01    0.659482662855092006E+01    0.278677761554718018E+00    0.736075332237201430E+01    0.919397916444084018E+01    0.219315997983088984E+00
    0.192680236052703382E-02    0.272677974700927734E+02    0.744546545221803058E+01    0.648553808342252314E+01    0.264654397964477539E+00    0.753150030185766273E+01    0.805332622627844863E+01   -0.673878555666362900E-03
    0.192868308319095200E-02    0.272658462524414062E+02    0.728218154631167724E+01    0.679933925507239056E+01    0.300099402666091919E+00    0.685565544657185910E+01    0.778890000429597773E+01    0.226961309833920932E+00
    0.180492477991323627E-02    0.273984832763671875E+02    0.735639791639569829E+01    0.652578828726069116E+01    0.333497434854507446E+00    0.705685297691949653E+01    0.758749067947704159E+01    0.237542413132421970E+00
    0.205840306327617541E-02    0.271356601715087891E+02    0.724313062265448870E+01    0.683216146882586450E+01    0.184464633464813232E+00    0.746826725474757325E+01    0.881679811651062906E+01   -0.128245168584882530E+01
    0.198623356123031397E-02    0.272070407867431641E+02    0.774476019246936342E+01    0.691606206599268969E+01    0.334677398204803467E+00    0.777890753654291789E+01    0.104082256250059579E+02    0.305054841014440470E-02
    0.210796237814237517E-02    0.270880775451660156E+02    0.701416291744216824E+01    0.739247478894549559E+01    0.127100303769111633E+00    0.665433431781505469E+01    0.896610603757706315E+01   -0.193736582233015042E-01
    0.185824181497975843E-02    0.273402595520019531E+02    0.764655028833034844E+01    0.686767015589429786E+01    0.398973435163497925E+00    0.752382257528064446E+01    0.765439749371666789E+01   -0.650709932138860747E+00
    0.170992807126798077E-02    0.275066184997558594E+02    0.740154620398390328E+01    0.692306787072960006E+01    0.344210863113403320E+00    0.718212676753439538E+01    0.887065710302536381E+01    0.115613654027209911E+00
    0.189584132111783165E-02    0.273001956939697266E+02    0.725858674448848173E+01    0.728630867378890379E+01    0.122609555721282959E+00    0.738219668213538682E+01    0.801530936915184355E+01    0.548647913616564509E-01
    0.180201467123864648E-02    0.274017105102539062E+02    0.728568041832465330E+01    0.677801382675855280E+01    0.161651223897933960E+00    0.749231766471484306E+01    0.958239116751514075E+01   -0.477507941684926385E+00
    0.171097367881264842E-02    0.275053958892822266E+02    0.731280798575012803E+01    0.722843465548310604E+01    0.152514576911926270E+00    0.741398842794915236E+01    0.763587584524716156E+01    0.939711013659705330E-01
    0.180319741136613721E-02    0.274003982543945312E+02    0.745487620383994276E+01    0.704756259650446459E+01    0.246737554669380188E+00    0.755168615668111354E+01    0.100193993992471722E+02   -0.579501808509506056E-01
    0.194339288047738713E-02    0.272506504058837891E+02    0.748466125561933104E+01    0.626153687381607327E+01    0.194881126284599304E+00    0.776047651888804690E+01    0.818902027913004282E+01    0.230053417637071433E+00
    0.202518638845425357E-02    0.271681976318359375E+02    0.708690120630042664E+01    0.713872554890702826E+01    0.108889661729335785E+00    0.710290388507503145E+01    0.100464412736139845E+02    0.125795178888762571E+00
    0.200329186529631326E-02    0.271899375915527344E+02    0.707551495521862517E+01    0.686343904397559346E+01    0.179853633046150208E+00    0.708374188966245733E+01    0.925985891302829067E+01   -0.102722386057329285E+01
    0.223277993807951018E-02    0.269730262756347656E+02    0.707029158293011228E+01    0.702470918975383007E+01    0.195819735527038574E+00    0.678376665573965720E+01    0.100589789628753223E+02   -0.119217627138028903E+01
    0.192940239748265051E-02    0.272651004791259766E+02    0.720021565456715162E+01    0.724048592186266315E+01    0.176320388913154602E+00    0.722925906718633993E+01    0.905890687881893797E+01   -0.967629453229391423E+00
    0.226654215598417596E-02    0.269430103302001953E+02    0.728013684299723884E+01    0.682067378104383337E+01    0.332057148218154907E+00    0.669660002007845812E+01    0.881003889901454151E+01   -0.803017544703090280E+00
    0.197980175548265712E-02    0.272135276794433594E+02    0.732755458407988858E+01    0.687262605652160641E+01    0.289105713367462158E+00    0.731289225594582426E+01    0.850906179761011039E+01   -0.104284195589978745E+01
    0.199416910500524805E-02    0.271990661621093750E+02    0.702252116879076560E+01    0.690518201293589495E+01    0.147418245673179626E+00    0.658193318346022949E+01    0.755161518021561573E+01   -0.904072254167757050E+00
    0.236067979804252884E-02    0.268616218566894531E+02    0.719836841698814833E+01    0.700722631336215418E+01    0.221105128526687622E+00    0.702129162931321815E+01    0.100206234934630274E+02   -0.145354035444299412E+01
    0.171259963571271682E-02    0.275034961700439453E+02    0.731385730064355855E+01    0.675238998126266754E+01    0.267946779727935791E+00    0.745633011371479171E+01    0.845357726940408405E+01   -0.127764804587659997E+01
    0.175854280824411778E-02    0.274505500793457031E+02    0.734769721234193707E+01    0.699527147728228105E+01    0.180633068084716797E+00    0.734768525434789321E+01    0.103420043372301400E+02   -0.189906298864273593E+01
    0.210261571588909795E-02    0.270931568145751953E+02    0.747774261800433315E+01    0.695620049086065340E+01    0.243611425161361694E+00    0.765444493605258813E+01    0.865744111566138308E+01   -0.118082619208868933E+01
    0.185029831028094005E-02    0.273488273620605469E+02    0.715723217291505609E+01    0.672378769249398633E+01    0.237111762166023254E+00    0.661264049211672056E+01    0.854747134734071601E+01   -0.185852824947695749E+01
    0.182259041397265695E-02    0.273790035247802734E+02    0.710301164087334325E+01    0.669724264388529278E+01    0.169300168752670288E+00    0.669739065678237999E+01    0.843348900994524620E+01   -0.188865531265085806E+01
    0.211770668822718012E-02    0.270788536071777344E+02    0.726271532309288226E+01    0.674544114424198149E+01    0.200965717434883118E+00    0.744916835508511976E+01    0.853247816462735997E+01   -0.132262346324101943E+01
    0.198178145884369888E-02    0.272115287780761719E+02    0.717601585726497415E+01    0.683982600603007551E+01    0.115177243947982788E+00    0.740889722227103853E+01    0.881362883431862620E+01   -0.162187319775562955E+01
    0.221891852174167835E-02    0.269854812622070312E+02    0.707714872879858881E+01    0.712886969531680847E+01    0.146595805883407593E+00    0.685603079826782302E+01    0.722266496188246609E+01   -0.169077417041691769E+01
    0.192021137102641468E-02    0.272746505737304688E+02    0.713759283675946765E+01    0.671317798983130665E+01    0.210809111595153809E+00    0.682833058150438532E+01    0.849421196893652564E+01   -0.164335016168258607E+01
    0.176290525664674308E-02    0.274455947875976562E+02    0.708810772167181380E+01    0.746401561796503898E+01    0.157855942845344543E+00    0.656553557976009028E+01    0.867690499659201109E+01   -0.159955200394719821E+01
    0.211999209093264359E-02    0.270766963958740234E+02    0.716470159069268320E+01    0.697672361736460189E+01    0.203460603952407837E+00    0.690495177326313403E+01    0.700148576912734200E+01   -0.152635635777635503E+01
    0.180216934603635100E-02    0.274015388488769531E+02    0.719014515747470284E+01    0.707925794608836512E+01    0.164658397436141968E+00    0.724564434144256619E+01    0.817179519981435831E+01   -0.172517034887276655E+01
    0.223921982892231423E-02    0.269672660827636719E+02    0.729807418576327649E+01    0.702616866966928644E+01    0.264770597219467163E+00    0.712150347265398942E+01    0.824027769944948396E+01   -0.148604396548772977E+01
    0.178445316693245449E-02    0.274212970733642578E+02    0.706767495754470598E+01    0.717476867105145732E+01    0.443676300346851349E-01    0.741484471116174948E+01    0.807778886117237072E+01   -0.120404940331921084E+01
    0.244022393094673554E-02    0.267953414916992188E+02    0.721960073062641072E+01    0.668904934417522767E+01    0.256038337945938110E+00    0.702155047278078559E+01    0.934335351753273713E+01   -0.161606185440416228E+01
    0.175056799606979627E-02    0.274596405029296875E+02    0.725083514674559115E+01    0.693321335986226650E+01    0.105587661266326904E+00    0.753918245796111997E+01    0.795203190523251990E+01   -0.125259335841273467E+01
    0.186941861979541559E-02    0.273282661437988281E+02    0.755425755099436991E+01    0.663186714347375084E+01    0.431700915098190308E+00    0.739128950377813076E+01    0.903670883079734644E+01   -0.137899268825701649E+01
    0.200810825468932062E-02    0.271851348876953125E+02    0.746422021734642360E+01    0.681819065297463567E+01    0.349253088235855103E+00    0.727670893317662149E+01    0.103673199177673290E+02   -0.790532552104627362E+00
    0.198746329048905997E-02    0.272058029174804688E+02    0.715719089954203103E+01    0.664724754966449538E+01    0.281053155660629272E+00    0.668127333817598767E+01    0.885249565298908436E+01   -0.524161223509402419E+00
    0.175425472744472274E-02    0.274554328918457031E+02    0.752151347161667871E+01    0.710396884008553720E+01    0.339742660522460938E+00    0.742780456154829327E+01    0.965211694282913868E+01   -0.939382948006738161E+00
    0.173015346101604642E-02    0.274831008911132812E+02    0.711535974223102574E+01    0.700296181078463942E+01    0.157119512557983398E+00    0.649164359146141035E+01    0.790253658626482203E+01   -0.191872601815899957E+01
    0.203045040229069300E-02    0.271630058288574219E+02    0.749371097929672825E+01    0.680330209398120811E+01    0.326539337635040283E+00    0.743370049133635558E+01    0.820880225767433558E+01   -0.152486922109842782E+01
    0.182401104215742247E-02    0.273774452209472656E+02    0.733152411814613014E+01    0.729115457072868889E+01    0.201131939888000488E+00    0.742620135161562533E+01    0.822924443754328827E+01   -0.139137697091878176E+01
    0.173531575627504961E-02    0.274771423339843750E+02    0.702477304332993491E+01    0.697485582339681276E+01    0.114366643130779266E+00    0.702421571862127170E+01    0.808679500062086731E+01   -0.102026084676143536E+01
    0.208239477753031617E-02    0.271124839782714844E+02    0.712990516974160293E+01    0.684276728714075144E+01    0.254596978425979614E+00    0.682541727004789145E+01    0.767802173627506424E+01   -0.104585110395755976E+01
    0.199897690568200635E-02    0.271942501068115234E+02    0.737540572008380657E+01    0.697502445792600678E+01    0.277121335268020630E+00    0.737248996760427389E+01    0.933386676203379828E+01   -0.162112992478680917E+01
    0.193381428557351282E-02    0.272605323791503906E+02    0.708719533139693514E+01    0.685443979258430325E+01    0.205243825912475586E+00    0.700336952560676274E+01    0.888699166338282964E+01   -0.986832118495929445E+00


    0.155687890456543080E-01    0.286157321929931641E+02    0.727062729485987447E+01    0.133084656628425013E+01    0.797714650630950928E+00    0.914350687907311332E+01    0.983192895232311770E+01   -0.108811043584038880E+01
    0.152584811001472351E-01    0.286115531921386719E+02    0.729271184414758888E+01    0.113281335060661403E+01    0.663642346858978271E+00    0.892887991013975935E+01    0.833920484118400118E+01   -0.178758181346696077E+00
    0.149727239614452900E-01    0.286049194335937500E+02    0.700307671464533676E+01    0.707962059899003626E+00    0.260078334808349609E+01    0.853559081071822412E+01    0.736710248624479380E+01   -0.956618431614468578E+00
    0.148680588658464015E-01    0.285745048522949219E+02    0.792521117233223293E+01    0.163347592805010500E+01    0.135596108436584473E+01    0.889975365358458248E+01    0.776940640879493394E+01   -0.543329602092812669E+00
    0.145876239310903776E-01    0.285681438446044922E+02    0.761615241455393388E+01    0.136809241873295284E+01    0.265825152397155762E+01    0.874732676284291344E+01    0.806888372965469713E+01   -0.112525219359463757E+01
    0.142753183813814043E-01    0.285669822692871094E+02    0.709811503434262914E+01    0.981685746392547798E+00    0.154045021533966064E+01    0.837570618632529751E+01    0.729526176361919898E+01   -0.610817091332213069E+00
    0.140700030637354329E-01    0.285515117645263672E+02    0.710678485434828122E+01    0.763053518972215739E+00    0.238357806205749512E+01    0.931879555757172540E+01    0.941804129031940640E+01   -0.236827738376308883E+00
    0.138156047856301933E-01    0.285435600280761719E+02    0.770769209944776357E+01    0.936788784673954100E+00    0.138108777999877930E+01    0.926471554720568591E+01    0.748784735693444770E+01   -0.448630870933697246E+00
    0.135191955793187921E-01    0.285424919128417969E+02    0.727257847756246534E+01    0.984523357249391884E+00    0.204297566413879395E+01    0.863390028543492960E+01    0.770573717383104118E+01   -0.158103746018479319E+01
    0.134256130378470496E-01    0.285119400024414062E+02    0.742755172202618663E+01    0.140812830389764199E+01    0.109797787666320801E+01    0.878768820823230712E+01    0.829170369958495534E+01   -0.524911702788797285E+00
    0.131323223875792639E-01    0.285116710662841797E+02    0.732170840546777590E+01    0.928588429634007340E+00    0.197067677974700928E+01    0.856374007945051474E+01    0.707332180006414202E+01   -0.369584783405636053E+00
    0.129846660862186093E-01    0.284898414611816406E+02    0.744881088607399988E+01    0.123660026013350954E+01    0.201334074139595032E+00    0.883251962263378054E+01    0.761477003004934794E+01   -0.108749582224186825E+01
    0.127546468253660686E-01    0.284811439514160156E+02    0.713233528166358344E+01    0.757374562714099864E+00    0.812877833843231201E+00    0.926185862024648543E+01    0.846826317023383446E+01   -0.137674817151811069E+01
    0.125480615248523310E-01    0.284693584442138672E+02    0.710298625791856963E+01    0.694680391401516606E+00    0.419931083917617798E+00    0.916179974892557780E+01    0.720572739001499496E+01   -0.877468042067901077E+00
    0.125524458492370910E-01    0.284242153167724609E+02    0.734828201179996476E+01    0.849903325502893936E+00    0.555572926998138428E+00    0.936806490510331358E+01    0.801126497115522618E+01   -0.123723793240260149E+01
    0.124422883326842908E-01    0.283973999023437500E+02    0.781337936270060673E+01    0.848776177582908797E+00    0.245169448852539062E+01    0.968597396417137091E+01    0.910745425489291982E+01    0.480744141139499703E-01
    0.125319637973393856E-01    0.283385925292968750E+02    0.704330110751928196E+01    0.145966877466873068E+01    0.823502302169799805E+00    0.868993732866693591E+01    0.989081841747961654E+01   -0.932291143725305416E+00
    0.126074039119439697E-01    0.282821445465087891E+02    0.751535297280385262E+01    0.117689880840315642E+01    0.238181138038635254E+01    0.919000055517219216E+01    0.996513693688019941E+01   -0.840155135809302456E+00
    0.123674498937129587E-01    0.282761325836181641E+02    0.797892236380984254E+01    0.171199386373123352E+01    0.256613183021545410E+01    0.917665085483160681E+01    0.975498446407236841E+01   -0.171372074788672712E+01
    0.122256300538393977E-01    0.282547550201416016E+02    0.736889917107312353E+01    0.795269973430620114E+00    0.757595181465148926E+00    0.934618232628586121E+01    0.815013538024250472E+01   -0.163847944951427404E+00
    0.123148009369792432E-01    0.281957759857177734E+02    0.734303627888518129E+01    0.749300612512547759E+00    0.580614626407623291E+00    0.943832038314858224E+01    0.845733428603669779E+01   -0.105855004607593450E-01
    0.121297215765302988E-01    0.281816177368164062E+02    0.807032331786327717E+01    0.167133888413934439E+01    0.221221899986267090E+01    0.929987100532274980E+01    0.893771232948442851E+01   -0.153525605504526519E+01
    0.118829604287373214E-01    0.281782798767089844E+02    0.736121657176563104E+01    0.699085328541496742E+00    0.118864610791206360E+00    0.960127762035897447E+01    0.761670085616732528E+01   -0.112895558323155121E+01
    0.117576799233184148E-01    0.281550331115722656E+02    0.755046003404981647E+01    0.103704992377246064E+01    0.164995622634887695E+01    0.893871523583558947E+01    0.795482676469145567E+01   -0.174807785380788805E+01
    0.115090003776194879E-01    0.281533432006835938E+02    0.724095971246031578E+01    0.988402599892059919E+00    0.449547410011291504E+00    0.897429249648767957E+01    0.800018045688500834E+01   -0.125074803620289710E+01
    0.112912010723989452E-01    0.281471099853515625E+02    0.769645884857279672E+01    0.160595178778027736E+01    0.440591394901275635E+00    0.866632039536538379E+01    0.725826442462067956E+01   -0.186920153396651112E+01
    0.111069948701806778E-01    0.281355628967285156E+02    0.772557242051322124E+01    0.161116401716017132E+01    0.807282149791717529E+00    0.954272001568131323E+01    0.103083174916453189E+02   -0.330126056814452618E+00
    0.110098163048423306E-01    0.281086940765380859E+02    0.803590165798477152E+01    0.118758851708899771E+01    0.152392399311065674E+01    0.955711264324576071E+01    0.787059628986644988E+01   -0.165464229382407280E+01
    0.108328967221986185E-01    0.280966491699218750E+02    0.746332320118250081E+01    0.104799487302523486E+01    0.570514798164367676E+00    0.909749888914257276E+01    0.787408766415674499E+01   -0.191055000629884764E+01
    0.107416499380821474E-01    0.280691223144531250E+02    0.730777071546949486E+01    0.423602444453575699E+00    0.387975424528121948E+00    0.990242047621009114E+01    0.734994238825167123E+01    0.595130075210152931E-01
    0.105476324486804482E-01    0.280611324310302734E+02    0.728020873986502437E+01    0.854795375334479135E+00    0.441881269216537476E+00    0.937098204413444336E+01    0.851251180412550568E+01   -0.146130912292976811E+01
    0.103581663845370795E-01    0.280529403686523438E+02    0.775085904671899506E+01    0.175399790927512722E+01    0.993404448032379150E+00    0.864616758995707357E+01    0.759600101941029671E+01   -0.143219457319933730E+01
    0.102109325927614795E-01    0.280371284484863281E+02    0.727473675902120398E+01    0.133703712037593792E+01    0.607835054397583008E+00    0.906106984295500162E+01    0.867918226524587588E+01   -0.530292581444880229E+00
    0.101059590106968231E-01    0.280133514404296875E+02    0.778413019586500976E+01    0.122128426649911015E+01    0.282053494453430176E+01    0.868602513893321415E+01    0.748833513457243338E+01   -0.855968396609325222E+00
    0.100452055896357740E-01    0.279809665679931641E+02    0.726343223606789490E+01    0.918978336921831174E+00    0.895736888051033020E-01    0.912182982674020337E+01    0.702338188999697355E+01   -0.139490486251371060E+01
    0.998666488657008744E-02    0.279482116699218750E+02    0.748636283017284310E+01    0.129071813520893519E+01    0.208461236953735352E+01    0.921957240428487168E+01    0.938128848955941308E+01   -0.884619698414999434E+00
    0.979641332208752193E-02    0.279422359466552734E+02    0.766266631077291205E+01    0.115778749165549533E+01    0.224197864532470703E+01    0.926199837391574832E+01    0.896949843795046498E+01   -0.301924611023160372E+00
    0.959260872584031220E-02    0.279398384094238281E+02    0.764145172605509515E+01    0.802485129589204260E+00    0.556985199451446533E+00    0.957906079259675458E+01    0.812411626895222660E+01    0.857796294901520540E-01
    0.941145267459014487E-02    0.279335250854492188E+02    0.771157732503058213E+01    0.153765712288777023E+01    0.290829682350158691E+01    0.863529475896309684E+01    0.826791945921996962E+01   -0.473229660520698481E+00
    0.928408380664614945E-02    0.279163322448730469E+02    0.781426100380477706E+01    0.700539155766121135E+00    0.178800344467163086E+01    0.980275122506544427E+01    0.797057583155157712E+01   -0.715480592895139988E+00
    0.908511347938901342E-02    0.279152164459228516E+02    0.809355128884792840E+01    0.164754137908926723E+01    0.126815748214721680E+01    0.913954660309156175E+01    0.794504965099134175E+01   -0.160677183401324886E+01
    0.898757303888794191E-02    0.278923606872558594E+02    0.768905282020568848E+01    0.157366722822189331E+01    0.200766110420227051E+01    0.835982018160235896E+01    0.744572532176971436E+01   -0.190097874361215258E+01
    0.899760962990648824E-02    0.278456840515136719E+02    0.805279780242652876E+01    0.146824823608980437E+01    0.882563233375549316E+00    0.948450694168739972E+01    0.859252795226102073E+01   -0.139340113973899538E+01
    0.885131941418432558E-02    0.278340244293212891E+02    0.739321987311994366E+01    0.121830264610406291E+01    0.333814471960067749E+00    0.874716188909998316E+01    0.719660977489394416E+01   -0.982470082403536837E+00
    0.866784609751664221E-02    0.278314723968505859E+02    0.744867225126843735E+01    0.881476502952659224E+00    0.529066681861877441E+00    0.926473227036225744E+01    0.759170644702369746E+01    0.197044092304210494E-02
    0.848854016222762124E-02    0.278288345336914062E+02    0.750233737849724935E+01    0.790473299579038891E+00    0.134029603004455566E+01    0.943767077867519433E+01    0.845316974891584749E+01   -0.227620215265723624E+00
    0.830715017697916322E-02    0.278275909423828125E+02    0.739148759623568274E+01    0.966608572276850819E+00    0.621198475360870361E+00    0.888065790603602423E+01    0.749374054133931189E+01    0.158881400048910493E+00
    0.817365263958510883E-02    0.278155479431152344E+02    0.708122427700805623E+01    0.701132969129521721E+00    0.183604568243026733E+00    0.930852252751990683E+01    0.814815212231766139E+01   -0.847255591996254109E+00
    0.803973148291516754E-02    0.278041439056396484E+02    0.738431739239159413E+01    0.153909088596433818E+01    0.351144745945930481E-02    0.859765861559395006E+01    0.754015595393226423E+01   -0.164979504984193848E+01
    0.786957543017720307E-02    0.278024826049804688E+02    0.740596995692681315E+01    0.139257212807473429E+01    0.419058024883270264E+00    0.876483203501385866E+01    0.797641109739081688E+01   -0.160907397650917106E+01
    0.771847040963974645E-02    0.277968139648437500E+02    0.783851298351668824E+01    0.132606064365110976E+01    0.133353459835052490E+01    0.956828188558270298E+01    0.924971559938460786E+01   -0.460086742081828870E+00
    0.766118294949618989E-02    0.277672691345214844E+02    0.808681250071019697E+01    0.101705855871856721E+01    0.188116788864135742E+01    0.970295818793393927E+01    0.840885805272637832E+01   -0.179643729224708348E+01
    0.749916737807826330E-02    0.277655735015869141E+02    0.783313947336553262E+01    0.942420079748074513E+00    0.903326988220214844E+00    0.964945124489340600E+01    0.804873266991693725E+01   -0.151039744408873888E+01
    0.735067974111255559E-02    0.277611274719238281E+02    0.787224424636743070E+01    0.154629187404148971E+01    0.192493259906768799E+01    0.889856377226954010E+01    0.816964572126920174E+01   -0.655967421966482611E+00
    0.719190330971095776E-02    0.277603569030761719E+02    0.827343407429288646E+01    0.144184250320994267E+01    0.296067094802856445E+01    0.909269036112022278E+01    0.747279664193943205E+01   -0.212220354025370161E+01
    0.708111432201413704E-02    0.277469615936279297E+02    0.783307260905721492E+01    0.129307215131519748E+01    0.661245822906494141E+00    0.928722900049969979E+01    0.817515297658314033E+01   -0.613768925824938139E+00
    0.695988813241032751E-02    0.277370529174804688E+02    0.796229445370053490E+01    0.170542694123631855E+01    0.976649165153503418E+00    0.886344895032504354E+01    0.739838923073646004E+01   -0.185851373654448815E+01
    0.692340706451656258E-02    0.277031192779541016E+02    0.763959970376079944E+01    0.139919223208276255E+01    0.176782524585723877E+01    0.865851299551042963E+01    0.722558960746704049E+01   -0.103799333993424847E+01
    0.679080633435808975E-02    0.276973514556884766E+02    0.759959286138467505E+01    0.997422047822470459E+00    0.130214095115661621E+00    0.937407991254403505E+01    0.727398710276440230E+01   -0.422026911961195239E+00
    0.670262287892481670E-02    0.276790485382080078E+02    0.737387036103709903E+01    0.138699829599038948E+01    0.394708126783370972E+00    0.933353378428660818E+01    0.929493943015713242E+01   -0.794268028747887156E+00
    0.658459758266658791E-02    0.276701354980468750E+02    0.720691858528385509E+01    0.507172402125077415E+00    0.258231759071350098E-01    0.985176862571919543E+01    0.753160193039968906E+01   -0.880165511373996567E+00
    0.652144310240661534E-02    0.276449661254882812E+02    0.783443584013545813E+01    0.162994852362883846E+01    0.594331741333007812E+00    0.895146215746900786E+01    0.781215578411801648E+01   -0.976582267903666867E+00
    0.646482885026393016E-02    0.276179599761962891E+02    0.794171447803904940E+01    0.141544780187524100E+01    0.170412373542785645E+01    0.961607448171053569E+01    0.924983398528889822E+01   -0.958239010652136791E+00
    0.638124357180330608E-02    0.275995426177978516E+02    0.793157583937926081E+01    0.113888767772880550E+01    0.734455764293670654E+00    0.953487688238767639E+01    0.757355517709307691E+01   -0.182785041074534282E+01
    0.627928256723473376E-02    0.275873126983642578E+02    0.769960993814825922E+01    0.914962701896344210E+00    0.145961356163024902E+01    0.943759208630298829E+01    0.834081106547213302E+01   -0.485479253803833277E+00
    0.620279725909874454E-02    0.275673789978027344E+02    0.761256573195431674E+01    0.649257869223189954E+00    0.424740999937057495E+00    0.985042241773633620E+01    0.796507382252784346E+01   -0.159300915119547692E+00
    0.607411339476677300E-02    0.275648632049560547E+02    0.724240358042664578E+01    0.628444375221076101E+00    0.205947801470756531E+00    0.942212048735581043E+01    0.778287768433546390E+01   -0.168372688636384993E+00
    0.595229838714387768E-02    0.275609359741210938E+02    0.732319471196725313E+01    0.595252244206213588E+00    0.637656152248382568E+00    0.974653935904714785E+01    0.841376393546286749E+01   -0.899778814904305335E+00
    0.585252325733094311E-02    0.275503005981445312E+02    0.789130760705947853E+01    0.131000737136089174E+01    0.132501089572906494E+01    0.912556573565602136E+01    0.772429996213643122E+01   -0.190245882659730547E+01
    0.574544401315298364E-02    0.275427875518798828E+02    0.767385534330059205E+01    0.100042115717957092E+01    0.138296449184417725E+01    0.911729000488368868E+01    0.808456809838199675E+01    0.957145020933927171E-01
    0.564956189382555783E-02    0.275320014953613281E+02    0.753452661486467257E+01    0.138030107812639757E+01    0.505729079246520996E+00    0.953893700638031206E+01    0.939628239486310690E+01   -0.614825842717628079E+00
    0.557063858407625800E-02    0.275156936645507812E+02    0.724967792569383018E+01    0.512962311823293882E+00    0.511775135993957520E+00    0.980841366456019337E+01    0.775306639990494162E+01   -0.727502911279299003E+00
    0.547636785964818879E-02    0.275053844451904297E+02    0.746534626045429217E+01    0.924102015043276381E+00    0.901023983955383301E+00    0.905327570784500502E+01    0.740430703146305014E+01   -0.231931768664736637E+00
    0.536251420598476709E-02    0.275029582977294922E+02    0.756348835234789263E+01    0.763961154038009238E+00    0.140039622783660889E+00    0.979780021935550671E+01    0.801305773921322384E+01   -0.961500040382104793E+00
    0.531006811353399149E-02    0.274781703948974609E+02    0.743990322320311659E+01    0.115671696166647608E+01    0.113882005214691162E+01    0.943349807320087130E+01    0.943326481336192657E+01   -0.238574572392470596E+00
    0.519955777955642771E-02    0.274757881164550781E+02    0.779212458597039337E+01    0.103841747327013101E+01    0.171965467929840088E+01    0.947158010703745035E+01    0.865259004619220207E+01   -0.878548151307671610E+00
    0.509025496088888127E-02    0.274738349914550781E+02    0.748793106730312719E+01    0.145261173999530890E+01    0.359652400016784668E+00    0.861150876466575177E+01    0.713383244886631473E+01   -0.117249966532749261E+01
    0.498546021289766276E-02    0.274709949493408203E+02    0.745584505312716583E+01    0.927525035363238159E+00    0.263945281505584717E+00    0.930299440537106648E+01    0.795852241657141057E+01   -0.266270610768745586E+00
    0.487668468470756154E-02    0.274706707000732422E+02    0.749364663450531499E+01    0.139734871854248111E+01    0.686735630035400391E+00    0.867867919676581501E+01    0.703975526792476369E+01   -0.738107126611452724E+00
    0.477203883261512370E-02    0.274696102142333984E+02    0.742734311189243179E+01    0.141652133183050344E+01    0.369768351316452026E+00    0.856963769436620026E+01    0.700727432416300733E+01   -0.122210548621670512E+01
    0.468915352119804885E-02    0.274602088928222656E+02    0.748651728132900551E+01    0.129437735213755656E+01    0.505984723567962646E+00    0.897341081520410810E+01    0.831577434512746905E+01    0.104424701721338220E+00
    0.459740167880351436E-02    0.274552860260009766E+02    0.731194236550811283E+01    0.761857908555477970E+00    0.393396914005279541E+00    0.935004290494829959E+01    0.820464486078817679E+01   -0.191657735486546077E+00
    0.450508579583989120E-02    0.274514102935791016E+02    0.761448871951734496E+01    0.115549155274751514E+01    0.280427694320678711E+00    0.939545887519327572E+01    0.848306498124586561E+01   -0.103285939652350156E+01
    0.442383230531140023E-02    0.274433670043945312E+02    0.761365886240257872E+01    0.131064987197544403E+01    0.301917642354965210E+00    0.912389021883599760E+01    0.794975727451481617E+01   -0.129933724691613040E+01
    0.435616229803568230E-02    0.274297523498535156E+02    0.750116512136216151E+01    0.147847383221899920E+01    0.868921816349029541E+00    0.932849157570294985E+01    0.971424150138687992E+01   -0.642218700284870936E+00
    0.426585807038329379E-02    0.274272041320800781E+02    0.793549254537246274E+01    0.114844829289445149E+01    0.743247926235198975E+00    0.955727654278647698E+01    0.741990668676054099E+01   -0.131115141915691247E+01
    0.417811115740222058E-02    0.274243278503417969E+02    0.780716004920380602E+01    0.133066767578993739E+01    0.967735111713409424E+00    0.904541419882207087E+01    0.747710094456435126E+01   -0.467178020514461334E+00
    0.467981902962827118E-02    0.271973628997802734E+02    0.789116024653447834E+01    0.997043669022991574E+00    0.702599823474884033E+00    0.971177298086115215E+01    0.707764145713546622E+01   -0.125066052843738729E+01
    0.489511408469500437E-02    0.271074066162109375E+02    0.760919080128576120E+01    0.129014123314344853E+01    0.674534082412719727E+00    0.896555228884541755E+01    0.713190256226774899E+01   -0.126498738760501839E+01
    0.467995292224003111E-02    0.271973056793212891E+02    0.786803002312024535E+01    0.132221183799814401E+01    0.618636548519134521E+00    0.929980242758177411E+01    0.774998946144174194E+01   -0.139534890277334189E+01
    0.439970563936170709E-02    0.273208065032958984E+02    0.787132308023494254E+01    0.145696227861649930E+01    0.136137500405311584E+00    0.938914575638190207E+01    0.846917455396013708E+01   -0.131802396821442680E+01
    0.449078415480929673E-02    0.272798271179199219E+02    0.773567304832754665E+01    0.134669775029974925E+01    0.962044000625610352E-01    0.950689175868689773E+01    0.883851879257591477E+01   -0.195373460623527495E+01
    0.546016531996017934E-02    0.268889236450195312E+02    0.760050848304126880E+01    0.138126190060154697E+01    0.305383205413818359E+00    0.885041248343894260E+01    0.723972721394089014E+01   -0.847585516157959740E+00
    0.469468661176900351E-02    0.271910190582275391E+02    0.773064229905888123E+01    0.131891347358935151E+01    0.742373585700988770E+00    0.890406455123261331E+01    0.706320269994747196E+01   -0.132531887157345984E+00
    0.454833299316207123E-02    0.272543601989746094E+02    0.757394370351188062E+01    0.137146532973853885E+01    0.230554148554801941E+00    0.893864808682277179E+01    0.768121008664457428E+01   -0.683058163548815767E+00
    0.450720416780137512E-02    0.272725276947021484E+02    0.753151851339405187E+01    0.114459512427051946E+01    0.867702141404151917E-01    0.922543803066459489E+01    0.804481664420591436E+01   -0.136248753827406999E+01
    0.468751961030977951E-02    0.271940746307373047E+02    0.766867427527616741E+01    0.136118041878401352E+01    0.210061177611351013E+00    0.900548670503134652E+01    0.769075678184447042E+01   -0.397866767203603588E+00
    0.467422574371110545E-02    0.271997547149658203E+02    0.751599325499986026E+01    0.886354419728133558E+00    0.156156152486801147E+00    0.946994252331277764E+01    0.722389417547848645E+01   -0.664959371473760941E+00
    0.538122724636876625E-02    0.269180488586425781E+02    0.751810872342507253E+01    0.129137737841204570E+01    0.158318519592285156E+00    0.892321306648247869E+01    0.734279218024477043E+01   -0.100816108484078737E+01
    0.454897934570886332E-02    0.272540760040283203E+02    0.784420604435890212E+01    0.971532578053163731E+00    0.314784705638885498E+00    0.967825332452560794E+01    0.805243250760210572E+01   -0.654907332404218723E+00
    0.494760428026800366E-02    0.270860748291015625E+02    0.760493016776581143E+01    0.119855742317681502E+01    0.691582024097442627E+00    0.903720073124835110E+01    0.719407576356446121E+01   -0.897008437068132825E+00
    0.456956302598890245E-02    0.272450466156005859E+02    0.754392452820681925E+01    0.735444010052423880E+00    0.131244301795959473E+00    0.968477654875723815E+01    0.704680146346830671E+01   -0.483901378979920915E+00
    0.425357753422330419E-02    0.273883609771728516E+02    0.733501336658114500E+01    0.873638453075435306E+00    0.831067085266113281E+00    0.917776506150909732E+01    0.728449880871023847E+01   -0.473038143246478304E+00
    0.449023599684173717E-02    0.272800712585449219E+02    0.767007701750806614E+01    0.128406568082004036E+01    0.110132068395614624E+00    0.952231474215556162E+01    0.887232132546325225E+01   -0.685776295479123776E+00
    0.498624714025762590E-02    0.270705146789550781E+02    0.760834234853111280E+01    0.154390351185645036E+01    0.326549172401428223E+00    0.874376250465520322E+01    0.712542215133372814E+01   -0.123720279533780220E+01
    0.507893636543135102E-02    0.270336780548095703E+02    0.768766475014715489E+01    0.110659990298077027E+01    0.257892291992902756E-01    0.950444785538965498E+01    0.813931505437627578E+01   -0.171791397626883469E+01
    0.522930102096561076E-02    0.269753265380859375E+02    0.762368705943301883E+01    0.124757727233289017E+01    0.188662722706794739E+00    0.915302773815401771E+01    0.735990046711067869E+01   -0.160420780969195298E+01
    0.427803134612653960E-02    0.273768959045410156E+02    0.749426234260209867E+01    0.983118104180680241E+00    0.879679799079895020E+00    0.921948010276568830E+01    0.706584899762139340E+01   -0.114778404382425459E+01
    0.518622177370771029E-02    0.269918708801269531E+02    0.770763669530835127E+01    0.129899313193628085E+01    0.124853998422622681E+00    0.929809264853037831E+01    0.822310247791011228E+01   -0.134842296986937749E+01
    0.428161495332898736E-02    0.273752212524414062E+02    0.737367129279949207E+01    0.628705267315592287E+00    0.603607557713985443E-01    0.964199382129533689E+01    0.774151558725499633E+01   -0.118009594516836014E+00
    0.431344743104670070E-02    0.273604068756103516E+02    0.755194718382116470E+01    0.791879899130801923E+00    0.143262326717376709E+00    0.975059696702732026E+01    0.840286264278493356E+01   -0.104772740397215203E+01
    0.431610153475851539E-02    0.273591766357421875E+02    0.786420892792915005E+01    0.121881137196233613E+01    0.939535260200500488E+00    0.962183560129200011E+01    0.887363741122442029E+01   -0.112683557337973150E+01
    0.463312043525694519E-02    0.272174205780029297E+02    0.746047997454084211E+01    0.113719896527928888E+01    0.975962281227111816E+00    0.894340046697455548E+01    0.797868255220743450E+01   -0.120609915433635018E+01
    0.425803799517726275E-02    0.273862648010253906E+02    0.736394454660836750E+01    0.705860167063438348E+00    0.153470671176910400E+01    0.931884117108396026E+01    0.761995575448791485E+01   -0.775948249722692385E+00
    0.455666017785491193E-02    0.272507019042968750E+02    0.780345612346425810E+01    0.124221165858917448E+01    0.172013163566589355E+01    0.897959449671641252E+01    0.722949828724881716E+01   -0.650747496625082800E+00
    0.433000355102845097E-02    0.273527450561523438E+02    0.745726160196966692E+01    0.112049454155137007E+01    0.189116990566253662E+01    0.886418016421974819E+01    0.812566790435318786E+01   -0.927900276807073210E+00
    0.431881905232487338E-02    0.273579177856445312E+02    0.746684202547502007E+01    0.129988439705219916E+01    0.234461283683776855E+01    0.896736143322599588E+01    0.894796614481576036E+01   -0.129891139129007538E+01
    0.512746276642930213E-02    0.270146598815917969E+02    0.780722768009192425E+01    0.140049974159922219E+01    0.107749927043914795E+01    0.901852421918974656E+01    0.753442810448819333E+01   -0.130545814471941291E+01
    0.495358138613872546E-02    0.270836601257324219E+02    0.760049996722557797E+01    0.132506466077666829E+01    0.878132283687591553E+00    0.890737267216076489E+01    0.761757432174669802E+01   -0.120462194743111217E+01
    0.550481655535525229E-02    0.268726348876953125E+02    0.769721114137109019E+01    0.141463109536463505E+01    0.949902236461639404E+00    0.893993529828647659E+01    0.785586115849641953E+01   -0.133633504973312434E+01
    0.494884537592818214E-02    0.270855731964111328E+02    0.754719467104382158E+01    0.141407833733657329E+01    0.136225545406341553E+01    0.888314671005733025E+01    0.827856024380983868E+01   -0.808031787581887206E+00
    0.421537134707270552E-02    0.274064064025878906E+02    0.757234272395121089E+01    0.143340396956076943E+01    0.980567038059234619E+00    0.936735274251476291E+01    0.100743692616241436E+02    0.358934935221419948E-01
    0.427572277492380224E-02    0.273779754638671875E+02    0.795515252493544800E+01    0.156836915805839361E+01    0.620566129684448242E+00    0.937636959711287687E+01    0.866333921764893233E+01   -0.216595956569408665E+01
    0.516577598867247901E-02    0.269997711181640625E+02    0.787980439711018654E+01    0.142382606480626461E+01    0.108653831481933594E+01    0.903664506617145058E+01    0.715564038505152400E+01   -0.168366721280684861E+01
    0.529796072922990302E-02    0.269492378234863281E+02    0.791801296282745692E+01    0.141792011929473549E+01    0.106713914871215820E+01    0.919933681827888172E+01    0.814867219156832157E+01   -0.205160411124113384E+01
    0.427452411475558441E-02    0.273785362243652344E+02    0.805260392050920970E+01    0.132408830462706151E+01    0.232183456420898438E+01    0.911793405423756376E+01    0.738124831611722865E+01   -0.176447017117306260E+01
    0.518521783968912530E-02    0.269922580718994141E+02    0.806213720494531927E+01    0.140810343410529781E+01    0.235143613815307617E+01    0.905620244765320059E+01    0.812699563191677399E+01   -0.214926758139151985E+01
    0.478046955681001810E-02    0.271548042297363281E+02    0.793503783772290383E+01    0.134385458757438769E+01    0.256002020835876465E+01    0.946644308714248162E+01    0.921793126666794826E+01   -0.172993652096771022E+01
    0.519119980358155510E-02    0.269899520874023438E+02    0.779228640299193653E+01    0.136064598129493608E+01    0.906443297863006592E+00    0.913441649379359788E+01    0.730017360202866517E+01   -0.191915857214241514E+01
    0.485968877837228592E-02    0.271219329833984375E+02    0.796424802591099201E+01    0.136921318202106690E+01    0.347451567649841309E+01    0.917489483962365782E+01    0.896679477969167493E+01   -0.168057533935521364E+01
    0.432210706325943279E-02    0.273563957214355469E+02    0.783394184177805819E+01    0.140326477296180996E+01    0.669244945049285889E+00    0.917893856707889277E+01    0.724235917455797118E+01   -0.202703763798896830E+01
    0.508320541525803232E-02    0.270319976806640625E+02    0.785767057395144342E+01    0.131907688240554344E+01    0.168113291263580322E+01    0.895147112902377806E+01    0.723006032244846608E+01   -0.192405732550845276E+01
