

    0.566103868419779929E-02    0.278140335083007812E+02    0.927906913432028624E+01    0.615338320667928595E+01    0.193142783641815186E+01    0.799173100519829660E+01    0.968596269448872960E+01   -0.959628369402789394E+00
    0.563025120270931045E-02    0.278101253509521484E+02    0.848183303266050181E+01    0.642501795445530810E+01    0.638943970203399658E+00    0.768079194291592593E+01    0.102478114760013455E+02   -0.991449227933835830E+00
    0.559134926076330658E-02    0.278091773986816406E+02    0.957250905391127915E+01    0.634037174166754447E+01    0.210351252555847168E+01    0.855169690729852405E+01    0.102467013837043179E+02   -0.114105078250492520E+01
    0.555661495330357375E-02    0.278068256378173828E+02    0.876409411122384796E+01    0.645359055028729767E+01    0.710747539997100830E+00    0.824184888749200972E+01    0.102454007670516702E+02   -0.165811977161216229E+01
    0.553197425633586252E-02    0.278008995056152344E+02    0.900013212855091815E+01    0.601582341496796236E+01    0.232713028788566589E+00    0.823705146716032921E+01    0.758070774744794207E+01   -0.106975487782790424E+00
    0.549580028265145206E-02    0.277992057800292969E+02    0.891043957070804105E+01    0.650420782260457031E+01    0.909877657890319824E+00    0.824972122802587116E+01    0.886704764242324828E+01   -0.169767148072444063E+01
    0.545556882455607798E-02    0.277990856170654297E+02    0.883434849909188280E+01    0.585302198700537168E+01    0.934205055236816406E+00    0.811219959791225520E+01    0.911403223378030525E+01   -0.746440345326471189E-01
    0.542855397672569080E-02    0.277941989898681641E+02    0.878520244604530021E+01    0.588501733363302648E+01    0.119175410270690918E+01    0.735507911226471744E+01    0.964123016114500331E+01   -0.143606126299915182E+01
    0.539860866544935539E-02    0.277904472351074219E+02    0.830648742611239221E+01    0.599658706825398191E+01    0.541870951652526855E+00    0.751219245802388524E+01    0.985762232816936468E+01   -0.288417295080740654E+00
    0.537777570608727763E-02    0.277833652496337891E+02    0.875925270355432772E+01    0.602775630627294490E+01    0.569660425186157227E+00    0.835813128270969941E+01    0.941499687454839140E+01   -0.100331746172427194E+01
    0.534161659363639307E-02    0.277820434570312500E+02    0.920031134820279561E+01    0.608457910155447390E+01    0.188648772239685059E+01    0.788998504718311189E+01    0.937916018764649095E+01    0.598622025909527622E-01
    0.531718383364323480E-02    0.277763977050781250E+02    0.917087354472587002E+01    0.613349948096599462E+01    0.207259154319763184E+01    0.796363628170758986E+01    0.901377435031855967E+01   -0.132064106411570137E+01
    0.528749987847228469E-02    0.277727794647216797E+02    0.864253836549059073E+01    0.651196534631566593E+01    0.878763318061828613E+00    0.775204517198559984E+01    0.104020126522491978E+02   -0.106117675075622175E+01
    0.526404252650358988E-02    0.277668571472167969E+02    0.951873516731842884E+01    0.607714500251885248E+01    0.167102348804473877E+01    0.838256269686751843E+01    0.830630177139906678E+01   -0.192430749799577416E+00
    0.522751135185547163E-02    0.277659702301025391E+02    0.924896948085662274E+01    0.592408872201751979E+01    0.839882493019104004E+00    0.863934539818411551E+01    0.910078849324160011E+01    0.815061944064225941E-01
    0.521664350062226844E-02    0.277553176879882812E+02    0.873309120617682311E+01    0.603820560925364980E+01    0.926000416278839111E+00    0.807126978822396879E+01    0.100088945543504781E+02   -0.169765377003916185E+01
    0.518039679979067757E-02    0.277544479370117188E+02    0.850087419885084472E+01    0.598274511086102212E+01    0.409320116043090820E+00    0.809960496319199841E+01    0.957409038258056810E+01   -0.546409555305190198E+00
    0.515977109438595614E-02    0.277476119995117188E+02    0.863406848314592601E+01    0.644095491961391264E+01    0.801490783691406250E+00    0.786294172625849352E+01    0.863328195297600942E+01   -0.195118281808600291E+01
    0.512316708545283977E-02    0.277470359802246094E+02    0.916489046591266998E+01    0.577172043008273050E+01    0.179830634593963623E+01    0.825005146684163471E+01    0.962465647902579491E+01   -0.125700677089567137E+01
    0.510353331851959822E-02    0.277399005889892578E+02    0.911413654928061945E+01    0.612269706868332175E+01    0.990022838115692139E+00    0.798063076565780438E+01    0.715469263997218263E+01   -0.145568406060658351E+01
    0.506959041943757377E-02    0.277384319305419922E+02    0.907394331559932610E+01    0.582203740314456386E+01    0.538661956787109375E+00    0.848399349610617648E+01    0.821681525518841660E+01   -0.247081470330586139E+00
    0.505175157635956180E-02    0.277306671142578125E+02    0.880888609218467167E+01    0.599722032486111889E+01    0.128061866760253906E+01    0.789313462711785263E+01    0.842158490287978623E+01   -0.164641468556929693E+01
    0.501928261899225927E-02    0.277287483215332031E+02    0.913282149448082059E+01    0.598501582811212440E+01    0.699720859527587891E+00    0.804971308728882029E+01    0.720751780463059344E+01   -0.767579359749747114E+00
    0.498562903639115842E-02    0.277273883819580078E+02    0.932319036393746003E+01    0.614069585343041524E+01    0.140477728843688965E+01    0.843136207622623424E+01    0.101502155266424978E+02    0.201375283668530081E-01
    0.495770147273671188E-02    0.277238082885742188E+02    0.939828632014169507E+01    0.570282616088166883E+01    0.123718726634979248E+01    0.884980152164627398E+01    0.960329744574386268E+01   -0.112447357743064358E+01
    0.493998309039787430E-02    0.277161540985107422E+02    0.922960857809577995E+01    0.573961832629344038E+01    0.639108836650848389E+00    0.851014032911220752E+01    0.804878179242707859E+01   -0.806316652563788594E+00
    0.490763806633675182E-02    0.277144775390625000E+02    0.877508194865637670E+01    0.580939284277285140E+01    0.124017214775085449E+01    0.740715861070473913E+01    0.104939827428755095E+02   -0.755953093449426294E+00
    0.488593581860247237E-02    0.277085266113281250E+02    0.918828200614460577E+01    0.569733375911786233E+01    0.824166893959045410E+00    0.870642028231484133E+01    0.985342251744132014E+01   -0.734345342040327420E+00
    0.485295877994973337E-02    0.277072563171386719E+02    0.945293205505380740E+01    0.610128742667596136E+01    0.144282901287078857E+01    0.872356982240686207E+01    0.965242338271902511E+01   -0.984449898307552251E+00
    0.482089849851492346E-02    0.277056980133056641E+02    0.856551932809442107E+01    0.589966508372433207E+01    0.920625388622283936E+00    0.755399222633367007E+01    0.972259691398988402E+01   -0.382930477906554545E+00
    0.478701348271991928E-02    0.277049903869628906E+02    0.860549258207821843E+01    0.621743370550259833E+01    0.713305354118347168E+00    0.772566718207591752E+01    0.829519006581997331E+01    0.483321102336988773E-01
    0.475225160964677217E-02    0.277047519683837891E+02    0.846149736110942108E+01    0.636207501877256121E+01    0.381260901689529419E+00    0.801808080993289352E+01    0.941768502814301378E+01   -0.508112597926246634E+00
    0.472552317610405205E-02    0.277012176513671875E+02    0.925357561650862515E+01    0.548594999710258069E+01    0.230872440338134766E+01    0.775713430008754123E+01    0.981527346848095306E+01    0.922879652915442605E-02
    0.470700480747805912E-02    0.276942558288574219E+02    0.899129359286555463E+01    0.566334558542076660E+01    0.148222565650939941E+01    0.802739430143793520E+01    0.988798917110488063E+01   -0.265337820204785801E+00
    0.467227583452064273E-02    0.276942520141601562E+02    0.928367804216982151E+01    0.586614271697146705E+01    0.151684761047363281E+01    0.850963778486992517E+01    0.951827705033145222E+01   -0.995770136169983555E+00
    0.465931743906116119E-02    0.276849918365478516E+02    0.854140829325742601E+01    0.610474514499902288E+01    0.860522091388702393E+00    0.766965219047107460E+01    0.883443958480431313E+01   -0.168359404412151026E+01
    0.464640827672509627E-02    0.276757259368896484E+02    0.869436364395565242E+01    0.570587325668233092E+01    0.129191803932189941E+01    0.747091978634820109E+01    0.998773993889833811E+01   -0.125124955740065902E+01
    0.462714075369176272E-02    0.276692218780517578E+02    0.923560026903625086E+01    0.615776737640134098E+01    0.146117103099822998E+01    0.812006110767386247E+01    0.812442912276352303E+01    0.155863855685122843E+00
    0.460135294648730646E-02    0.276655845642089844E+02    0.872433527670749243E+01    0.590439777557605527E+01    0.708235502243041992E+00    0.816198099755432693E+01    0.101725597225332951E+02   -0.490262289031084375E+00
    0.457165674343951774E-02    0.276637191772460938E+02    0.813089022231877934E+01    0.623978032004372629E+01    0.329283654689788818E+00    0.755471033919362345E+01    0.996478328673071445E+01   -0.219169553096725700E+00
    0.454662040762974194E-02    0.276598873138427734E+02    0.829580081481179477E+01    0.625357837525122839E+01    0.462083160877227783E+00    0.756831628653037392E+01    0.783699667616359896E+01   -0.617423259756524789E+00
    0.451637284551492223E-02    0.276584224700927734E+02    0.937541272920524271E+01    0.572584689047505790E+01    0.113491344451904297E+01    0.864782411793965977E+01    0.898738738891583111E+01   -0.861270489415719709E-01
    0.449905594492092890E-02    0.276512908935546875E+02    0.870184254882624053E+01    0.645137670759042336E+01    0.756673157215118408E+00    0.805118191537281191E+01    0.871574806600235164E+01   -0.159986499950273631E+01
    0.447615853250139892E-02    0.276466808319091797E+02    0.949313186339026061E+01    0.571479169775096896E+01    0.185454702377319336E+01    0.857233487713853393E+01    0.968643902877512630E+01   -0.719201876222309355E+00
    0.446515759544004621E-02    0.276367874145507812E+02    0.877887577758204074E+01    0.645596271165844460E+01    0.106934237480163574E+01    0.759578318904872773E+01    0.101845415353894815E+02   -0.176263247844290749E+01
    0.443782986969006813E-02    0.276342506408691406E+02    0.884500569443006057E+01    0.610718937687219920E+01    0.304991751909255981E+00    0.858132038395505958E+01    0.899825639738183547E+01   -0.360674342034529305E+00
    0.440568769554172852E-02    0.276339740753173828E+02    0.868041425745943940E+01    0.597646128591663839E+01    0.122212779521942139E+01    0.758950403998475398E+01    0.777121992684300800E+01   -0.135745123014717128E+01
    0.437447913074584180E-02    0.276333770751953125E+02    0.921818698640142387E+01    0.605320546370889190E+01    0.882563233375549316E+00    0.856909839552787034E+01    0.957064251189661341E+01   -0.173481726196822450E-02
    0.435896568528323751E-02    0.276256675720214844E+02    0.865558089862377678E+01    0.613539538118208228E+01    0.385532230138778687E+00    0.828478591857042623E+01    0.101634078430229060E+02   -0.592273390340487094E+00
    0.432952885256032531E-02    0.276244049072265625E+02    0.906196600901589733E+01    0.609951019245601689E+01    0.684954702854156494E+00    0.853463512411493497E+01    0.100111781465674596E+02   -0.687657871755098293E+00
    0.431872353403481811E-02    0.276145877838134766E+02    0.905922278456540653E+01    0.635734426186316970E+01    0.121578979492187500E+01    0.833846521201312463E+01    0.909990508905783102E+01   -0.131356495678854213E+01
    0.429379047997294639E-02    0.276113529205322266E+02    0.849754934057470912E+01    0.617913915597214913E+01    0.716907382011413574E+00    0.774106215189157965E+01    0.861049099925982375E+01   -0.134826624750321655E+01
    0.427404861449862030E-02    0.276057548522949219E+02    0.885356584020300375E+01    0.634046595721417106E+01    0.119361662864685059E+01    0.751868927760408656E+01    0.909885508871061788E+01   -0.181332338712183949E+01
    0.425555400800836214E-02    0.275996131896972656E+02    0.950329912911092123E+01    0.599179296992016575E+01    0.150324845314025879E+01    0.856614482511398556E+01    0.916389389848098190E+01    0.110932410995552289E+00
    0.423682425647462814E-02    0.275936203002929688E+02    0.907349617587522417E+01    0.595772348693553244E+01    0.616304337978363037E+00    0.869639009580994937E+01    0.885386344386305524E+01   -0.115137065352905599E+01
    0.421102248816192931E-02    0.275910224914550781E+02    0.934858960847736320E+01    0.598709729683679281E+01    0.122946727275848389E+01    0.863560582114571673E+01    0.103092200871959534E+02   -0.100889789377283901E+01
    0.418104932566780614E-02    0.275904941558837891E+02    0.868924144574092949E+01    0.581783812644789755E+01    0.113042640686035156E+01    0.746206286737251467E+01    0.833680456785678814E+01   -0.204281122999863518E+01
    0.416197267477401087E-02    0.275848255157470703E+02    0.905075278803409233E+01    0.573257819798225654E+01    0.114281964302062988E+01    0.816851139111737368E+01    0.823222949322881803E+01   -0.895127158121371558E-01
    0.413281763388866769E-02    0.275840702056884766E+02    0.909287251906748750E+01    0.620622272025470334E+01    0.105663704872131348E+01    0.831692200503484713E+01    0.949528088490827571E+01   -0.401189977009308585E-01
    0.410376507072240677E-02    0.275833644866943359E+02    0.907364525646211106E+01    0.626490038660613102E+01    0.130851936340332031E+01    0.831501390765204107E+01    0.905933728732172128E+01   -0.161570358236385903E+01
    0.407541030913304621E-02    0.275824165344238281E+02    0.880367020755767271E+01    0.599540342942862203E+01    0.673622310161590576E+00    0.832438209995959610E+01    0.949097049629333966E+01   -0.102630013517157015E+01
    0.405140283274879869E-02    0.275794181823730469E+02    0.858821134727229918E+01    0.586624562990506515E+01    0.978850126266479492E+00    0.748322555516233567E+01    0.799659836782506694E+01   -0.111417398443734128E+01
    0.402410442649473593E-02    0.275781250000000000E+02    0.907199023514846736E+01    0.635962486500042434E+01    0.148739409446716309E+01    0.793097876908832333E+01    0.885396827656948915E+01   -0.106003953209624213E+01
    0.399633818805202306E-02    0.275771579742431641E+02    0.910249610652955177E+01    0.635602455126777510E+01    0.118876028060913086E+01    0.843458854832028138E+01    0.102035972958441619E+02   -0.135166098160674464E+01
    0.396745417400902380E-02    0.275768508911132812E+02    0.896313849371623306E+01    0.595632680270070747E+01    0.158324015140533447E+01    0.778103598362296012E+01    0.103141320457178018E+02   -0.188234161731876481E+01
    0.394311609321291133E-02    0.275743427276611328E+02    0.881799677286856110E+01    0.600797683820912276E+01    0.518177986145019531E+00    0.837022890307586032E+01    0.103699439226289361E+02   -0.386462161319240272E+00
    0.392051602131437017E-02    0.275710239410400391E+02    0.833180272912737507E+01    0.626074661176375002E+01    0.481287419795989990E+00    0.765604091124250008E+01    0.960332161914009319E+01   -0.519921189017886753E+00
    0.389351281131596711E-02    0.275700321197509766E+02    0.915223821315820274E+01    0.624109720337492302E+01    0.756151437759399414E+00    0.850056329876026773E+01    0.875133555676129582E+01   -0.863941872829454560E-01
    0.387061746309396706E-02    0.275670127868652344E+02    0.867958059609683552E+01    0.586585525878890834E+01    0.101608633995056152E+01    0.773731313787983321E+01    0.787959055093693550E+01   -0.625072615976242085E+00
    0.384792280170401279E-02    0.275639591217041016E+02    0.848238861792757781E+01    0.574946532433324276E+01    0.736535072326660156E+00    0.764495524220632827E+01    0.923332776629596097E+01   -0.362223478347761141E+00
    0.382234902203611691E-02    0.275624809265136719E+02    0.925232451127964950E+01    0.636153960088727022E+01    0.149831104278564453E+01    0.842904199071163518E+01    0.951592255548866106E+01   -0.188920177464807049E+01
    0.379589162983465754E-02    0.275615577697753906E+02    0.910945856903665785E+01    0.605349053967804274E+01    0.901335000991821289E+00    0.857573239657682329E+01    0.102746186765581236E+02   -0.116818590224184748E+01
    0.377159513105956119E-02    0.275595855712890625E+02    0.932978015165661212E+01    0.651276966247588085E+01    0.135199952125549316E+01    0.838431360763361511E+01    0.101576617877509161E+02   -0.640922856229998450E+00
    0.374580339237875690E-02    0.275584945678710938E+02    0.918814807859481775E+01    0.616547558819624264E+01    0.165912353992462158E+01    0.829587699891921737E+01    0.930285727987363131E+01   -0.177086812789500336E+01
    0.371945724349601178E-02    0.275577964782714844E+02    0.907747698662267943E+01    0.594884196785469488E+01    0.107086396217346191E+01    0.823751866985478998E+01    0.780292415534065498E+01   -0.123928017616245301E+01
    0.371235118827084815E-02    0.275468063354492188E+02    0.847960887192542323E+01    0.594598588715981791E+01    0.592007517814636230E+00    0.780674428636801832E+01    0.887617031458498218E+01   -0.267652971083857549E+00
    0.369355272137022062E-02    0.275421447753906250E+02    0.908131963229734218E+01    0.646389756816254746E+01    0.141477465629577637E+01    0.806646547757404697E+01    0.101651402931290598E+02   -0.114174143754583990E+01
    0.366800781502451710E-02    0.275412101745605469E+02    0.895384460644557123E+01    0.585068614144004506E+01    0.132276451587677002E+01    0.777253146082332869E+01    0.974620004867772138E+01    0.259543586297623641E-01
    0.365913263088983327E-02    0.275312404632568359E+02    0.863284989385279822E+01    0.630013619267337255E+01    0.930143058300018311E+00    0.747687065968296061E+01    0.870748076817446659E+01   -0.955896143444542323E+00
    0.365029980844919916E-02    0.275212593078613281E+02    0.920108388778313646E+01    0.600468152993724580E+01    0.888560950756072998E+00    0.864313834264215330E+01    0.924099879806673385E+01   -0.640439955990005361E+00
    0.363241133780266246E-02    0.275162696838378906E+02    0.935163067272951665E+01    0.627698303168103688E+01    0.256801867485046387E+01    0.775588569684488327E+01    0.909655437821953328E+01   -0.142495950701287133E+01
    0.361765565579591801E-02    0.275095958709716797E+02    0.880982423675294157E+01    0.625847931582047234E+01    0.951188147068023682E+00    0.805409346829536865E+01    0.102033907272174318E+02   -0.136275401526402828E+01
    0.359344776183754969E-02    0.275082092285156250E+02    0.879223960089290202E+01    0.600517727188124439E+01    0.660816669464111328E+00    0.826273555094447509E+01    0.102464664931808151E+02   -0.842015079678637424E+00
    0.357470589526891593E-02    0.275038528442382812E+02    0.930110706896781636E+01    0.582788726887820108E+01    0.865547120571136475E+00    0.873479777498178578E+01    0.945823832938352638E+01   -0.543977202422698314E+00
    0.355517336205771455E-02    0.274999961853027344E+02    0.913983329481683882E+01    0.608409921775609686E+01    0.207372260093688965E+01    0.780308086584131022E+01    0.777210473571727967E+01   -0.150937525468590428E+01
    0.353482376242124580E-02    0.274966621398925781E+02    0.864523017672989802E+01    0.593246627163112539E+01    0.533495008945465088E+00    0.813431164799620454E+01    0.874856441409907681E+01   -0.438493528373543162E+00
    0.351586119493773773E-02    0.274926052093505859E+02    0.878023859796807393E+01    0.582984298806403789E+01    0.104049062728881836E+01    0.788679236130771244E+01    0.779978078331473501E+01   -0.100687609331181127E+01
    0.349111570002391160E-02    0.274919166564941406E+02    0.889495760536726010E+01    0.624152542500099194E+01    0.226206690073013306E+00    0.860703320739219002E+01    0.862526089531810314E+01   -0.584437749715122079E+00
    0.347549189196786528E-02    0.274860725402832031E+02    0.888934413219556419E+01    0.575249579081488527E+01    0.129903328418731689E+01    0.804149351007584912E+01    0.961310483699717189E+01   -0.103536987020654103E+01
    0.345012228572983640E-02    0.274859104156494141E+02    0.898376132085028800E+01    0.630482804137620167E+01    0.147174012660980225E+01    0.744930146344552746E+01    0.949639342258093144E+01   -0.122512370025666062E+01
    0.343684776870052710E-02    0.274788055419921875E+02    0.912436803355813808E+01    0.647029052551545902E+01    0.118379449844360352E+01    0.827697741690657907E+01    0.971567952093021425E+01   -0.795546954498673298E+00
    0.341324751674120918E-02    0.274777717590332031E+02    0.864766121482626993E+01    0.591341576916550871E+01    0.627076148986816406E+00    0.806059164287367658E+01    0.864930674432696378E+01   -0.316840382755466221E+00
    0.338901092255617688E-02    0.274772090911865234E+02    0.942842402568031979E+01    0.626788394719627640E+01    0.161244893074035645E+01    0.839061422213561947E+01    0.102678008104220133E+02   -0.640759987235634432E+00
    0.336923646675711544E-02    0.274740982055664062E+02    0.869835988962274342E+01    0.597871509208070595E+01    0.102702319622039795E+01    0.772579084639156299E+01    0.100046427580090125E+02   -0.201081666151971872E+01
    0.334966044802375348E-02    0.274709377288818359E+02    0.907308132188516936E+01    0.623224833877116691E+01    0.939136981964111328E+00    0.791655703984347348E+01    0.717246016796913555E+01   -0.917937641991445341E+00
    0.332813445914509776E-02    0.274690170288085938E+02    0.861827130098990857E+01    0.592454820888246747E+01    0.728049814701080322E+00    0.779068708937531795E+01    0.779917385558073040E+01   -0.194655483344654101E+00
    0.330640938950199767E-02    0.274673004150390625E+02    0.889977345320191482E+01    0.583310732175198332E+01    0.170454680919647217E+01    0.762983929266753069E+01    0.864898668471889387E+01   -0.143258167392150848E+01
    0.328805748957521288E-02    0.274636173248291016E+02    0.902788269519805908E+01    0.613164871931076050E+01    0.303593754768371582E+00    0.832290019845579998E+01    0.774265697598457336E+01   -0.556525488005629398E+00
    0.328296201510627165E-02    0.274519042968750000E+02    0.914159288699483419E+01    0.636982135416565942E+01    0.140168309211730957E+01    0.828763970101717362E+01    0.854135461312123034E+01   -0.167301900605037979E+01
    0.326534744627222711E-02    0.274478492736816406E+02    0.879960009159948697E+01    0.573626633287066223E+01    0.934790194034576416E+00    0.809486984821317890E+01    0.945927461533773162E+01   -0.519558541705928745E+00
    0.325428251733006447E-02    0.274398231506347656E+02    0.876622781826844388E+01    0.645497662983052933E+01    0.579399764537811279E+00    0.820837847663776188E+01    0.101445886166110064E+02   -0.616635359945941541E+00
    0.323135650571348965E-02    0.274391479492187500E+02    0.867227118934275332E+01    0.608068135225215212E+01    0.667941570281982422E+00    0.788008184222944763E+01    0.788291196872691025E+01   -0.400084298980837971E+00
    0.322572742914670587E-02    0.274278202056884766E+02    0.871072051740295272E+01    0.599914294533442582E+01    0.953095912933349609E+00    0.788351547517205908E+01    0.782528891272952443E+01   -0.121277094221679027E+01
    0.320254747830174286E-02    0.274274291992187500E+02    0.878457406650743344E+01    0.609331359212658707E+01    0.104985868930816650E+01    0.795473939511988171E+01    0.100646177765948348E+02   -0.152343557420386944E+01
    0.318534006734247192E-02    0.274233894348144531E+02    0.901558948567264018E+01    0.554625785318858355E+01    0.188579368591308594E+01    0.768040196617632542E+01    0.992465680374428061E+01   -0.101141148290437255E+01
    0.317230065279529771E-02    0.274167785644531250E+02    0.910398590686525822E+01    0.590032522281196403E+01    0.675525665283203125E+00    0.864578016959893247E+01    0.920986837254859658E+01   -0.467478788040718740E+00
    0.314959773769883699E-02    0.274163284301757812E+02    0.878125795926507280E+01    0.639936807957017084E+01    0.111900758743286133E+01    0.736500637948517323E+01    0.988113264055360219E+01   -0.162735360843703125E+01
    0.313339789863967873E-02    0.274118270874023438E+02    0.886283871926352873E+01    0.615983601541000070E+01    0.838538885116577148E+00    0.818031459808616646E+01    0.975240286936187317E+01   -0.197318110231167410E+00
    0.311535555744214213E-02    0.274085617065429688E+02    0.891433278914698946E+01    0.578078177199627952E+01    0.143376672267913818E+01    0.798322074708369467E+01    0.950081707536910791E+01   -0.126603965542916108E+01
    0.309295398615119224E-02    0.274081802368164062E+02    0.908104459324674806E+01    0.632431130274272402E+01    0.612682938575744629E+00    0.874621658894954557E+01    0.989251159438970262E+01   -0.116237927163611920E+01
    0.307200815015226019E-02    0.274069557189941406E+02    0.898680625640377428E+01    0.624125361435387394E+01    0.292099297046661377E+00    0.805095317747122152E+01    0.724634574851574520E+01   -0.761708209975589412E+00
    0.304960125278784999E-02    0.274067821502685547E+02    0.902936161898451672E+01    0.632688220746886909E+01    0.588581323623657227E+00    0.857201164366291124E+01    0.104975366306209743E+02   -0.772261948869471748E+00
    0.302960479661723396E-02    0.274051246643066406E+02    0.893972235118892300E+01    0.630041393464502431E+01    0.119257342815399170E+01    0.813644323520710877E+01    0.974784220152078973E+01   -0.179452308796872728E+01
    0.301689790335204567E-02    0.273987159729003906E+02    0.841895713168657878E+01    0.605121286960079097E+01    0.632134318351745605E+00    0.759903840642512574E+01    0.866472326248279323E+01   -0.332551034338389284E+00
    0.299885135905139395E-02    0.273959007263183594E+02    0.924256292637560684E+01    0.601004656259054570E+01    0.101797521114349365E+01    0.832198141266370683E+01    0.792531639400410537E+01   -0.390459662856011747E+00
    0.299118162159221768E-02    0.273862075805664062E+02    0.868985305991811430E+01    0.634790123923500449E+01    0.641084611415863037E+00    0.805967829233017063E+01    0.996553285707815206E+01   -0.507268291954661388E+00
    0.297375964593339908E-02    0.273830757141113281E+02    0.888600003162398089E+01    0.618235463917626227E+01    0.609540224075317383E+00    0.831719675303312300E+01    0.828034199297048801E+01   -0.962551387484697152E+00
    0.295376466746719935E-02    0.273817539215087891E+02    0.909776134819522753E+01    0.556228934374409167E+01    0.188144600391387939E+01    0.783546174572048670E+01    0.997333201784645595E+01   -0.730130184920517289E+00
    0.293551061668490465E-02    0.273793373107910156E+02    0.879801308535579629E+01    0.595431213788412617E+01    0.132076287269592285E+01    0.781945545960199162E+01    0.870015549881795636E+01   -0.143924239245028951E+01
    0.291916445870540496E-02    0.273756904602050781E+02    0.911242674737646752E+01    0.619911144176872320E+01    0.376664817333221436E+00    0.845389225486241003E+01    0.787105287614954374E+01   -0.114093745051486195E+01
    0.290072032057680238E-02    0.273735523223876953E+02    0.912622081039578603E+01    0.623385412949688256E+01    0.754464268684387207E+00    0.844034764520459113E+01    0.833526868948752764E+01   -0.419008225405596235E+00
    0.288008185021227390E-02    0.273730182647705078E+02    0.891816225207830193E+01    0.639395116476523118E+01    0.135974621772766113E+01    0.768644553814386366E+01    0.891902294143389263E+01   -0.168652015779022735E+01
    0.285988749274880506E-02    0.273722763061523438E+02    0.886268824768776042E+01    0.643735101680170807E+01    0.101636564731597900E+01    0.811501144529826135E+01    0.927788678354189500E+01   -0.154776403583691780E+01
    0.284063920500187903E-02    0.273709678649902344E+02    0.903228371178765954E+01    0.602069965608225566E+01    0.924607634544372559E+00    0.836519745005253945E+01    0.867021541903061532E+01   -0.636861302224494219E+00
    0.282715256738318719E-02    0.273656711578369141E+02    0.878141346259352495E+01    0.642118954154142063E+01    0.658690869808197021E+00    0.805156657366855022E+01    0.810059392010061252E+01   -0.692356240803462031E+00
    0.280911564820774751E-02    0.273636569976806641E+02    0.887448303254345383E+01    0.571796669531628154E+01    0.169510841369628906E+01    0.758320349062642052E+01    0.876770908374582802E+01   -0.116730170143189693E+01
    0.279411275905888223E-02    0.273595523834228516E+02    0.903269232022257995E+01    0.649581466922535000E+01    0.108682477474212646E+01    0.805994726641166004E+01    0.835907288287836714E+01   -0.664508540102171530E+00
    0.279316368460026708E-02    0.273454170227050781E+02    0.884178652561221234E+01    0.606506402256341293E+01    0.129700350761413574E+01    0.772110170347891156E+01    0.910580093274156432E+01   -0.134390987519105032E+01
    0.277294138023887523E-02    0.273451347351074219E+02    0.872530890905177436E+01    0.607167342126833365E+01    0.668327450752258301E+00    0.793380779579216799E+01    0.777908401905572688E+01   -0.465731712389866326E+00
    0.275357704220994225E-02    0.273443355560302734E+02    0.899214658265192490E+01    0.627963010130812904E+01    0.172427153587341309E+01    0.756498346111476216E+01    0.969231757633631119E+01   -0.185905952180255341E+01
    0.276009929644461258E-02    0.273247890472412109E+02    0.922337233505002985E+01    0.603499934012112327E+01    0.668087363243103027E+00    0.884131645507597419E+01    0.998937186315280456E+01   -0.105053843897642984E+01
    0.274043781569908084E-02    0.273242721557617188E+02    0.912445196356589250E+01    0.615418787317028748E+01    0.924652457237243652E+00    0.794196425289519770E+01    0.713535703964366963E+01   -0.869925460253443861E+00
    0.272111620507333287E-02    0.273236083984375000E+02    0.919600647028665463E+01    0.599766814356313560E+01    0.194340789318084717E+01    0.798634997623754916E+01    0.101354106046035959E+02   -0.807546793747260239E+00
    0.270586582402891108E-02    0.273200340270996094E+02    0.916067111660774636E+01    0.568627158159337753E+01    0.113986992835998535E+01    0.848068272747277874E+01    0.102966484279228059E+02   -0.533287051346311713E+00
    0.268724922248137583E-02    0.273190269470214844E+02    0.903889311995454214E+01    0.553656109371217209E+01    0.190253412723541260E+01    0.752692678454419806E+01    0.933634544106966757E+01   -0.958212371449374434E+00
    0.268090305587787014E-02    0.273089408874511719E+02    0.882692251302738207E+01    0.581904002457088332E+01    0.124372339248657227E+01    0.790761873466988430E+01    0.930077902045674065E+01   -0.112339440062642981E+01
    0.266545096220343085E-02    0.273056869506835938E+02    0.897497492168526989E+01    0.621305635168349379E+01    0.127965724468231201E+01    0.755352223367239084E+01    0.899460215746576530E+01    0.137266111581265005E+00
    0.265449671414842497E-02    0.272991085052490234E+02    0.928022989488117744E+01    0.599647302164734430E+01    0.143606388568878174E+01    0.836865320874343332E+01    0.100178606639241465E+02   -0.189867991995944507E-01
    0.263746322234719626E-02    0.272971687316894531E+02    0.896362585652186183E+01    0.631425093714558461E+01    0.106188440322875977E+01    0.798847768326959518E+01    0.943243667577560529E+01   -0.115034365842735298E+00
    0.261845307991682335E-02    0.272968215942382812E+02    0.865954262007323194E+01    0.625800772401421490E+01    0.990465879440307617E+00    0.748600229343504076E+01    0.922150616055102645E+01   -0.116112743729417423E+01
    0.260462248005328099E-02    0.272925987243652344E+02    0.942115991146216558E+01    0.633916613669620510E+01    0.124436211585998535E+01    0.868419316578754952E+01    0.103383234192635314E+02   -0.818883060942855012E+00
    0.260238482204208253E-02    0.272795028686523438E+02    0.899796121399270099E+01    0.615307682091629982E+01    0.507349610328674316E+00    0.859934233107161994E+01    0.100217767951665060E+02   -0.565344222681120057E+00
    0.258796522183465851E-02    0.272758007049560547E+02    0.921351284405686854E+01    0.599682393602999220E+01    0.821654438972473145E+00    0.869731634126535269E+01    0.944475027864233851E+01   -0.662072070252760936E+00
    0.257198159632984107E-02    0.272733764648437500E+02    0.887272936532059475E+01    0.594735774506379489E+01    0.141909694671630859E+01    0.755201845879127465E+01    0.712495864552414204E+01   -0.220927355899145361E-01
    0.256176326137066588E-02    0.272665233612060547E+02    0.914113489988563543E+01    0.621151553847550275E+01    0.160809266567230225E+01    0.805060345967779156E+01    0.908710982518127608E+01   -0.536560687308447637E+00
    0.254425213616103849E-02    0.272654266357421875E+02    0.920923841578593461E+01    0.613144957096225784E+01    0.186122262477874756E+01    0.808470374049863949E+01    0.989223516024360627E+01   -0.962949720693770717E+00
    0.253694168942836078E-02    0.272563667297363281E+02    0.914908180999914755E+01    0.585181787145889842E+01    0.193789601325988770E+01    0.801963715268730937E+01    0.967302858940085741E+01   -0.141939269420667480E+01
    0.252304591207826385E-02    0.272525367736816406E+02    0.882962702518078579E+01    0.637767794812424160E+01    0.109215474128723145E+01    0.780619813506673488E+01    0.847743933356785462E+01   -0.258371574523130976E+00
    0.251944349996939760E-02    0.272405796051025391E+02    0.898002429445557837E+01    0.620842377804062551E+01    0.706195235252380371E+00    0.856910743193552094E+01    0.101381338168075814E+02   -0.124544924646505728E+01
    0.250272044202077236E-02    0.272390842437744141E+02    0.897193438314160119E+01    0.634009335114756922E+01    0.134247791767120361E+01    0.783948394587648867E+01    0.889821902029540723E+01   -0.893609220611111255E-01
    0.248479760215582733E-02    0.272386436462402344E+02    0.878441532157588867E+01    0.574677172160479266E+01    0.137218320369720459E+01    0.744146274748088832E+01    0.847353799171079025E+01   -0.166440492062326895E+01
    0.246669022231237522E-02    0.272384567260742188E+02    0.919467700781653541E+01    0.573705767223794005E+01    0.220626735687255859E+01    0.781363399613196297E+01    0.103881261774221159E+02   -0.109944774060987016E+01
    0.244855600210651218E-02    0.272383995056152344E+02    0.870563461556466223E+01    0.625970304163366542E+01    0.654651165008544922E+00    0.807184581513290311E+01    0.890286427153134596E+01   -0.522115711761574675E+00
    0.243369564048106753E-02    0.272357597351074219E+02    0.875833306813339263E+01    0.606624228474359217E+01    0.135460877418518066E+01    0.737257270454523006E+01    0.741085604021287470E+01   -0.122161368556378447E+01
    0.241918615687468710E-02    0.272329044342041016E+02    0.921871205721983245E+01    0.616240704726400512E+01    0.147500729560852051E+01    0.805943820287514257E+01    0.837559079860889177E+01    0.138477216114283763E+00
    0.240204478917261516E-02    0.272323112487792969E+02    0.905605682732197792E+01    0.628860959489045168E+01    0.151086223125457764E+01    0.796440993256986651E+01    0.907112280642142288E+01   -0.786505434181476115E+00
    0.238457911063648300E-02    0.272320919036865234E+02    0.956709214483381487E+01    0.624936836807473295E+01    0.174758923053741455E+01    0.859586424243068414E+01    0.995798296618147738E+01   -0.802021701082654692E+00
    0.236844176340551393E-02    0.272308578491210938E+02    0.910911696187829278E+01    0.635103055370026315E+01    0.565584838390350342E+00    0.878003863993994038E+01    0.973090894883188717E+01   -0.117791020223052278E+01
    0.235149175199403241E-02    0.272304077148437500E+02    0.932542735209540119E+01    0.615921803197313356E+01    0.166602337360382080E+01    0.825283382395840803E+01    0.944249037471169927E+01   -0.688087076944916554E-01
    0.233573201376212824E-02    0.272290420532226562E+02    0.947702468755447036E+01    0.616934239300689402E+01    0.220552182197570801E+01    0.832614961819694877E+01    0.918274155306781381E+01   -0.138386384891448211E+01
    0.231888561332790162E-02    0.272287044525146484E+02    0.912456858047086428E+01    0.589552771088360750E+01    0.166544675827026367E+01    0.812089183611718290E+01    0.921496229921884691E+01   -0.115069603052415581E+01
    0.230267891611356549E-02    0.272279167175292969E+02    0.911364633755276898E+01    0.636057438383372187E+01    0.122371900081634521E+01    0.807805553780503161E+01    0.875300201114050580E+01    0.836568331920410913E-01
    0.228789425666285238E-02    0.272259845733642578E+02    0.855840913403335435E+01    0.621310902110351204E+01    0.665746688842773438E+00    0.781335327382495937E+01    0.864763338996932163E+01   -0.347126431742512676E+00
    0.227486357024856648E-02    0.272225933074951172E+02    0.907545238288036060E+01    0.583774004742044639E+01    0.182071101665496826E+01    0.772507071710350779E+01    0.839507032124837238E+01   -0.101114976690080116E+01
    0.226020577036755961E-02    0.272207069396972656E+02    0.889407705447229269E+01    0.633642778694838693E+01    0.637604296207427979E+00    0.832101443571311528E+01    0.975841358793756974E+01   -0.437382508180564455E+00
    0.224600651966179151E-02    0.272184963226318359E+02    0.878951148299258733E+01    0.599842217485741536E+01    0.772094786167144775E+00    0.805544687392954017E+01    0.839739574605726702E+01   -0.578958131235139728E+00
    0.224824120173286717E-02    0.272016925811767578E+02    0.933033602856657929E+01    0.620344886114919358E+01    0.170123314857482910E+01    0.817611127820431882E+01    0.888335059932245663E+01   -0.874523112535912084E-01
    0.223478196820750324E-02    0.271988868713378906E+02    0.920677570587107397E+01    0.577386840699527770E+01    0.175568556785583496E+01    0.821880080102316590E+01    0.991533961590722512E+01   -0.104864783362434100E+01
    0.222006694081655024E-02    0.271972846984863281E+02    0.905336537654743978E+01    0.599738960752553929E+01    0.168542027473449707E+01    0.776201931750383078E+01    0.980235127801934070E+01    0.802294902213107619E-02
    0.220495879544941415E-02    0.271961269378662109E+02    0.886079806488091037E+01    0.606728573412607552E+01    0.136940491199493408E+01    0.788108855777096551E+01    0.924483194398655073E+01   -0.148332719085690190E+01
    0.219567506882958939E-02    0.271897506713867188E+02    0.941191209847625387E+01    0.642044905607730421E+01    0.179893612861633301E+01    0.845153603122650665E+01    0.978439942640553895E+01   -0.147623406886704345E+01
    0.218049376321443646E-02    0.271888122558593750E+02    0.909437227930105685E+01    0.617018820580395211E+01    0.155519306659698486E+01    0.774641688741798351E+01    0.840155871525930920E+01   -0.162447330881984708E+00
    0.217230100456368555E-02    0.271815261840820312E+02    0.912150142155852350E+01    0.621039912473446254E+01    0.154483079910278320E+01    0.799987663831794205E+01    0.795240440601551946E+01   -0.821766209525740532E+00
    0.217196494468125311E-02    0.271670207977294922E+02    0.872734164125306400E+01    0.612177214758347610E+01    0.124935173988342285E+01    0.751531646142607190E+01    0.830319898140629853E+01   -0.134167329725881412E+01
    0.215930003734119379E-02    0.271639022827148438E+02    0.914312038305636143E+01    0.574131812695298116E+01    0.138699388504028320E+01    0.822716535039885422E+01    0.945559294287952667E+01   -0.499667008800343426E+00
    0.214846420016074485E-02    0.271591491699218750E+02    0.900986188224412743E+01    0.556441773243146365E+01    0.184900164604187012E+01    0.755203554611702277E+01    0.103248758253472097E+02   -0.907624321569744152E+00
    0.213291761015842185E-02    0.271588592529296875E+02    0.886177448212078822E+01    0.586628684998798544E+01    0.116447997093200684E+01    0.793648353858294620E+01    0.901383392137696049E+01   -0.110371844596361068E+00
    0.211815204095666329E-02    0.271579380035400391E+02    0.922159194855078646E+01    0.608904987062228020E+01    0.178471708297729492E+01    0.794687391045361569E+01    0.100413030337090046E+02   -0.690344020268958580E+00
    0.210425112403829625E-02    0.271562919616699219E+02    0.902894686137778280E+01    0.569200353126454583E+01    0.144203186035156250E+01    0.807382940194038667E+01    0.104341054229736159E+02   -0.785464223073085499E+00
    0.209592103752132951E-02    0.271494102478027344E+02    0.883696762694651206E+01    0.643674416933327098E+01    0.129189896583557129E+01    0.764072154091950217E+01    0.948701044790564652E+01   -0.196189512540189792E+01
    0.208250162901360471E-02    0.271474418640136719E+02    0.897933107027300181E+01    0.653014264057341443E+01    0.154882490634918213E+01    0.773497462558698423E+01    0.101831399623117917E+02   -0.134067171334629975E+01
    0.207630011458043032E-02    0.271385917663574219E+02    0.888667463792229562E+01    0.583191174792708633E+01    0.117972624301910400E+01    0.805642237529234073E+01    0.103796782234649978E+02   -0.985591111577273304E+00
    0.206221557385284507E-02    0.271373901367187500E+02    0.904191168258146050E+01    0.584410464617989867E+01    0.184409284591674805E+01    0.765113115487945095E+01    0.960222861750861334E+01   -0.134657405409960873E+01
    0.205939486438629082E-02    0.271253128051757812E+02    0.933626033817827405E+01    0.612766933728106977E+01    0.226926684379577637E+01    0.764585196789152910E+01    0.861780425405294004E+01    0.995173330460419336E-01
    0.204496859440281026E-02    0.271245574951171875E+02    0.919444899099311819E+01    0.571694379500651984E+01    0.240010690689086914E+01    0.760307914095154125E+01    0.809806555516914628E+01   -0.161055807820929386E+01
    0.203289298767591340E-02    0.271215877532958984E+02    0.880922741666818965E+01    0.578882047589412707E+01    0.138291382789611816E+01    0.769016155951429692E+01    0.961565999957709749E+01   -0.963944522127454073E+00
    0.202173300823280935E-02    0.271177825927734375E+02    0.913384116987795025E+01    0.602048798592365308E+01    0.839999556541442871E+00    0.855060637327303219E+01    0.983084562850377708E+01   -0.685192098264002958E+00
    0.201657769321971674E-02    0.271080741882324219E+02    0.900680865208758163E+01    0.574975726770099538E+01    0.173478055000305176E+01    0.778342586965049321E+01    0.102612888455028681E+02   -0.672100875972890366E+00
    0.200660349964290174E-02    0.271031761169433594E+02    0.878450330481644315E+01    0.601326831054356425E+01    0.863882005214691162E+00    0.795422524937785003E+01    0.876753418908474735E+01   -0.384240927736972937E+00
    0.199480199927973799E-02    0.271001586914062500E+02    0.882902547775523949E+01    0.566556996919205247E+01    0.141741096973419189E+01    0.756383999209604951E+01    0.871802554959876375E+01   -0.376217243342016783E+00
    0.198366761760803605E-02    0.270965385437011719E+02    0.881874084416067916E+01    0.603287715529542012E+01    0.119723117351531982E+01    0.789860977073064596E+01    0.101574729596306028E+02   -0.137524653589563917E+01
    0.197755484403501925E-02    0.270878963470458984E+02    0.889369914507456727E+01    0.633682000330003703E+01    0.956322669982910156E+00    0.811764455001794261E+01    0.894366780883783363E+01   -0.932539818045217128E+00
    0.196434994390067919E-02    0.270864810943603516E+02    0.902644516573013789E+01    0.612725834546815395E+01    0.146161389350891113E+01    0.803276367953029968E+01    0.802759630643976507E+01   -0.111506653148377777E+01
    0.194990131062800442E-02    0.270864315032958984E+02    0.869848025023772031E+01    0.623501460832115573E+01    0.109573793411254883E+01    0.744808913323306854E+01    0.949541125713302669E+01   -0.109583796461222915E+01
    0.193696972926204526E-02    0.270849246978759766E+02    0.928557040287221369E+01    0.615575038403612762E+01    0.161681616306304932E+01    0.817983678732526265E+01    0.828504550401671658E+01   -0.225312944393099457E+00
    0.192656782824382022E-02    0.270808792114257812E+02    0.893171333016967139E+01    0.621106306939455610E+01    0.875487267971038818E+00    0.817226707928480245E+01    0.955766293703619851E+01   -0.618785923477066513E+00
    0.192126303605119294E-02    0.270715789794921875E+02    0.920703598023017378E+01    0.622507499257847652E+01    0.218482160568237305E+01    0.774894040608212187E+01    0.821175652562423508E+01   -0.162664349139908615E+01
    0.191042616398895112E-02    0.270680770874023438E+02    0.865311253195605268E+01    0.596515921023861839E+01    0.105733752250671387E+01    0.732123870902867147E+01    0.722637613399323975E+01   -0.163258286581877177E+01
    0.189885889208881321E-02    0.270654087066650391E+02    0.892745607689632514E+01    0.622761262664334492E+01    0.711311042308807373E+00    0.833625249497154286E+01    0.102168989102254759E+02   -0.622241167343802859E+00
    0.189209058427324906E-02    0.270577354431152344E+02    0.877164105189975984E+01    0.586756775191675928E+01    0.126069068908691406E+01    0.759186581327347643E+01    0.862220811192848835E+01   -0.276249653946155860E+00
    0.188321696730380460E-02    0.270523223876953125E+02    0.885112845297080142E+01    0.628692501494052358E+01    0.978275418281555176E+00    0.800184573152478151E+01    0.893437411859849995E+01   -0.466623749054078329E+00
    0.187069551799740248E-02    0.270508499145507812E+02    0.900423601849610655E+01    0.634290761290274130E+01    0.111654853820800781E+01    0.816876524194148068E+01    0.100906281597825380E+02   -0.871806987634809794E+00
    0.186037272809473977E-02    0.270471019744873047E+02    0.904458476142007584E+01    0.606167055707618374E+01    0.168285894393920898E+01    0.773467534220599973E+01    0.741740987126774520E+01   -0.803927709653665667E+00
    0.185058687985473723E-02    0.270428352355957031E+02    0.901922901975060576E+01    0.607799633920626903E+01    0.133135497570037842E+01    0.803898711702530022E+01    0.844008880742613954E+01   -0.471705341906836217E+00
    0.183908900030995250E-02    0.270404853820800781E+02    0.927691132479561631E+01    0.589810010720770439E+01    0.216066193580627441E+01    0.780392102370129859E+01    0.102555002628842828E+02   -0.488471547308209075E-01
    0.182842266199540263E-02    0.270373039245605469E+02    0.864552400671634658E+01    0.634622002792248541E+01    0.746155977249145508E+00    0.777663169601798465E+01    0.910242876089774100E+01   -0.519739320301685348E+00
    0.181584814392133980E-02    0.270362911224365234E+02    0.920644713014002036E+01    0.620708906080600897E+01    0.157222080230712891E+01    0.816367582080667553E+01    0.792715355325117876E+01   -0.138747843822782535E+01
    0.180378838952489602E-02    0.270348033905029297E+02    0.894120440276496353E+01    0.649314966040668828E+01    0.128241372108459473E+01    0.750512957855826457E+01    0.926932816126804582E+01   -0.425415099380734851E-01
    0.179187366430329752E-02    0.270332431793212891E+02    0.915708058834275640E+01    0.597559401109815092E+01    0.155942106246948242E+01    0.814116797491127642E+01    0.938567380494048820E+01   -0.214373807425900065E+00
    0.177924165528109217E-02    0.270325775146484375E+02    0.886535678860777310E+01    0.630145555386045242E+01    0.885829150676727295E+00    0.794082015287424881E+01    0.786137741884138741E+01   -0.180225027651641945E+00
    0.176917210932133698E-02    0.270291137695312500E+02    0.880443897514663654E+01    0.610061885037755314E+01    0.119369935989379883E+01    0.739061261583881457E+01    0.993323931668983562E+01   -0.199971126501270935E+01
    0.175681908912250469E-02    0.270283126831054688E+02    0.878794018698532042E+01    0.601348046992278285E+01    0.128503680229187012E+01    0.774895583736072080E+01    0.101057768473206924E+02   -0.167812064979990883E+01
    0.174755128331729515E-02    0.270240764617919922E+02    0.898706302767442011E+01    0.614407742964344372E+01    0.134015464782714844E+01    0.768389440943297508E+01    0.723978912279669284E+01   -0.384345267711450722E+00
    0.173613882233912098E-02    0.270223655700683594E+02    0.924995968107821831E+01    0.610861518654309688E+01    0.188269627094268799E+01    0.787022945425435783E+01    0.803535522211725883E+01   -0.659703660849180196E-01
    0.172507890115982461E-02    0.270203323364257812E+02    0.898587151523717509E+01    0.575263916917345242E+01    0.159561860561370850E+01    0.785657023798916043E+01    0.102741607955824250E+02   -0.246385134371683634E+00
    0.171387203718435430E-02    0.270185527801513672E+02    0.887473573306946406E+01    0.648698313626876555E+01    0.133216857910156250E+01    0.778100957419826411E+01    0.911881323599475024E+01   -0.115885507216291583E+01
    0.170855154645032856E-02    0.270099563598632812E+02    0.903115252924438039E+01    0.568011738141732003E+01    0.191112351417541504E+01    0.755353347817268350E+01    0.782644620175927486E+01   -0.206203001807601982E+00
    0.169667843346193200E-02    0.270090885162353516E+02    0.926292460282647312E+01    0.633337542885926652E+01    0.897215783596038818E+00    0.863147619370758967E+01    0.101047324085919570E+02   -0.676925327141845168E+00
    0.168589079240380382E-02    0.270070304870605469E+02    0.917041458002791821E+01    0.639484320012993557E+01    0.162200045585632324E+01    0.769842054959723487E+01    0.793288458424300114E+01    0.187791044317043632E+00
    0.167618810179738465E-02    0.270037593841552734E+02    0.926077251636325727E+01    0.598037231238248967E+01    0.200936126708984375E+01    0.814190994799273682E+01    0.102208316139104163E+02   -0.119972995261705195E+01
    0.167151215251048839E-02    0.269945316314697266E+02    0.921347932481573295E+01    0.630804244313318740E+01    0.164588558673858643E+01    0.827915547450717426E+01    0.918234074371531861E+01   -0.118418024139884848E+01
    0.165960043997075710E-02    0.269940204620361328E+02    0.910500623187935432E+01    0.631585360583015998E+01    0.177435362339019775E+01    0.793274841580610879E+01    0.986424022720533600E+01   -0.151821229667654167E+01
    0.165615965324214021E-02    0.269833564758300781E+02    0.893383504506527260E+01    0.621758950215395245E+01    0.139586699008941650E+01    0.754896289012447586E+01    0.102416983540612705E+02   -0.184553491570086270E+01
    0.164602987871743131E-02    0.269808120727539062E+02    0.887818534059633890E+01    0.641092375642245571E+01    0.107536470890045166E+01    0.777680437550600523E+01    0.904752008815493980E+01   -0.511493570994354663E-01
    0.176289069675734044E-02    0.268436164855957031E+02    0.914330852423623774E+01    0.592933222323355302E+01    0.173656201362609863E+01    0.780899549999461406E+01    0.857214227080505253E+01   -0.421811821295538181E+00
    0.214080133454362361E-02    0.264551658630371094E+02    0.903901365528041367E+01    0.570781903126161083E+01    0.176948058605194092E+01    0.763047908812325915E+01    0.807547642551347522E+01   -0.176230683035448088E+00
    0.252103746622433633E-02    0.261281852722167969E+02    0.895749939410928597E+01    0.598508101603481446E+01    0.147347295284271240E+01    0.756210517721221009E+01    0.836437115150695476E+01   -0.612254008582135745E+00
    0.277021519099217382E-02    0.259396762847900391E+02    0.896189276098718324E+01    0.593377935407056256E+01    0.163795757293701172E+01    0.740777918348955211E+01    0.714510194118605657E+01   -0.122961063548145955E+00
    0.196961039627605418E-02    0.266218547821044922E+02    0.871160098351568024E+01    0.602063347721923225E+01    0.108147656917572021E+01    0.757511542900082357E+01    0.816392530820468387E+01   -0.241729982983106995E+00
    0.167142881929750156E-02    0.269501686096191406E+02    0.882925156161812197E+01    0.598539043107049906E+01    0.109697663784027100E+01    0.772881307591570454E+01    0.786154355215101042E+01    0.638067543177607277E-01
    0.187908560599160906E-02    0.267159557342529297E+02    0.905847945890991468E+01    0.588680187009935629E+01    0.184490156173706055E+01    0.757470536182542098E+01    0.834618798647319871E+01   -0.396000578387421420E+00
    0.167270450486037758E-02    0.269486427307128906E+02    0.898741548760701114E+01    0.592322983459946784E+01    0.127469134330749512E+01    0.795736228228714104E+01    0.882270271332176925E+01    0.310000464479349702E-01
    0.182971046436303307E-02    0.267692108154296875E+02    0.921964465604582450E+01    0.608753503895460835E+01    0.126438510417938232E+01    0.835894203047586437E+01    0.861657114246657763E+01   -0.666658959614673696E+00
    0.224180598530369967E-02    0.263629627227783203E+02    0.892520851789891800E+01    0.617281160109332561E+01    0.114854073524475098E+01    0.788828411062998125E+01    0.789623608391342202E+01   -0.361910462551393586E+00
    0.237026130988000428E-02    0.262515258789062500E+02    0.922601808277301672E+01    0.625039990551594205E+01    0.189286625385284424E+01    0.780413872427752597E+01    0.860611641715460252E+01   -0.580997019393979519E+00
    0.203938968565881484E-02    0.265522251129150391E+02    0.912360692280068264E+01    0.600471851686722236E+01    0.138433504104614258E+01    0.808869186891245029E+01    0.835200382808094588E+01   -0.516749327111838630E+00
    0.190483820315988915E-02    0.266887321472167969E+02    0.918249322116274413E+01    0.625888337867229172E+01    0.144322609901428223E+01    0.805567976669276931E+01    0.806681672268505601E+01   -0.644437548472855504E+00
    0.217021728484561010E-02    0.264278717041015625E+02    0.903817819374476983E+01    0.631105824770546420E+01    0.161058151721954346E+01    0.769051827831837453E+01    0.782835879427013026E+01   -0.534079059682782908E+00
    0.239125847629870084E-02    0.262338867187500000E+02    0.910381855493115921E+01    0.613450078459252701E+01    0.161041092872619629E+01    0.789729123720164861E+01    0.846776876951290980E+01   -0.714116623998500399E+00
    0.220565916604852520E-02    0.263954734802246094E+02    0.906089745597495266E+01    0.630920663814699267E+01    0.129553151130676270E+01    0.795942917089521895E+01    0.815261050768203788E+01   -0.369322207986608975E+00
    0.178407768964938688E-02    0.268197231292724609E+02    0.885693970077036496E+01    0.617717855169120433E+01    0.911314606666564941E+00    0.799227406741760316E+01    0.801650480885287031E+01   -0.728252014644666490E+00
    0.198793594340895829E-02    0.266033325195312500E+02    0.924960832235584718E+01    0.633590060142512090E+01    0.175792407989501953E+01    0.793930415163944225E+01    0.821904182564232144E+01   -0.576430095168141143E+00
    0.251869201123829708E-02    0.261300468444824219E+02    0.888647559682893906E+01    0.616802476420672896E+01    0.126810133457183838E+01    0.748937047112157117E+01    0.805502336914812211E+01   -0.266876916804847264E+00
    0.169953031759268055E-02    0.269168224334716797E+02    0.886075837745621264E+01    0.615979982316162378E+01    0.969092369079589844E+00    0.789175424153257588E+01    0.758882834794036043E+01   -0.539455288785130271E+00
    0.225177383648661597E-02    0.263540897369384766E+02    0.878876024824712943E+01    0.635570992248372679E+01    0.104067945480346680E+01    0.766385891536445474E+01    0.793072537637016151E+01   -0.337298197110362574E+00
    0.221461709967063318E-02    0.263873672485351562E+02    0.926141160740129266E+01    0.602551370178469536E+01    0.223291707038879395E+01    0.753533974717999033E+01    0.799288492554721319E+01   -0.317440661927340884E+00
    0.245648747940623068E-02    0.261800613403320312E+02    0.878786632174801419E+01    0.625113502118242792E+01    0.104968583583831787E+01    0.766545809416861967E+01    0.820082633250545534E+01   -0.481827631384394772E+00
    0.242900102603478335E-02    0.262025661468505859E+02    0.897027983269215667E+01    0.634264672966525112E+01    0.139220094680786133E+01    0.775930679703710169E+01    0.879474759373864856E+01   -0.619374657900020553E+00
    0.185729101181413090E-02    0.267392883300781250E+02    0.911229843296069575E+01    0.626948426021426730E+01    0.175972735881805420E+01    0.777547170590634984E+01    0.891860231598747255E+01   -0.485648023659579708E+00
    0.220805843780984322E-02    0.263932991027832031E+02    0.889210353950377197E+01    0.640277282780722423E+01    0.118911480903625488E+01    0.760502896753785862E+01    0.880149100902774251E+01   -0.202469124093366037E+00
    0.208165681839689353E-02    0.265111980438232422E+02    0.884104440460261287E+01    0.634578658379226379E+01    0.113009643554687500E+01    0.776313115141467947E+01    0.870696003611957359E+01   -0.494401981909553090E+00
    0.171072296794991209E-02    0.269036941528320312E+02    0.914977596503241486E+01    0.602586231198525990E+01    0.181134843826293945E+01    0.774220908271793995E+01    0.918510518998177794E+01    0.135971492863790289E+00
    0.266768485015069596E-02    0.260151042938232422E+02    0.898351843527235339E+01    0.613813099031690257E+01    0.136498010158538818E+01    0.776515959588296223E+01    0.772885583356815964E+01   -0.405382519105618844E+00
    0.167313526845491159E-02    0.269481277465820312E+02    0.893051094820541280E+01    0.642773709873774468E+01    0.153691029548645020E+01    0.771452437483596576E+01    0.100390612982789413E+02   -0.116623657708686213E+01
    0.172260362879993450E-02    0.268898525238037109E+02    0.888009568945555472E+01    0.607241200425398819E+01    0.141123068332672119E+01    0.780934028885617071E+01    0.964167826892575519E+01   -0.104401616608110159E+01
    0.178067977285109960E-02    0.268235359191894531E+02    0.930305668611273440E+01    0.622827495153119770E+01    0.143237435817718506E+01    0.840746112808174395E+01    0.885446068271897957E+01   -0.100104216317130179E+01
    0.169927587129090670E-02    0.269171218872070312E+02    0.898608223865967659E+01    0.621994731354092245E+01    0.100170993804931641E+01    0.824330620943676884E+01    0.933017245650804483E+01   -0.912503746730900067E+00
    0.165274240942981645E-02    0.269726543426513672E+02    0.927692600410274082E+01    0.629437868937787659E+01    0.202373027801513672E+01    0.795559136651280330E+01    0.997450325710611452E+01   -0.921397868067479919E+00
    0.168220697339357419E-02    0.269373130798339844E+02    0.932737349231995161E+01    0.643202174812863170E+01    0.184889292716979980E+01    0.802359142749221732E+01    0.103867822760943778E+02   -0.520753037096217897E+00
    0.173937065276370340E-02    0.268704795837402344E+02    0.929562382739201887E+01    0.613422646387248527E+01    0.961201071739196777E+00    0.874704366879747397E+01    0.952378142367009062E+01   -0.102887697614171514E+01
    0.180293146744776433E-02    0.267986984252929688E+02    0.966321603074696256E+01    0.622160994420126290E+01    0.161978685855865479E+01    0.884789445941539476E+01    0.101273406573303060E+02   -0.112640931359593321E+01
    0.179029701955553443E-02    0.268127632141113281E+02    0.903134290626270619E+01    0.644238091087968279E+01    0.123966169357299805E+01    0.797868543521783202E+01    0.906289950141126077E+01   -0.698513777248869872E+00
    0.214659513212734276E-02    0.264497604370117188E+02    0.893791930179422422E+01    0.643580742747549017E+01    0.139923036098480225E+01    0.763100180039189180E+01    0.965124414763692684E+01   -0.959596063113909326E+00
    0.185002541970351688E-02    0.267471275329589844E+02    0.883566524902509798E+01    0.628593440718692076E+01    0.109297275543212891E+01    0.786311877752009813E+01    0.986866599094432928E+01   -0.717133708503237433E+00
    0.166485537661958906E-02    0.269580497741699219E+02    0.900566268749913057E+01    0.625193126510023411E+01    0.986929416656494141E+00    0.829675548349823799E+01    0.104827068634292786E+02   -0.934222394589493410E+00
    0.174146530992477853E-02    0.268680725097656250E+02    0.934063321687655090E+01    0.612028487532456644E+01    0.120909774303436279E+01    0.857797026990917288E+01    0.987061859723778134E+01   -0.748338963052147976E+00
    0.181239577964184030E-02    0.267882270812988281E+02    0.935123283905280722E+01    0.609932968356937355E+01    0.111600172519683838E+01    0.859438637733270383E+01    0.885620549742259300E+01   -0.540017350818521535E+00
    0.175367486496215115E-02    0.268540992736816406E+02    0.925838096422600643E+01    0.610926903916801844E+01    0.131524324417114258E+01    0.834369116851741133E+01    0.939708142556647452E+01   -0.400861060258196789E+00
    0.166473471352662295E-02    0.269581947326660156E+02    0.936179486068775368E+01    0.622906852358762020E+01    0.195713770389556885E+01    0.805556349443255826E+01    0.101785520988072218E+02   -0.517632344729210381E+00
    0.205935799206294996E-02    0.265327377319335938E+02    0.923736043852024835E+01    0.603097685712774556E+01    0.159106826782226562E+01    0.818516078858083951E+01    0.994390522331040927E+01   -0.548937226445914028E+00
    0.249517866713197881E-02    0.261488056182861328E+02    0.899723184019398481E+01    0.629978466523493363E+01    0.129617905616760254E+01    0.787711432940878264E+01    0.102488824124341527E+02   -0.567561496359181294E+00
    0.178699802803715651E-02    0.268164520263671875E+02    0.924011929623407013E+01    0.594622953584988512E+01    0.153501760959625244E+01    0.831783684950520197E+01    0.102862465922997011E+02   -0.771473406947877027E+00
    0.213991137010025685E-02    0.264559974670410156E+02    0.896134986334547534E+01    0.606401653845480126E+01    0.135153603553771973E+01    0.792154807416016649E+01    0.103847142879466876E+02   -0.755526272960139300E+00
    0.181829933810605682E-02    0.267817230224609375E+02    0.914226091970561505E+01    0.600671473796594313E+01    0.180782032012939453E+01    0.798751761817959416E+01    0.916877802798232722E+01   -0.962385292132834635E+00
    0.184583989744490891E-02    0.267516574859619141E+02    0.928298765875167220E+01    0.608206103151429112E+01    0.187437582015991211E+01    0.811702798751123744E+01    0.994097438098705943E+01   -0.731136069727046145E+00
    0.165429251886224367E-02    0.269707794189453125E+02    0.930173746969444259E+01    0.592125458648563985E+01    0.104992175102233887E+01    0.866112560358827110E+01    0.955242162782010773E+01   -0.701475869101970018E+00
    0.216096283472470190E-02    0.264364185333251953E+02    0.917563928292787701E+01    0.607058357697455708E+01    0.162524664402008057E+01    0.801398427512705247E+01    0.924791447556694557E+01   -0.565638332583300540E+00
    0.194443908887770474E-02    0.266475791931152344E+02    0.929840622128958572E+01    0.639823043426215321E+01    0.206655597686767578E+01    0.770423983567269044E+01    0.103740169685485046E+02   -0.213849741333688836E+00
    0.173862767217580565E-02    0.268713340759277344E+02    0.919672580210443513E+01    0.635617943527938145E+01    0.174598836898803711E+01    0.776106180494452769E+01    0.977803366341836622E+01   -0.237982249769028265E+00
    0.202624764375512094E-02    0.265651550292968750E+02    0.927163184146428065E+01    0.635025131709096691E+01    0.195755887031555176E+01    0.785608831363747839E+01    0.910788223021865839E+01   -0.307366064065241140E+00
    0.189360493268145931E-02    0.267005615234375000E+02    0.897430366659525447E+01    0.642104802689991416E+01    0.125881326198577881E+01    0.767055836327581364E+01    0.966366312069313338E+01    0.861931946780014613E-01
    0.220881875115359070E-02    0.263926105499267578E+02    0.891697787299736078E+01    0.611926374628001657E+01    0.130951023101806641E+01    0.750931538173668578E+01    0.983647791149182638E+01   -0.983173260437215646E-01
    0.166291312913893763E-02    0.269603843688964844E+02    0.923835898601382510E+01    0.610131226767379697E+01    0.174326932430267334E+01    0.794318331443845249E+01    0.975368529675025542E+01    0.655321520529272838E-01
    0.177192850577763557E-02    0.268333892822265625E+02    0.935170018459918140E+01    0.617651099047069962E+01    0.226932859420776367E+01    0.763443836782113561E+01    0.996426319845545194E+01   -0.365496946656542976E+00
    0.166353173641328386E-02    0.269596405029296875E+02    0.922834519411194165E+01    0.598145753504020572E+01    0.190886855125427246E+01    0.766657571405905358E+01    0.962352994844966325E+01    0.236923609638921562E+00
    0.221926419607544742E-02    0.263831748962402344E+02    0.885118618438204408E+01    0.612570687336023756E+01    0.107748055458068848E+01    0.784637871329390624E+01    0.955492624061084683E+01   -0.318055560145262373E+00
    0.273027270813065107E-02    0.259687232971191406E+02    0.893424609599129127E+01    0.618299124974619474E+01    0.129088199138641357E+01    0.781719462837580714E+01    0.944374391244880940E+01   -0.391839064748078725E+00
    0.251726562023130368E-02    0.261311798095703125E+02    0.915352783287208993E+01    0.594386561202674191E+01    0.189593315124511719E+01    0.774210564233972498E+01    0.949164720333095069E+01   -0.319387190167026436E+00
    0.193248199370600442E-02    0.266599159240722656E+02    0.925360624464945403E+01    0.631704431665472299E+01    0.175997853279113770E+01    0.799124581886543073E+01    0.905425949104029648E+01   -0.283977235747204571E+00
    0.218472226123425347E-02    0.264145488739013672E+02    0.874203028147065275E+01    0.620173952713139620E+01    0.104171466827392578E+01    0.754040406673223274E+01    0.942059887633789472E+01   -0.240598803670407646E+00
    0.265066084202335121E-02    0.260279083251953125E+02    0.897703499265921323E+01    0.622696006339115016E+01    0.131916761398315430E+01    0.782454134605202167E+01    0.982969010208658212E+01   -0.315513323407835777E+00
    0.172494292418338036E-02    0.268871383666992188E+02    0.907986519197617170E+01    0.605609885191044395E+01    0.133151519298553467E+01    0.804750521121890650E+01    0.101634782633317435E+02    0.811413291265257186E-01
    0.242239648266801911E-02    0.262080116271972656E+02    0.909680687873986571E+01    0.621387056467844179E+01    0.136013710498809814E+01    0.805880578780369383E+01    0.920383576206463161E+01   -0.474043478855486811E+00
    0.195983529371923388E-02    0.266318054199218750E+02    0.907923611001966613E+01    0.630713209341804237E+01    0.144566619396209717E+01    0.784622320333164414E+01    0.917107903791923462E+01    0.679580257637941720E-01
    0.199399289263829139E-02    0.265972480773925781E+02    0.873474758494584869E+01    0.624587378576674723E+01    0.104409694671630859E+01    0.754537323904263069E+01    0.954615176681312683E+01   -0.422855935156681184E+00
    0.309522085108233707E-02    0.257178077697753906E+02    0.900001019766115462E+01    0.617543327975894396E+01    0.149214625358581543E+01    0.765312383096619264E+01    0.908399592752870610E+01   -0.564512565227691887E+00
    0.226058271837414199E-02    0.263462810516357422E+02    0.894262920507578940E+01    0.613762115929897512E+01    0.114592802524566650E+01    0.797007136041945774E+01    0.955830304742063852E+01   -0.331887333646378346E+00
    0.220807107245771890E-02    0.263932876586914062E+02    0.890143583171181696E+01    0.586998471104606168E+01    0.159786176681518555E+01    0.753774033659676679E+01    0.917021363093436825E+01   -0.148317883109214765E+01
    0.234305804374324630E-02    0.262746124267578125E+02    0.891970722320798437E+01    0.611205612992032687E+01    0.158871102333068848E+01    0.755429868016255490E+01    0.947602254780584374E+01   -0.141666195621934277E+01
    0.213734561013829722E-02    0.264583969116210938E+02    0.898514322050430359E+01    0.623743749249319102E+01    0.171912407875061035E+01    0.764546169579010115E+01    0.932999398090605858E+01   -0.131960965952569298E+01
    0.299938730363178037E-02    0.257807102203369141E+02    0.894178885098125420E+01    0.604844596637390275E+01    0.142884206771850586E+01    0.745572562529573091E+01    0.102365000640246961E+02   -0.203604868048200727E+01
    0.178640846722509235E-02    0.268171119689941406E+02    0.898260988084636125E+01    0.625348505871797400E+01    0.168113136291503906E+01    0.753755052801376380E+01    0.982065708954264593E+01   -0.179689620870900724E+01
    0.176341868001083399E-02    0.268430175781250000E+02    0.889288218402114872E+01    0.648243996963841340E+01    0.127669012546539307E+01    0.748521660377381437E+01    0.966392480152046396E+01   -0.155957512432647172E+01
    0.252860776762416084E-02    0.261221885681152344E+02    0.900942340493219973E+01    0.604910925615470330E+01    0.151114904880523682E+01    0.738705668371210145E+01    0.103102429363475832E+02   -0.174227460114190347E+01
    0.170933677819111907E-02    0.269053153991699219E+02    0.880789947757412683E+01    0.612308512555365159E+01    0.134597647190093994E+01    0.748353777291003208E+01    0.103772385800506033E+02   -0.158817500041597048E+01
    0.246194731803749643E-02    0.261756210327148438E+02    0.891513920077081146E+01    0.632559494606974226E+01    0.141837239265441895E+01    0.745154745854255829E+01    0.975520032686487681E+01   -0.164464844003626531E+01
    0.186249513886142045E-02    0.267336921691894531E+02    0.898967433824735274E+01    0.625458717963351507E+01    0.168444550037384033E+01    0.769053637470982654E+01    0.992807903298941952E+01   -0.179439775231623577E+01
    0.254631661557507515E-02    0.261082305908203125E+02    0.894329745927779562E+01    0.618479013539429978E+01    0.156954479217529297E+01    0.762930736155998890E+01    0.100968936229324733E+02   -0.140547617367208577E+01
    0.229716734202428273E-02    0.263141727447509766E+02    0.886068865639892955E+01    0.602259583097482576E+01    0.142141234874725342E+01    0.756164338341277897E+01    0.958253266846722696E+01   -0.138271907045028386E+01
    0.276681717322420015E-02    0.259421310424804688E+02    0.901034723889073774E+01    0.619720008929023081E+01    0.157717752456665039E+01    0.743207540476086859E+01    0.997178695125849046E+01   -0.198324422224679431E+01
    0.215173758801485981E-02    0.264449748992919922E+02    0.883512502761589147E+01    0.581658281269484778E+01    0.138626456260681152E+01    0.746728641041966590E+01    0.100763917026400058E+02   -0.175179782238657245E+01
    0.201994052895198639E-02    0.265713901519775391E+02    0.904763169109072685E+01    0.594914037344099800E+01    0.177989137172698975E+01    0.750182450786136457E+01    0.104076980674518094E+02   -0.132786620052238513E+01
    0.170923408178946866E-02    0.269054355621337891E+02    0.896020695584918414E+01    0.628329888634957712E+01    0.142392814159393311E+01    0.789578590230688349E+01    0.982546095976495693E+01   -0.144297548795858122E+01
    0.253368417428679465E-02    0.261181774139404297E+02    0.904555581050131430E+01    0.641104083645921907E+01    0.166534423828125000E+01    0.749139766883866365E+01    0.930404579448726565E+01   -0.189300211502688165E+01
    0.182453530172842909E-02    0.267748756408691406E+02    0.877275084388612392E+01    0.626650221567308119E+01    0.122841143608093262E+01    0.771657113343545475E+01    0.953689272867064908E+01   -0.128994567313731112E+01
    0.242970301965069607E-02    0.262019882202148438E+02    0.903729806092816546E+01    0.648452107472681849E+01    0.163335776329040527E+01    0.750072219828607167E+01    0.976715276853040137E+01   -0.161177148873012510E+01
    0.166713532862869081E-02    0.269553127288818359E+02    0.900217839985391599E+01    0.577594182760117647E+01    0.189850234985351562E+01    0.756029569308601435E+01    0.924264393726835642E+01   -0.105597030121814561E+01
    0.194996736733948949E-02    0.266419010162353516E+02    0.899356949727456545E+01    0.583216433248844535E+01    0.185846638679504395E+01    0.753913624627843948E+01    0.953405584857930144E+01   -0.145532116535467604E+01
    0.216126786275422237E-02    0.264361362457275391E+02    0.897653906605243179E+01    0.596552582929260300E+01    0.168907713890075684E+01    0.754977387068061212E+01    0.911644799406696293E+01   -0.963926859007694592E+00
    0.170249896841684800E-02    0.269133319854736328E+02    0.894581792522469144E+01    0.586083601767405327E+01    0.163176500797271729E+01    0.771631553404693360E+01    0.947510399901797840E+01   -0.140518037523425932E+01
    0.172213549361286008E-02    0.268903961181640625E+02    0.899598065525035118E+01    0.648054758322716840E+01    0.119315266609191895E+01    0.792983803721583858E+01    0.994996777171199476E+01   -0.329284963776713901E+00
    0.212315720526192386E-02    0.264717178344726562E+02    0.903948867726516880E+01    0.627956587186691184E+01    0.161095881462097168E+01    0.774399412998487158E+01    0.821975953170932705E+01   -0.873835870308628193E+00
    0.199743398704182789E-02    0.265937995910644531E+02    0.918258591578653238E+01    0.605115640771662733E+01    0.187990438938140869E+01    0.778124821898564800E+01    0.754193942370829618E+01   -0.638055465362966867E+00
    0.210664270099619006E-02    0.264873352050781250E+02    0.891041727946524098E+01    0.610481317984909300E+01    0.136347746849060059E+01    0.741749849714743270E+01    0.779046377490749542E+01   -0.590343447366543206E+00
    0.250766695717723979E-02    0.261388206481933594E+02    0.905922068498003341E+01    0.606367302254349383E+01    0.177776288986206055E+01    0.745093538604627792E+01    0.714390920396841445E+01   -0.486298377235317547E+00
    0.213820188089131058E-02    0.264575958251953125E+02    0.878933600657643765E+01    0.612499373982069883E+01    0.131341266632080078E+01    0.755948732236404997E+01    0.761958601298304039E+01   -0.122241241792336464E+01
    0.169184570946759099E-02    0.269258861541748047E+02    0.924422349749325356E+01    0.621899260272172505E+01    0.153176045417785645E+01    0.834679274414935968E+01    0.843914602207079767E+01   -0.119596460842434116E+01
    0.164903153015218953E-02    0.269771499633789062E+02    0.881622121799586367E+01    0.628117192415069603E+01    0.129674565792083740E+01    0.767621764369647863E+01    0.767842460265746496E+01   -0.160571511186593652E+01
    0.189460565586091131E-02    0.266995048522949219E+02    0.893565214239533212E+01    0.611539829261470835E+01    0.150472140312194824E+01    0.781385892532829818E+01    0.822490551222086985E+01   -0.137028359992792970E+01
    0.174184401138377108E-02    0.268676376342773438E+02    0.903298045093166913E+01    0.632520803107404817E+01    0.168188619613647461E+01    0.779631234827641340E+01    0.821862306870218262E+01   -0.150665480384246564E+01
    0.213438392984239113E-02    0.264611701965332031E+02    0.896051477049207357E+01    0.629791670126045133E+01    0.160310041904449463E+01    0.756928570857980532E+01    0.790130251678211160E+01   -0.175244742823672217E+01
    0.167041215742589006E-02    0.269513854980468750E+02    0.913896931370278409E+01    0.633976159775320092E+01    0.199094474315643311E+01    0.774108475964337917E+01    0.831815750314482472E+01   -0.152269496624318479E+01
    0.176343381561972672E-02    0.268430004119873047E+02    0.889038274818047114E+01    0.627432262533801399E+01    0.150380611419677734E+01    0.771392919647481445E+01    0.817824739973058890E+01   -0.119467379650424133E+01
    0.175148868421424889E-02    0.268565940856933594E+02    0.886895615718239050E+01    0.607137355076110818E+01    0.123585879802703857E+01    0.786131805718332899E+01    0.855399752814421532E+01   -0.105250662971167497E+01
    0.173153562582538411E-02    0.268795089721679688E+02    0.873030374364815920E+01    0.605126334214446437E+01    0.121999216079711914E+01    0.766533379127754966E+01    0.809615627636467572E+01   -0.128448109876469818E+01
    0.181620579328282375E-02    0.267840270996093750E+02    0.901559258072004255E+01    0.614243309458040621E+01    0.148603200912475586E+01    0.792234873938451045E+01    0.780890750097165309E+01   -0.111689070161886050E+01
    0.166760600668574058E-02    0.269547481536865234E+02    0.917025095174458293E+01    0.614824678722630580E+01    0.214981222152709961E+01    0.755029008807709356E+01    0.756059847482090852E+01   -0.134173460516245702E+01
    0.182334552130503655E-02    0.267761802673339844E+02    0.892461238333863704E+01    0.614509155293005271E+01    0.167324590682983398E+01    0.750700721411803862E+01    0.773669632278632857E+01   -0.137593541762307270E+01
    0.176897712142257742E-02    0.268367233276367188E+02    0.869080405491457419E+01    0.621245286743226277E+01    0.107472181320190430E+01    0.752703598294662779E+01    0.793529358268309259E+01   -0.100345417518695124E+01
    0.184771383926632198E-02    0.267496280670166016E+02    0.869763123015458461E+01    0.606354721349000680E+01    0.109914696216583252E+01    0.745785307183450641E+01    0.728778852382653852E+01   -0.934947658113936431E+00
    0.181544038019645221E-02    0.267848701477050781E+02    0.913560126471156941E+01    0.623823851053656675E+01    0.201432752609252930E+01    0.756941303507116992E+01    0.802230717842195773E+01   -0.200039453271187195E+01
    0.171275372418765994E-02    0.269013214111328125E+02    0.917820397025189649E+01    0.636568192135902144E+01    0.203928136825561523E+01    0.781715127133541721E+01    0.860841372179285358E+01   -0.124499068261855461E+01
    0.206393122604341898E-02    0.265283012390136719E+02    0.885390069301357130E+01    0.637670770035314050E+01    0.130032134056091309E+01    0.749649417695956100E+01    0.787970740086040689E+01   -0.142304925844067065E+01
    0.164883653444394666E-02    0.269773864746093750E+02    0.923424943812819876E+01    0.638220309292917509E+01    0.155459332466125488E+01    0.829264061455993939E+01    0.883282453174353854E+01   -0.133527350111134657E+01
    0.209446701066260755E-02    0.264989280700683594E+02    0.890154216214837746E+01    0.571244176087194511E+01    0.166698980331420898E+01    0.743349786311912109E+01    0.707613883268388921E+01   -0.361218788536407542E+00
    0.178844719732728892E-02    0.268148307800292969E+02    0.905533177971743264E+01    0.573933936361453423E+01    0.172627663612365723E+01    0.775776889247366874E+01    0.836853667253367206E+01   -0.725741953118384409E+00
    0.180068559929112497E-02    0.268011913299560547E+02    0.896014326684123041E+01    0.583678037612660283E+01    0.175871849060058594E+01    0.755998985352482666E+01    0.884273352218452580E+01   -0.175415308418673099E+01
    0.207130588004127841E-02    0.265211677551269531E+02    0.879221935104386176E+01    0.611508260446750906E+01    0.125061058998107910E+01    0.743630126502981614E+01    0.870219941197011693E+01   -0.166278378734952481E+01
    0.215689236334359749E-02    0.264401893615722656E+02    0.881395799409140857E+01    0.608873748038453577E+01    0.121927857398986816E+01    0.751439123203575843E+01    0.826031232114805825E+01   -0.197895929407040727E+01
    0.175737484330561601E-02    0.268498840332031250E+02    0.903621148446264932E+01    0.569997458325294026E+01    0.195879316329956055E+01    0.746713217632937898E+01    0.756465347918479303E+01   -0.165223235049695316E+01
    0.176272426347982673E-02    0.268438053131103516E+02    0.877344829907392487E+01    0.596616265641179133E+01    0.124255990982055664E+01    0.739718615965686332E+01    0.829102845366965369E+01   -0.167835205043748092E+01
    0.183346070552534894E-02    0.267651157379150391E+02    0.881454711811411329E+01    0.590401235117869216E+01    0.133826363086700439E+01    0.752667286260942081E+01    0.794275069040933079E+01   -0.211884238748201481E+01
    0.182770313126277232E-02    0.267714061737060547E+02    0.911004497096952903E+01    0.587571093066706140E+01    0.214730286598205566E+01    0.762442633120668578E+01    0.862450192275992578E+01   -0.142108793302706804E+01
    0.226323814003032663E-02    0.263439331054687500E+02    0.889096141477140378E+01    0.582689406395220022E+01    0.162738776206970215E+01    0.742493297801373675E+01    0.735745556885856722E+01   -0.108090022961555010E+01
    0.209714129042195760E-02    0.264963760375976562E+02    0.875204288582263956E+01    0.601167013639162473E+01    0.127774810791015625E+01    0.748188330085344866E+01    0.810177802115361168E+01   -0.125748874131185384E+01
    0.181542652953837992E-02    0.267848854064941406E+02    0.909438065264924411E+01    0.575983658179204472E+01    0.199850690364837646E+01    0.755134972540687244E+01    0.835359892319720387E+01   -0.173606749093026802E+01
    0.177331133641835505E-02    0.268318290710449219E+02    0.890420934836197731E+01    0.601383717251132932E+01    0.153846144676208496E+01    0.755231490207674838E+01    0.773426712271344918E+01   -0.213198053740645710E+01
    0.167598109170349506E-02    0.269447288513183594E+02    0.889629316126798209E+01    0.577033395835494467E+01    0.151167106628417969E+01    0.775321051128548966E+01    0.826748740188240205E+01   -0.944627414604626736E+00
    0.245039468565969682E-02    0.261850280761718750E+02    0.903167436164860149E+01    0.577325218133747331E+01    0.172055292129516602E+01    0.749128177247270877E+01    0.850877576630125532E+01   -0.209134958503393253E+01


    0.533531555886646233E-01    0.277475528717041016E+02    0.785733833997865005E+01    0.658272255302426057E+01    0.223884627223014832E+00    0.708621243312469407E+01    0.732119244579421213E+01   -0.835983938262473414E+00
    0.501321211346182766E-01    0.277387619018554688E+02    0.769661768507456934E+01    0.643620677545811049E+01    0.189364850521087646E+00    0.684907548649539510E+01    0.771671829778510521E+01   -0.741194353126823913E+00
    0.478513213043055274E-01    0.276985549926757812E+02    0.812929153210464861E+01    0.650691226637460840E+01    0.385061681270599365E+00    0.734343253474582802E+01    0.738458840346255041E+01   -0.575653518956427357E+00
    0.459003038636520491E-01    0.276484756469726562E+02    0.762574294310304435E+01    0.663504976052938211E+01    0.141480579972267151E+00    0.602996272669940048E+01    0.920121075450142456E+01   -0.124926560436976475E+01
    0.439150230065832800E-01    0.276035728454589844E+02    0.797498439861896280E+01    0.651386976164624087E+01    0.272963911294937134E+00    0.740042271414672648E+01    0.819861072874756402E+01   -0.547766335275712724E+00
    0.413778691646255123E-01    0.275892601013183594E+02    0.753915699681834006E+01    0.652663810838382474E+01    0.700193420052528381E-01    0.701741906151621908E+01    0.742707131453351810E+01   -0.732975469897220178E+00
    0.393225805962468741E-01    0.275578212738037109E+02    0.766345772626758226E+01    0.647638196043049952E+01    0.159372657537460327E+00    0.710562532290656534E+01    0.957511943958213330E+01   -0.216713754580065920E+00
    0.368569562949999582E-01    0.275539970397949219E+02    0.797780551114351244E+01    0.655766683610946988E+01    0.315910220146179199E+00    0.710615085501795463E+01    0.723445627079658848E+01   -0.777786255043149577E+00
    0.357187945618700764E-01    0.274833984375000000E+02    0.771757897919306135E+01    0.656855758756228525E+01    0.187636435031890869E+00    0.695015725311692467E+01    0.700624393690823322E+01   -0.124442310771831610E+01
    0.340269562746775694E-01    0.274471130371093750E+02    0.784870481749077431E+01    0.648081106855509859E+01    0.250926256179809570E+00    0.636159149919211853E+01    0.752506256497635562E+01   -0.546108420065408495E+00
    0.321571678963286922E-01    0.274268150329589844E+02    0.758552180799135023E+01    0.656796320483224250E+01    0.140991270542144775E+00    0.690100233693893816E+01    0.774041227296350254E+01   -0.178957401691533402E+00
    0.303103833967977750E-01    0.274117717742919922E+02    0.765006746355072842E+01    0.655772625603447867E+01    0.188353896141052246E+00    0.646547732443723433E+01    0.918290544586140633E+01   -0.103851892401181756E+01
    0.283840378291347062E-01    0.274097652435302734E+02    0.757079348305443212E+01    0.651270408864898442E+01    0.110967814922332764E+00    0.620455475233953013E+01    0.816812239499390103E+01   -0.141384990899604723E+01
    0.268242778386606068E-01    0.273894710540771484E+02    0.755806173245276902E+01    0.663222797379367712E+01    0.110126279294490814E+00    0.687951504921909152E+01    0.882691387258793725E+01   -0.708790892632507497E+00
    0.254192974535815339E-01    0.273637351989746094E+02    0.782197902437691006E+01    0.653099623542733809E+01    0.253793090581893921E+00    0.696723783465155577E+01    0.778605740998378248E+01   -0.157961299230783769E+01
    0.237816085764907398E-01    0.273635940551757812E+02    0.761467246505125583E+01    0.659941478011836313E+01    0.117691233754158020E+00    0.622731746247978268E+01    0.745463421229168155E+01   -0.607898928262555538E+00
    0.226372769623451112E-01    0.273288898468017578E+02    0.774432408236752678E+01    0.650463883776973262E+01    0.229239523410797119E+00    0.611004533142414452E+01    0.839241184460208700E+01    0.110206979661578330E+00
    0.212601758986841090E-01    0.273210811614990234E+02    0.779300836268193109E+01    0.649278455977000046E+01    0.273569047451019287E+00    0.664326234345696953E+01    0.954626925520981473E+01   -0.611524253662132367E-02
    0.201159288682229848E-01    0.272983951568603516E+02    0.765891321322964114E+01    0.645714344673632912E+01    0.180491268634796143E+00    0.693899371729010284E+01    0.874631190627932220E+01   -0.104423030657180749E+01
    0.188420630692213917E-01    0.272959022521972656E+02    0.758602834402185611E+01    0.657829791094572691E+01    0.107145838439464569E+00    0.703975012949500911E+01    0.834256773575771327E+01   -0.849492867549195729E+00
    0.177113703190979188E-01    0.272863388061523438E+02    0.769395553689957357E+01    0.657574376897023072E+01    0.192209661006927490E+00    0.692003079410833344E+01    0.733448198956139397E+01   -0.148751297369035829E+01
    0.180465155264898057E-01    0.272473659515380859E+02    0.770457922137808815E+01    0.655590041041562532E+01    0.168189182877540588E+00    0.707305505336952223E+01    0.792408675231993520E+01   -0.284756936746485279E+00
    0.192058545227600415E-01    0.271228408813476562E+02    0.787783092641513605E+01    0.650536985131031109E+01    0.240648403763771057E+00    0.725386910106078631E+01    0.814983066823997326E+01   -0.811408332348406480E+00
    0.199556218666257709E-01    0.270462493896484375E+02    0.766708120479066935E+01    0.653020677143359141E+01    0.200254157185554504E+00    0.669242815473493380E+01    0.908017846244013604E+01   -0.168491156741575665E+00
    0.188996221289003674E-01    0.271549873352050781E+02    0.792359660762972418E+01    0.649526190649706159E+01    0.343333810567855835E+00    0.640187064385464577E+01    0.766622957153571605E+01   -0.751855489473842065E+00
    0.214382490477608226E-01    0.269029178619384766E+02    0.770972323225027356E+01    0.647838271583388359E+01    0.213238626718521118E+00    0.649066613636332423E+01    0.909141285238205299E+01   -0.879202325686361474E+00
    0.277852821421220655E-01    0.263842582702636719E+02    0.775018456852872362E+01    0.650139512673075970E+01    0.211916849017143250E+00    0.619649360404271654E+01    0.823851143919849882E+01   -0.361935863100835586E+00
    0.192977642888033166E-01    0.271132926940917969E+02    0.764504783993652914E+01    0.660579279393493302E+01    0.148298621177673340E+00    0.636258427929422865E+01    0.932809551826134609E+01   -0.879041843854733829E+00
    0.189199822788806461E-01    0.271528339385986328E+02    0.771643761351992108E+01    0.661775884587536112E+01    0.226022630929946899E+00    0.678365634138339235E+01    0.104433656966745403E+02   -0.483727787092104622E+00
    0.196106535412103079E-01    0.270811252593994141E+02    0.780489392567251272E+01    0.659801405256046714E+01    0.259662628173828125E+00    0.670112210327346247E+01    0.101649602594810293E+02   -0.916486336791953349E+00
    0.234678575377590959E-01    0.267220077514648438E+02    0.775055977988651268E+01    0.651966128563877323E+01    0.239190816879272461E+00    0.662270631738066928E+01    0.103783747969027136E+02   -0.456421005463190976E+00
    0.207040317559202894E-01    0.269726142883300781E+02    0.787091907321762374E+01    0.651645126892694826E+01    0.306756228208541870E+00    0.661402580502688142E+01    0.914950967503798651E+01   -0.119269273080745286E+01
    0.207774349055760664E-01    0.269655361175537109E+02    0.787060929390643693E+01    0.658049797400213077E+01    0.296112388372421265E+00    0.641178764880210927E+01    0.801856243864381568E+01   -0.592560867540210978E+00
    0.200792107543455167E-01    0.270339012145996094E+02    0.777291584971451233E+01    0.654561375047674954E+01    0.180647283792495728E+00    0.719773315178912476E+01    0.849470424124655921E+01   -0.475066257721151519E+00
    0.179141212973474469E-01    0.272620925903320312E+02    0.766183985179910376E+01    0.643334321860814917E+01    0.155830815434455872E+00    0.642899040749533235E+01    0.844383893423835730E+01   -0.479980473695196252E-01
    0.179991285066893082E-01    0.272526245117187500E+02    0.779609708613768504E+01    0.650485844600748919E+01    0.191916912794113159E+00    0.723741523778956442E+01    0.815020525620788483E+01   -0.276858547197794014E+00
