 F
        1594        8266           3         150
   -0.201947466131396460E+02   -0.149605028046597486E+02
 T
   2
    0.200000000000000000E+01    0.300000000000000000E+01    0.900000000000000022E+00    0.100000000000000006E+00
   0
   0
 T T     0           0
    0.000000000000000000E+00   -0.340282346638528860E+39    0.000000000000000000E+00
 T F     1         135
    0.582628609619173521E-04   -0.202991371447889435E+02   -0.149590001602976166E+02
 T F     1          15
    0.890184713358630501E-05   -0.225061041632223180E+02   -0.149741590026288076E+02
