 F
        1769        8194           3         150
   -0.229989756317153358E+02   -0.168616506446213066E+02
 T
   2
    0.200000000000000000E+01    0.300000000000000000E+01    0.853333333333333388E+00    0.146666666666666667E+00
   0
   0
 T T     0           0
    0.000000000000000000E+00   -0.340282346638528860E+39    0.000000000000000000E+00
 T F     1         128
    0.142580576275146323E-04   -0.230126805183248386E+02   -0.168100791823190470E+02
 T F     1          22
    0.109516866328915533E-04   -0.272958230719594503E+02   -0.205989219139574864E+02
