 F
        3088       26080           3         150
   -0.643014905746143626E+02   -0.442411567700966302E+02
 T
   2
    0.200000000000000000E+01    0.300000000000000000E+01    0.133333333333333331E+00    0.866666666666666696E+00
   0
   0
 T T     0           0
    0.000000000000000000E+00   -0.340282346638528860E+39    0.000000000000000000E+00
 T F     1          20
    0.102040506300613912E-10   -0.643014978624953670E+02   -0.442410242607743811E+02
 T F     1         130
    0.485077920214016422E-08   -0.761307919160912405E+02   -0.624232355373096226E+02
