 F
        4150       28092           3         150
   -0.924111206868997897E+03   -0.898029134848306740E+03
 T
   2
    0.200000000000000000E+01    0.300000000000000000E+01    0.886666666666666714E+00    0.113333333333333328E+00
   0
   0
 T T     0           0
    0.000000000000000000E+00   -0.340282346638528860E+39    0.000000000000000000E+00
 T F     1         133
    0.302034644451083200E-11   -0.115105648351440732E+04   -0.113018187667641996E+04
 T F     1          17
    0.432943054081960049E-13   -0.924111206868997897E+03   -0.898029134848306740E+03
