    0.954134044761214979E-98    0.227156591796875000E+04    0.741164012640366998E+01    0.966921526472484638E+00    0.128303134441375732E+01    0.623306605866429031E+01    0.942363872540352787E+01   -0.181482043364528067E+01
    0.670035112427407336E-97    0.226755004882812500E+04    0.742735665111502641E+01    0.109011328397780605E+01    0.156771492958068848E+01    0.651635097928606655E+01    0.919766543015007088E+01   -0.155386911420018770E+01
    0.157342395353583081E-95    0.226111987304687500E+04    0.733894530296843861E+01    0.983937495157380715E+00    0.144362545013427734E+01    0.646375612365923402E+01    0.751048238777325583E+01   -0.168700389651413074E+01
    0.339585502444568681E-95    0.225946362304687500E+04    0.729990106896832280E+01    0.104855344869613676E+01    0.104361152648925781E+01    0.652132472704132837E+01    0.878332056630675595E+01   -0.134065855677752244E+01
    0.359039136849437931E-94    0.225462939453125000E+04    0.748398745511827723E+01    0.110787062236199962E+01    0.123558747768402100E+01    0.633440251601914639E+01    0.761069923093769241E+01   -0.204264860004124538E+01
    0.332232907972394605E-93    0.225006176757812500E+04    0.726123064962264575E+01    0.991197758468362777E+00    0.135793399810791016E+01    0.655646444323859168E+01    0.752597564467734959E+01   -0.121598742152056394E+01
    0.287886780341530824E-92    0.224562548828125000E+04    0.724545493221586767E+01    0.975092716982621566E+00    0.117108762264251709E+01    0.623321827067941925E+01    0.847624975514893642E+01   -0.151519855850463392E+01
    0.326462165217478279E-92    0.224525634765625000E+04    0.725498157821034528E+01    0.103614352502888996E+01    0.977541625499725342E+00    0.641072564179975934E+01    0.785778357360494972E+01   -0.126726790282213031E+01
    0.912326517008791438E-89    0.222926782226562500E+04    0.776897169107818897E+01    0.101618689281223240E+01    0.223537778854370117E+01    0.621397498507640300E+01    0.845114205702737209E+01   -0.179337622346475278E+01
    0.288000826541286028E-88    0.222685107421875000E+04    0.737444378023052405E+01    0.103257450200110723E+01    0.132413649559020996E+01    0.656731072939796867E+01    0.911818397829926752E+01   -0.166142056216991119E+01
    0.837755871056529772E-88    0.222459790039062500E+04    0.772718753897303579E+01    0.109266409869354431E+01    0.172163021564483643E+01    0.633292947286493302E+01    0.802496682036722042E+01   -0.200981693926019567E+01
    0.560068079394186401E-87    0.222068041992187500E+04    0.745935316375560742E+01    0.108170615772631962E+01    0.131698763370513916E+01    0.627711218902297308E+01    0.707894095890560404E+01   -0.184119041221156410E+01
    0.638630158757054052E-86    0.221569506835937500E+04    0.726321213641392394E+01    0.824358570933344748E+00    0.156540060043334961E+01    0.634118305800924364E+01    0.950121646528167929E+01   -0.182074196759444806E+00
    0.150808029991680926E-85    0.221385888671875000E+04    0.752422078421269802E+01    0.982860630779331279E+00    0.154421603679656982E+01    0.631065639642930876E+01    0.728582510184987520E+01   -0.173703705642830553E+01
    0.220770915020539962E-85    0.221297900390625000E+04    0.757492668715200868E+01    0.934537359235640519E+00    0.183302402496337891E+01    0.607424796800257560E+01    0.912343427819126873E+01   -0.145703439322926132E+01
    0.301909777499703692E-85    0.221223535156250000E+04    0.749406619512309558E+01    0.959297324036741950E+00    0.184242868423461914E+01    0.615992164107405848E+01    0.809318350975831180E+01   -0.145295157796877850E+01
    0.989213479356635471E-85    0.220974414062500000E+04    0.752480026440385075E+01    0.111708296493617931E+01    0.128438150882720947E+01    0.645346611155721916E+01    0.750805514300575982E+01   -0.153848719147319835E+01
    0.232628315952696910E-84    0.220791625976562500E+04    0.770031361034393669E+01    0.101104719562093770E+01    0.216827702522277832E+01    0.638961390036557830E+01    0.877938786918401348E+01   -0.168117734869192725E+01
    0.141810041352512473E-83    0.220418334960937500E+04    0.762692544273182804E+01    0.108867403759342896E+01    0.176489996910095215E+01    0.647891605607799015E+01    0.934962687234173373E+01   -0.107841822833956158E+01
    0.149527646464291384E-83    0.220395971679687500E+04    0.752854283883092545E+01    0.987018871326219127E+00    0.190460538864135742E+01    0.645000787140064880E+01    0.855606815466765269E+01   -0.967772968697644620E+00
    0.137706610881105317E-82    0.219940161132812500E+04    0.762720074077627785E+01    0.968491239333892806E+00    0.203098821640014648E+01    0.623538204467800128E+01    0.875863881752122353E+01   -0.163399942770706819E+01
    0.102777293444174120E-81    0.219526391601562500E+04    0.749980920795305650E+01    0.100154842978777459E+01    0.182135212421417236E+01    0.625036084886860444E+01    0.102552883959274652E+02   -0.985781071586133706E+00
    0.338565468325869085E-81    0.219276196289062500E+04    0.751605208584984652E+01    0.100253277311255728E+01    0.188749241828918457E+01    0.651609147718182413E+01    0.915704728424280212E+01   -0.142158863958569981E+01
    0.369223356802506932E-81    0.219247094726562500E+04    0.774872876369044850E+01    0.111774885099692933E+01    0.196379113197326660E+01    0.649218208803918717E+01    0.747349322795588833E+01   -0.160378625834259569E+01
    0.282250165868301882E-79    0.218368017578125000E+04    0.752595800417262151E+01    0.110719907759148639E+01    0.136208415031433105E+01    0.634943315912497752E+01    0.773990392289585216E+01   -0.177526012813258549E+01
    0.321087734474971637E-79    0.218330468750000000E+04    0.748405615857001383E+01    0.110731236596711313E+01    0.143378686904907227E+01    0.627402179273901250E+01    0.103963252933489088E+02   -0.153552361974401097E+01
    0.312240792680191032E-79    0.218324291992187500E+04    0.748364275337881413E+01    0.110949469941130152E+01    0.144611859321594238E+01    0.616614621941060381E+01    0.100379789877345615E+02   -0.138517709822766411E+01
    0.866356802012907239E-79    0.218108422851562500E+04    0.756370072822295203E+01    0.964570275153483925E+00    0.185787010192871094E+01    0.647632540125516787E+01    0.902489691216909051E+01   -0.155931871853808568E+01
    0.362579825445490238E-78    0.217810351562500000E+04    0.746152167303255531E+01    0.102627104640314637E+01    0.147046244144439697E+01    0.620821071401311375E+01    0.781719402717907386E+01   -0.162968948549883308E+01
    0.172242172374096292E-77    0.217486938476562500E+04    0.757306008154061772E+01    0.100960213046674685E+01    0.172525656223297119E+01    0.653328266429175208E+01    0.774257860625400340E+01   -0.142052547317732314E+01
    0.173447304793487219E-77    0.217473779296875000E+04    0.765346042712678010E+01    0.107620864976787312E+01    0.165977644920349121E+01    0.632641750630464550E+01    0.102405686310746482E+02   -0.150236245679957303E+01
    0.165264686951699411E-77    0.217471679687500000E+04    0.731359723001387696E+01    0.102088495559351711E+01    0.121234679222106934E+01    0.650837256895530469E+01    0.752568087787934736E+01   -0.134712393253362261E+01
    0.408441161900933254E-77    0.217278955078125000E+04    0.745972841755748917E+01    0.107902481223970481E+01    0.129377269744873047E+01    0.647727422122874152E+01    0.833610645915728377E+01   -0.128470680332170284E+01
    0.971951192770014109E-77    0.217093798828125000E+04    0.757063354811470024E+01    0.105211492320473021E+01    0.159024882316589355E+01    0.629718601024479874E+01    0.908470038908010125E+01   -0.139712713240145381E+01
    0.115748238580894785E-76    0.217047094726562500E+04    0.738745359431003479E+01    0.975846090712060521E+00    0.160437130928039551E+01    0.651202495681014693E+01    0.736767386467327245E+01   -0.116282986825044343E+01
    0.305295594458636085E-76    0.216841357421875000E+04    0.752356725126687920E+01    0.965556275457128299E+00    0.193821895122528076E+01    0.631931797888002134E+01    0.993971091136083373E+01   -0.115842702042605161E+01
    0.363084167723861479E-76    0.216794921875000000E+04    0.771949304557835436E+01    0.106965821436463959E+01    0.211869716644287109E+01    0.604413560596011745E+01    0.939779558919160607E+01   -0.122275575946417003E+01
    0.107673131261386789E-75    0.216565747070312500E+04    0.775535130708972531E+01    0.111201817520989477E+01    0.188989794254302979E+01    0.638934360441453020E+01    0.824125331967194619E+01   -0.140332369613805907E+01
    0.143291503044720551E-75    0.216496826171875000E+04    0.760984831232222625E+01    0.106119802633844573E+01    0.174801397323608398E+01    0.640168752132169150E+01    0.725439442650093458E+01   -0.151773205325600857E+01
    0.181073710460407721E-75    0.216438256835937500E+04    0.778148725753786774E+01    0.110553876164226161E+01    0.209390711784362793E+01    0.647508062512502125E+01    0.938814447099887772E+01   -0.156697765182819948E+01
    0.221751030530620212E-75    0.216385961914062500E+04    0.746040535510741698E+01    0.102874510937209029E+01    0.160449552536010742E+01    0.650880217628473723E+01    0.760598767343210636E+01   -0.109931200831298814E+01
    0.891084063408676038E-75    0.216096020507812500E+04    0.755324174633060164E+01    0.106445668262999193E+01    0.173569977283477783E+01    0.630355662310850562E+01    0.921895697788373880E+01   -0.133909739418798690E+01
    0.921855676633614645E-75    0.216077465820312500E+04    0.757262916340395265E+01    0.111238559522984159E+01    0.157493388652801514E+01    0.639302873496694968E+01    0.102512962049698650E+02   -0.120203806974225968E+01
    0.122800502859313684E-74    0.216008349609375000E+04    0.759027507327008344E+01    0.109235541409707038E+01    0.158162808418273926E+01    0.640786712978404971E+01    0.825452991514264767E+01   -0.120730193622935889E+01
    0.327314719026311483E-74    0.215800512695312500E+04    0.762592993703261524E+01    0.982025203427550508E+00    0.195190286636352539E+01    0.648071693553161499E+01    0.826106157433400767E+01   -0.133160420455381567E+01
    0.365954415704514018E-74    0.215766430664062500E+04    0.761130302169237538E+01    0.108922587144875793E+01    0.181873977184295654E+01    0.631137791659254876E+01    0.763675052115015784E+01   -0.140004548438321796E+01
    0.513948337127047398E-74    0.215686743164062500E+04    0.756166140504136308E+01    0.967290818349664128E+00    0.176745963096618652E+01    0.619430042472752884E+01    0.813016652122489702E+01   -0.140942159155211488E+01
    0.822804119851833913E-74    0.215580859375000000E+04    0.761777590510752400E+01    0.100550318751631229E+01    0.183477079868316650E+01    0.647470815838865388E+01    0.921855820591018293E+01   -0.127863904208985568E+01
    0.190680935158651415E-73    0.215401000976562500E+04    0.737004069030346365E+01    0.999811314234733350E+00    0.139424812793731689E+01    0.633316897866353390E+01    0.819047168164848927E+01   -0.133835592971508666E+01
    0.503858554763792627E-73    0.215194897460937500E+04    0.758579290505720927E+01    0.106581304665366483E+01    0.177008414268493652E+01    0.612414967693068579E+01    0.936930678117388105E+01   -0.126838864753768843E+01
    0.232303606326610846E-72    0.214877465820312500E+04    0.771309818745859577E+01    0.106893686529336462E+01    0.197775316238403320E+01    0.615243419608575692E+01    0.977523700532410444E+01   -0.118260534780492943E+01
    0.273991912027804060E-72    0.214832690429687500E+04    0.764014314289595653E+01    0.100948016167845211E+01    0.194901549816131592E+01    0.633503297912079866E+01    0.944348533945176172E+01   -0.112885081915416152E+01
    0.495779130998873620E-72    0.214702319335937500E+04    0.744801864937253466E+01    0.981302498481692265E+00    0.148166608810424805E+01    0.634495039515813808E+01    0.723387083497402283E+01   -0.135942255540017021E+01
    0.468485083983863606E-72    0.214701879882812500E+04    0.756097514489930234E+01    0.101824085318334245E+01    0.179490995407104492E+01    0.647103407285376342E+01    0.808137574753400756E+01   -0.111392200402962271E+01
    0.571770321309488538E-72    0.214650268554687500E+04    0.754475455004037165E+01    0.994688268343000392E+00    0.185860431194305420E+01    0.632932090927558821E+01    0.738527934962076049E+01   -0.120657247651113497E+01
    0.562227196625281937E-72    0.214641870117187500E+04    0.744798182165540457E+01    0.999034752469532883E+00    0.144783270359039307E+01    0.631628402647633891E+01    0.712624940943551000E+01   -0.124401815593271303E+01
    0.896696333323800691E-72    0.214536743164062500E+04    0.751921951314057324E+01    0.110406676637434220E+01    0.132000505924224854E+01    0.607723515885817900E+01    0.970138119889686834E+01   -0.148936333999720771E+01
    0.897147164271501736E-72    0.214524877929687500E+04    0.765916878143669688E+01    0.101698426680647547E+01    0.189326679706573486E+01    0.623629697579971509E+01    0.727474522683559321E+01   -0.140276193184946263E+01
    0.875308214453216194E-72    0.214518041992187500E+04    0.764264241246308274E+01    0.103672706242957369E+01    0.181966853141784668E+01    0.620574176014235768E+01    0.884178121315729015E+01   -0.128835492676714236E+01
    0.187718742250421197E-71    0.214353686523437500E+04    0.758866361964359903E+01    0.102287148527387206E+01    0.189028191566467285E+01    0.620103955112555560E+01    0.889193183342402094E+01   -0.126617821096398897E+01
    0.254463745173916540E-71    0.214281079101562500E+04    0.761101511553162435E+01    0.106554150598237407E+01    0.171079540252685547E+01    0.617946544660971320E+01    0.768106686922999948E+01   -0.139331746745347962E+01
    0.816731522690138254E-71    0.214036083984375000E+04    0.763857315937113412E+01    0.108672629940866439E+01    0.172381842136383057E+01    0.625353344172875936E+01    0.817472683879658391E+01   -0.154364505370700211E+01
    0.110092803672221359E-70    0.213964599609375000E+04    0.761088890851012767E+01    0.101374311525004801E+01    0.172994947433471680E+01    0.604084555514934696E+01    0.782996325573869534E+01   -0.133743459868796077E+01
    0.129327608170366453E-70    0.213920629882812500E+04    0.765774007938037293E+01    0.108664267611840448E+01    0.175198483467102051E+01    0.641820466281527757E+01    0.884518227730488249E+01   -0.135222297180338513E+01
    0.124633301734079076E-70    0.213916259765625000E+04    0.756278593721156156E+01    0.103879824008070010E+01    0.168019819259643555E+01    0.610710011005694842E+01    0.802186032337355215E+01   -0.128212203625886279E+01
    0.142494205226226024E-70    0.213877709960937500E+04    0.768117263834200781E+01    0.101357689415453778E+01    0.203062295913696289E+01    0.623277479989509509E+01    0.100108481734637991E+02   -0.133396490060006667E+01
    0.175508893783952535E-70    0.213824267578125000E+04    0.760858902619074229E+01    0.107520857359408195E+01    0.176852941513061523E+01    0.635453833708361504E+01    0.749541374888426937E+01   -0.142038908994418511E+01
    0.172242824498337880E-70    0.213816259765625000E+04    0.750444623969307401E+01    0.102961923195313609E+01    0.150545620918273926E+01    0.639095930989754724E+01    0.103144458551692928E+02   -0.134022765823776346E+01
    0.202064626925000615E-70    0.213772558593750000E+04    0.764470913687046227E+01    0.108219348042196195E+01    0.178315162658691406E+01    0.623458573778109226E+01    0.103748934923278924E+02   -0.145066505288489145E+01
    0.256061678978156742E-70    0.213713427734375000E+04    0.763435574746104617E+01    0.109845138702681244E+01    0.161616218090057373E+01    0.628328068003561224E+01    0.936293206488351970E+01   -0.160768615827322447E+01
    0.318212012444674007E-70    0.213658203125000000E+04    0.747830591114916388E+01    0.813672477299861474E+00    0.241950821876525879E+01    0.663271337191835642E+01    0.100464541998235308E+02   -0.416148729410350748E+00
    0.435375462132775858E-70    0.213583740234375000E+04    0.762617431883867258E+01    0.100920434089698885E+01    0.185616719722747803E+01    0.631126828947384144E+01    0.924792316286170113E+01   -0.140573379968506385E+01
    0.124407792146435090E-69    0.213361987304687500E+04    0.768746330206752937E+01    0.108182655824664731E+01    0.190505194664001465E+01    0.623893308090175847E+01    0.919772437533764453E+01   -0.134275909423693696E+01
    0.125615132953771105E-69    0.213348291015625000E+04    0.755971281393212280E+01    0.102744744948522282E+01    0.162907981872558594E+01    0.605106667644662721E+01    0.915438043744915220E+01   -0.125518061009057291E+01
    0.229079057083389617E-69    0.213216357421875000E+04    0.749525227380448733E+01    0.102585054752704052E+01    0.153811895847320557E+01    0.621400440087306105E+01    0.739487814151409317E+01   -0.122328034313911793E+01
    0.235720312513992257E-69    0.213198876953125000E+04    0.750671590329219462E+01    0.100154900781512080E+01    0.168179011344909668E+01    0.625548988940903605E+01    0.928410302250180131E+01   -0.135038186667266658E+01
    0.406152103977169241E-69    0.213078295898437500E+04    0.757032661013119235E+01    0.102319515589494969E+01    0.183039951324462891E+01    0.640511735968457163E+01    0.103810033015156122E+02   -0.133201771354633469E+01
    0.454043172124237825E-69    0.213044238281250000E+04    0.764395713465839144E+01    0.109475821382314220E+01    0.168694138526916504E+01    0.643363765683628230E+01    0.852303038423786141E+01   -0.137263964124874027E+01
    0.461143639643574346E-69    0.213029370117187500E+04    0.745591957592125532E+01    0.101019545794339494E+01    0.146869754791259766E+01    0.612072066003939597E+01    0.914137237699714866E+01   -0.125567084792586536E+01
    0.452341230182095699E-69    0.213021459960937500E+04    0.759571020188690582E+01    0.100512376939670833E+01    0.188952171802520752E+01    0.646844655629554310E+01    0.862498609057405297E+01   -0.126285182612066849E+01
    0.807874920312658018E-69    0.212893701171875000E+04    0.759848046940263799E+01    0.100207678841296866E+01    0.186154282093048096E+01    0.619949838900821959E+01    0.856386668995025424E+01   -0.125539073959847425E+01
    0.180488943486906388E-68    0.212721166992187500E+04    0.760945782553640004E+01    0.108494482165020734E+01    0.163521409034729004E+01    0.613109218530618172E+01    0.101067945188345369E+02   -0.133133923709874180E+01
    0.251537746025091711E-68    0.212643017578125000E+04    0.736918816756296380E+01    0.819326767907942788E+00    0.190741705894470215E+01    0.651687365068298252E+01    0.998607586662297031E+01   -0.460061134206449118E+00
    0.671600108765329595E-68    0.212434838867187500E+04    0.768188624474756576E+01    0.109644883617520184E+01    0.176708388328552246E+01    0.625026821355444984E+01    0.994628005488069888E+01   -0.143270944276284640E+01
    0.125090890560539243E-67    0.212298681640625000E+04    0.758824074952280725E+01    0.109323237550815944E+01    0.159179103374481201E+01    0.644527942012796906E+01    0.897162701431615517E+01   -0.135531870789152098E+01
    0.637136963798859278E-67    0.211961328125000000E+04    0.761625092247295488E+01    0.110490121297841615E+01    0.165473723411560059E+01    0.631284937991334960E+01    0.102014544448544004E+02   -0.136057382106180946E+01
    0.851428902352911587E-67    0.211891577148437500E+04    0.764681698388563369E+01    0.110013369428865615E+01    0.169000482559204102E+01    0.630560538233501333E+01    0.975090730882763346E+01   -0.139161122300495022E+01
    0.126759867132780021E-66    0.211800219726562500E+04    0.734834007671915135E+01    0.803501706850240693E+00    0.183307313919067383E+01    0.649533748831498414E+01    0.909317837719353506E+01   -0.265338201119110773E+00
    0.180941001666604983E-65    0.211256762695312500E+04    0.735290165433913501E+01    0.799974521378225445E+00    0.193181860446929932E+01    0.648539408439378295E+01    0.894157114294364064E+01   -0.328276215040043784E+00
    0.825358576498788641E-63    0.210020434570312500E+04    0.748702874836080934E+01    0.804523878257164538E+00    0.245133471488952637E+01    0.655334884166076392E+01    0.103117545955319923E+02   -0.392647749650494315E+00
    0.358262076711797649E-62    0.209715063476562500E+04    0.750266123368318993E+01    0.784160875013532155E+00    0.254737973213195801E+01    0.643937357232271257E+01    0.959802723071888764E+01   -0.382325038691367247E+00
    0.569527645917042363E-61    0.209150073242187500E+04    0.739483847774050673E+01    0.780642149608177127E+00    0.215092563629150391E+01    0.653693692643062541E+01    0.905485547790720702E+01   -0.342664870835035495E+00
    0.230278831479913499E-57    0.207477343750000000E+04    0.744305591310753201E+01    0.779274001550855910E+00    0.232471776008605957E+01    0.652535145604151801E+01    0.869904353440704625E+01   -0.351461794200886857E+00
    0.257006372674796276E-55    0.206522583007812500E+04    0.741850872594622324E+01    0.781268468717336795E+00    0.232476520538330078E+01    0.676226817508329070E+01    0.919854488760294942E+01   -0.115765756760456640E+00
    0.322874807840140956E-55    0.206465185546875000E+04    0.722799587565465718E+01    0.781869996238782061E+00    0.171943140029907227E+01    0.683068498532034685E+01    0.930834189328474970E+01    0.206916572126419229E+00
    0.968658214616597436E-55    0.206233691406250000E+04    0.750288373398271968E+01    0.807867279676218630E+00    0.251403737068176270E+01    0.651210244307251873E+01    0.954860740233993255E+01   -0.337147897023688081E+00
    0.105189740399357383E-53    0.205744921875000000E+04    0.744670573692696713E+01    0.822007642743000422E+00    0.209168457984924316E+01    0.653021791929784712E+01    0.924992030224205841E+01   -0.251351670944919503E+00
    0.708244778019720281E-52    0.204891235351562500E+04    0.751696662763129275E+01    0.783120743055835122E+00    0.260335183143615723E+01    0.658253279208670961E+01    0.931821900100308476E+01   -0.289725680186206924E+00
    0.826631600301950021E-47    0.202545971679687500E+04    0.729327164833911912E+01    0.789951967667714916E+00    0.180971121788024902E+01    0.668977865250465342E+01    0.951245037901600199E+01   -0.314477528689462993E-01
    0.161704156522483325E-43    0.201018457031250000E+04    0.738156800357669152E+01    0.790742340002914657E+00    0.203488755226135254E+01    0.636973981641702913E+01    0.955418449494217725E+01   -0.199966520877211895E+00
    0.285214254619472175E-38    0.198590612792968750E+04    0.734452782506845203E+01    0.775766851658037715E+00    0.193440389633178711E+01    0.668913326421275833E+01    0.865705939062736718E+01    0.771036750717875030E-01
    0.331850063948471672E-38    0.198548559570312500E+04    0.733515949676044965E+01    0.811342810683501781E+00    0.190022838115692139E+01    0.649152444482169422E+01    0.103230589448084142E+02   -0.155045834986895503E+00
    0.524394548660617572E-37    0.197984765625000000E+04    0.743503199356492761E+01    0.818738324599021849E+00    0.205481219291687012E+01    0.635995663024787028E+01    0.104317274031676988E+02   -0.229600803014871957E+00
    0.674785557721715617E-37    0.197922570800781250E+04    0.740998469269974969E+01    0.812666218774487414E+00    0.205353116989135742E+01    0.628134636997635454E+01    0.987201300111061641E+01   -0.218876992508945323E+00
    0.280711514240543674E-35    0.197165185546875000E+04    0.741296160195625120E+01    0.792118492579949818E+00    0.221149015426635742E+01    0.660672882893640434E+01    0.832377462134549084E+01   -0.121694795314990056E+00
    0.238012549411772402E-32    0.195804870605468750E+04    0.734040086716601881E+01    0.811173321999346442E+00    0.172872948646545410E+01    0.650069452431319039E+01    0.996671398381744211E+01    0.540544185739215699E-01
    0.160661323331862775E-31    0.195411193847656250E+04    0.751219647009074087E+01    0.781717354836510614E+00    0.261932015419006348E+01    0.660315241329287250E+01    0.100335561379927967E+02   -0.981861922448352686E-01
    0.188133128554851341E-31    0.195367858886718750E+04    0.733404362104401475E+01    0.793514694437240542E+00    0.178375267982482910E+01    0.654349527618496385E+01    0.939072372566970159E+01    0.395049934955649107E-01
    0.257276783841872441E-31    0.195293493652343750E+04    0.740540901320421519E+01    0.795842273167532199E+00    0.200382494926452637E+01    0.674493406064221723E+01    0.863807867020987885E+01    0.113495841630117944E+00
    0.860117849730310655E-29    0.194119311523437500E+04    0.744698057768926880E+01    0.801002551417700825E+00    0.211946463584899902E+01    0.650463614923167022E+01    0.876345219091393979E+01   -0.784961678148330400E-01
    0.366777365441923626E-28    0.193817492675781250E+04    0.734254874092033560E+01    0.796247332690339649E+00    0.192621266841888428E+01    0.670536943961568710E+01    0.102514626519487351E+02    0.739286652428772229E-01
    0.257369998615515751E-26    0.192955541992187500E+04    0.743969300110191956E+01    0.805782149339303810E+00    0.217205142974853516E+01    0.653045332345386154E+01    0.974369551812521095E+01   -0.763896657660323442E-01
    0.336827881615884688E-26    0.192889965820312500E+04    0.742497484076101877E+01    0.781471046178131679E+00    0.219769525527954102E+01    0.657006216816849964E+01    0.881244510088298583E+01   -0.955993874833027668E-01
    0.396896735889774439E-25    0.192384863281250000E+04    0.734807724412835572E+01    0.783798727519527838E+00    0.199472236633300781E+01    0.643834266356599549E+01    0.940025279000501968E+01   -0.742831156369794243E-01
    0.128493236408923531E-23    0.191677624511718750E+04    0.736613094843320226E+01    0.780277590701186519E+00    0.195229756832122803E+01    0.640706136012984473E+01    0.922574622171871717E+01   -0.528538829011964140E-01
    0.133621899271086541E-23    0.191658032226562500E+04    0.739317120784219384E+01    0.783626877173587144E+00    0.203374719619750977E+01    0.648693194665046668E+01    0.101157438953790546E+02   -0.455950987559390342E-01
    0.153247222606093683E-23    0.191618859863281250E+04    0.739018337035955319E+01    0.779117310846752731E+00    0.211589264869689941E+01    0.658375799158579422E+01    0.871318061477637151E+01   -0.444865591872951605E-01
    0.350320706472311327E-23    0.191441735839843750E+04    0.732703333623177855E+01    0.813402640773733143E+00    0.177689754962921143E+01    0.664729882632098690E+01    0.869334777556467841E+01    0.143250498302996743E+00
    0.677045116214149225E-23    0.191298193359375000E+04    0.731693712366336335E+01    0.780727002638001766E+00    0.189693343639373779E+01    0.664725445220742195E+01    0.100024132285151310E+02    0.536821930729138863E-01
    0.147936538994331052E-22    0.191130102539062500E+04    0.731380981151792131E+01    0.794180872280256134E+00    0.176750850677490234E+01    0.651192581554536343E+01    0.904965219897770012E+01    0.593685794331668681E-01
    0.291085372402223700E-22    0.190982971191406250E+04    0.750947850029695552E+01    0.786134718392710208E+00    0.254220676422119141E+01    0.657567912723669146E+01    0.816949888261041934E+01   -0.560636150439908221E-02
    0.324159585308681525E-22    0.190949682617187500E+04    0.749432148872922976E+01    0.780717480783839846E+00    0.254474496841430664E+01    0.651413074672701242E+01    0.993204409348182260E+01   -0.598404999084891642E-01
    0.320250757751614843E-22    0.190940344238281250E+04    0.725311403731351678E+01    0.790721001262102652E+00    0.159303534030914307E+01    0.644090368238239108E+01    0.863866482750001197E+01    0.108666615345538009E+00
    0.664371693814194120E-18    0.188940563964843750E+04    0.735099270747499212E+01    0.811435939663050054E+00    0.185138607025146484E+01    0.657694130709577607E+01    0.879080113041119304E+01    0.120666816919415165E+00
    0.146583003044770473E-17    0.188770532226562500E+04    0.734960975180709575E+01    0.812569666944175872E+00    0.184071075916290283E+01    0.660116788717289982E+01    0.877707876152458333E+01    0.215205032972078047E+00
    0.148313007039255190E-17    0.188756420898437500E+04    0.747035355430334658E+01    0.788076699843571760E+00    0.220689558982849121E+01    0.644029799585752372E+01    0.888868324247638064E+01   -0.668625736087724576E-02
    0.197628232863121279E-17    0.188687243652343750E+04    0.743414388946210103E+01    0.795066531912364094E+00    0.205325579643249512E+01    0.637932038366452137E+01    0.866894990619952210E+01    0.243671078692773158E-01
    0.204228390575140574E-17    0.188668908691406250E+04    0.737643935720423016E+01    0.818754915208612988E+00    0.204156231880187988E+01    0.650231033012163451E+01    0.102267432016112139E+02    0.159617207422271257E-01
    0.268981852757584315E-17    0.188602062988281250E+04    0.727436427288217136E+01    0.782442481329932882E+00    0.169659233093261719E+01    0.657292722779995131E+01    0.971677586746164224E+01    0.171278492121064829E+00
    0.749295456976208676E-17    0.188385400390625000E+04    0.735808819074458853E+01    0.807866783415846501E+00    0.187814903259277344E+01    0.644358376458302828E+01    0.102817705167771507E+02    0.546539616793291216E-01
    0.380993892826758593E-16    0.188048388671875000E+04    0.739283178061474988E+01    0.812759001377334478E+00    0.205332827568054199E+01    0.661020463970271077E+01    0.100641790303239897E+02    0.104122607480057638E+00
    0.975175098250337299E-16    0.187848657226562500E+04    0.745246774175744964E+01    0.797102000386532783E+00    0.207884526252746582E+01    0.659256956736606270E+01    0.922109311292346412E+01    0.121387820895430210E+00
    0.254120860583594977E-15    0.187645336914062500E+04    0.756974748236191086E+01    0.797516723870295041E+00    0.253967714309692383E+01    0.632771669346906673E+01    0.863614401933377351E+01   -0.332995612770816685E-01
    0.344959621645842866E-15    0.187572448730468750E+04    0.744728534571031719E+01    0.805233784019289134E+00    0.224715590476989746E+01    0.658676260575961958E+01    0.104950361711128082E+02    0.936348779452935709E-01
    0.359561273591037612E-15    0.187552392578125000E+04    0.742176380739441832E+01    0.786162530666882575E+00    0.214875411987304688E+01    0.654198898873041301E+01    0.899156395098184724E+01    0.322409824644296350E-01
    0.672661168437164444E-15    0.187415356445312500E+04    0.733365247300724032E+01    0.801941073377769542E+00    0.189994502067565918E+01    0.649940211168259196E+01    0.913404325712034648E+01    0.595584104157627081E-01
    0.693642559056588325E-15    0.187397448730468750E+04    0.744212237712437030E+01    0.788426612204486954E+00    0.230287170410156250E+01    0.660180896255500915E+01    0.979373129909004270E+01    0.866643388170103002E-01
    0.300352147590510780E-12    0.186171533203125000E+04    0.746250624144214747E+01    0.812409677057943092E+00    0.227672243118286133E+01    0.642468933096601891E+01    0.101908029567804626E+02    0.168181171118542139E-01
    0.291649000886000356E-12    0.186165649414062500E+04    0.754959981233967437E+01    0.783054110497722444E+00    0.258413410186767578E+01    0.655353886382651307E+01    0.845568061700497076E+01    0.509778129318974038E-01
    0.289436518781151031E-12    0.186155407714843750E+04    0.737807549915335237E+01    0.779874058370377821E+00    0.214610743522644043E+01    0.659801140708126344E+01    0.974342751465442447E+01    0.105013013851054993E+00
    0.360170771786238644E-12    0.186099914550781250E+04    0.744370223125816111E+01    0.787488496154665318E+00    0.226455807685852051E+01    0.648269362852674824E+01    0.955002011835200193E+01    0.249169079946049976E-01
    0.729442922403401037E-12    0.185947009277343750E+04    0.731210909077578020E+01    0.801106743711257563E+00    0.181577837467193604E+01    0.652603528243749054E+01    0.867821518878921339E+01    0.144369566973961749E+00
    0.924425927049222636E-12    0.185887866210937500E+04    0.734839688039765004E+01    0.798823744090071286E+00    0.183540201187133789E+01    0.640238603392520567E+01    0.100828039729546326E+02    0.903015323889388988E-01
    0.151829317514089334E-11    0.185776867675781250E+04    0.745731153060621565E+01    0.818335885743769254E+00    0.217858266830444336E+01    0.643785894325514629E+01    0.934790203448082124E+01    0.296910678785633486E-01
    0.246747869284068794E-11    0.185667980957031250E+04    0.758355831019492577E+01    0.805382539267018305E+00    0.256819987297058105E+01    0.641027890110942344E+01    0.898060183160528780E+01    0.528227829099350288E-01
    0.241713108676345831E-11    0.185660339355468750E+04    0.730756482669759766E+01    0.798781645808028795E+00    0.180808639526367188E+01    0.653752151512007096E+01    0.923299748687948352E+01    0.168205588363021352E+00
    0.563932098500117018E-11    0.185479138183593750E+04    0.746158851600404205E+01    0.791324079048918771E+00    0.226489377021789551E+01    0.641296110465540892E+01    0.919724202805979019E+01    0.119918556608151761E-01
    0.880835654525458384E-11    0.185378186035156250E+04    0.736230832829431669E+01    0.787763782713095662E+00    0.193246924877166748E+01    0.653562118057361907E+01    0.830841342364940694E+01    0.125283554528591079E+00
    0.113213667375636093E-10    0.185316223144531250E+04    0.755505418499403447E+01    0.812404938179445701E+00    0.250415396690368652E+01    0.636059661048906744E+01    0.922454594844789000E+01    0.347009818780787960E-01
    0.708329527893675377E-10    0.184937731933593750E+04    0.742340222404957650E+01    0.782340765620683887E+00    0.211623048782348633E+01    0.644737306023096757E+01    0.100481755639535386E+02    0.372322021862809827E-01
    0.132674951753854348E-09    0.184800451660156250E+04    0.744919900597210027E+01    0.800456738957439740E+00    0.231073856353759766E+01    0.645627031308344534E+01    0.102737868898660949E+02    0.757294536100738824E-01
    0.211900581582595822E-09    0.184695043945312500E+04    0.745649800024487330E+01    0.781601869549967576E+00    0.215735125541687012E+01    0.640323395333911716E+01    0.780014809213710958E+01    0.525765575004490948E-01
    0.585441885930166892E-09    0.184480029296875000E+04    0.744049453147790274E+01    0.808415887231358266E+00    0.214588880538940430E+01    0.652449716103156607E+01    0.930963591639739008E+01    0.155860289142207620E+00
    0.998989308947423742E-09    0.184361389160156250E+04    0.743527752065847203E+01    0.812197631142095533E+00    0.203623580932617188E+01    0.654565337625702348E+01    0.897866044254235440E+01    0.178996419003048413E+00
    0.118374233870596317E-08    0.184315686035156250E+04    0.730422783727685587E+01    0.792084438500880172E+00    0.181257307529449463E+01    0.650404481812057433E+01    0.960587955708758301E+01    0.166985399847159321E+00
    0.114307512650085930E-08    0.184310913085937500E+04    0.736567067281151022E+01    0.802489900785026578E+00    0.196051180362701416E+01    0.646081028576789596E+01    0.100526285541607141E+02    0.976596855697526856E-01
    0.422022656539226302E-08    0.184037915039062500E+04    0.743498264711528645E+01    0.804312475234525648E+00    0.218222832679748535E+01    0.638703310744700126E+01    0.983391989176120340E+01    0.635428993343150061E-01
    0.876475124288877329E-08    0.183879980468750000E+04    0.744101487727307109E+01    0.816405778620145295E+00    0.202633261680603027E+01    0.655999355855358690E+01    0.934449218514099300E+01    0.195216154298434752E+00
    0.956308813502124321E-08    0.183850781250000000E+04    0.739772579975259159E+01    0.787860368484171958E+00    0.199870526790618896E+01    0.653022553066138123E+01    0.862998727278083599E+01    0.143851819203254738E+00
    0.213429286266789256E-07    0.183678454589843750E+04    0.734670019912520278E+01    0.779656768484006779E+00    0.196611630916595459E+01    0.643187819429847885E+01    0.103798061917909266E+02    0.746506620378215580E-01
    0.274739223218596358E-07    0.183616186523437500E+04    0.752174047383488453E+01    0.794260157880078310E+00    0.241272687911987305E+01    0.654920828570985503E+01    0.890304562356666018E+01    0.110031936724357404E+00
    0.302687077018392980E-07    0.183585046386718750E+04    0.731949201095198543E+01    0.793152208202156817E+00    0.185751938819885254E+01    0.649892957525501824E+01    0.909355388208597049E+01    0.165306176117695713E+00
    0.507408016623241951E-07    0.183469958496093750E+04    0.737084813067912492E+01    0.805211604554347926E+00    0.193060779571533203E+01    0.639972979052586588E+01    0.920972418336704202E+01    0.116858151840038005E+00
    0.595114387991725450E-07    0.183426306152343750E+04    0.753022712851149478E+01    0.815068850221518204E+00    0.234160494804382324E+01    0.646117736685113098E+01    0.904794525667412231E+01    0.830108550518704469E-01
    0.700413467859504726E-07    0.183381958007812500E+04    0.734640578140350531E+01    0.783541092426943697E+00    0.187655329704284668E+01    0.643904635419108917E+01    0.906642757833146007E+01    0.129637134786538155E+00
    0.679744456675073283E-07    0.183376184082031250E+04    0.746997791954618862E+01    0.810153868359207441E+00    0.209389877319335938E+01    0.649430969720048523E+01    0.824014234909374110E+01    0.181988675843051340E+00
    0.796704409560170959E-07    0.183332666015625000E+04    0.742521851885595474E+01    0.802784697570210315E+00    0.213895821571350098E+01    0.639338116278045110E+01    0.923632316610138737E+01    0.738397853337540155E-01
    0.915504375214399868E-07    0.183293103027343750E+04    0.742499384459803746E+01    0.792630250226532551E+00    0.199653911590576172E+01    0.650641816569093479E+01    0.708700768802066250E+01    0.166964034758689372E+00
    0.127099262569744049E-06    0.183215722656250000E+04    0.749664989907102086E+01    0.817673173851814372E+00    0.223427772521972656E+01    0.643399708139669180E+01    0.931443667591799773E+01    0.949744801715204368E-01
    0.250436499573440052E-06    0.183068310546875000E+04    0.744794835447238945E+01    0.803031623151477914E+00    0.222761034965515137E+01    0.648312085482026035E+01    0.917117342696668914E+01    0.122005095599199365E+00
    0.256896020887830176E-06    0.183051452636718750E+04    0.740580008242748811E+01    0.799561692254113443E+00    0.191594934463500977E+01    0.639908441491199032E+01    0.859219633542481809E+01    0.151922153584381991E+00
    0.395569461454970398E-06    0.182953356933593750E+04    0.749441810410613485E+01    0.812635746689391536E+00    0.224573254585266113E+01    0.640250513384361142E+01    0.100666834859648713E+02    0.869613637882391544E-01
    0.397123379685295315E-06    0.182940808105468750E+04    0.733246275788793156E+01    0.784111364070578687E+00    0.184740102291107178E+01    0.647534255134111980E+01    0.881415229068966255E+01    0.173001121886519726E+00
    0.552268489971206104E-06    0.182863085937500000E+04    0.749347787380171670E+01    0.804744462607842381E+00    0.230394482612609863E+01    0.648576173987374638E+01    0.824896858992243764E+01    0.131515754414911257E+00
    0.542553909943542918E-06    0.182854870605468750E+04    0.750419448979177250E+01    0.811533672608776069E+00    0.234365892410278320E+01    0.643969005952577156E+01    0.971445455119382650E+01    0.114934759097405248E+00
    0.529443638868971600E-06    0.182847998046875000E+04    0.732061293008869018E+01    0.798749346774411006E+00    0.186645686626434326E+01    0.644442420790361314E+01    0.103343308423087112E+02    0.139943854207253970E+00
    0.920017183831815737E-06    0.182725720214843750E+04    0.743598091571776720E+01    0.813190101265569787E+00    0.198914861679077148E+01    0.649829643025341142E+01    0.753008347667898459E+01    0.210013987328040219E+00
    0.995518922176694319E-06    0.182698181152343750E+04    0.738502096437453659E+01    0.797881998955104588E+00    0.194350278377532959E+01    0.637824312925052261E+01    0.103558768149712890E+02    0.111663521618498685E+00
    0.110182031396056996E-05    0.182666125488281250E+04    0.741288084684321014E+01    0.810060276279224389E+00    0.201446509361267090E+01    0.638061936472503977E+01    0.979573331806842340E+01    0.125575780674327842E+00
    0.109640227071701463E-05    0.182655346679687500E+04    0.739790414066772861E+01    0.788527493098213794E+00    0.211651253700256348E+01    0.647441100912617795E+01    0.854215259738714039E+01    0.114398774610411813E+00
    0.145074586610868902E-05    0.182587573242187500E+04    0.737699053537101168E+01    0.793768134135497294E+00    0.201667809486389160E+01    0.634769685057313016E+01    0.918699773642832618E+01    0.806947698011843961E-01
    0.232881319018651521E-05    0.182481152343750000E+04    0.738070775441755256E+01    0.797155687941145996E+00    0.201624155044555664E+01    0.642356684051129800E+01    0.104087094397747357E+02    0.934226113889793375E-01
    0.369184943030893569E-05    0.182377233886718750E+04    0.744757219511057311E+01    0.797534572219654625E+00    0.216490411758422852E+01    0.654337547000320008E+01    0.802611272632719164E+01    0.148710100933197253E+00
    0.431600781965007612E-05    0.182334228515625000E+04    0.748988823630387657E+01    0.812678448894651906E+00    0.225551629066467285E+01    0.645777169201533585E+01    0.850172977230502092E+01    0.118181201753052356E+00
    0.423000687700680719E-05    0.182326489257812500E+04    0.739694814371642906E+01    0.811454278212663027E+00    0.196494066715240479E+01    0.634249717133119617E+01    0.103755838123225050E+02    0.122629859580205558E+00
    0.543814866039156595E-05    0.182264477539062500E+04    0.739169836813068581E+01    0.795312698313589861E+00    0.202717304229736328E+01    0.636256798376308286E+01    0.877666052772389094E+01    0.858623896272838749E-01
    0.527799250384468638E-05    0.182258691406250000E+04    0.746212123607481370E+01    0.814894039421524830E+00    0.218673348426818848E+01    0.648632732685386060E+01    0.859693426191491383E+01    0.120048148139539457E+00
    0.502715453050011274E-05    0.182256665039062500E+04    0.753219112878158281E+01    0.812953341603981694E+00    0.226900982856750488E+01    0.645260477038980085E+01    0.790723474513237612E+01    0.150626779411840328E+00
    0.479935611786593291E-05    0.182254174804687500E+04    0.747481425084849160E+01    0.814349245925388709E+00    0.216248059272766113E+01    0.636936234470689211E+01    0.926843593402525912E+01    0.907258130060117907E-01
    0.647056362203500946E-05    0.182182653808593750E+04    0.744067889123144699E+01    0.814262592705389698E+00    0.213582706451416016E+01    0.640908550654326170E+01    0.917480500795139697E+01    0.861757572217931589E-01
    0.108601469389025020E-04    0.182067321777343750E+04    0.743591439090326389E+01    0.789535019354810741E+00    0.215593004226684570E+01    0.637860801534022670E+01    0.796471566181620449E+01    0.896321258563474998E-01
    0.111103856963755644E-04    0.182051000976562500E+04    0.746102876537392312E+01    0.815887042356367109E+00    0.215535068511962891E+01    0.644741537280949295E+01    0.887917050136488406E+01    0.104875019736510922E+00
    0.148707855461282085E-04    0.181980932617187500E+04    0.745833741016367213E+01    0.805267351948950161E+00    0.208088016510009766E+01    0.647168217222080866E+01    0.848137531299016345E+01    0.184442086759017077E+00
    0.215422994077090899E-04    0.181895043945312500E+04    0.744996254540776537E+01    0.792278023094385109E+00    0.211422586441040039E+01    0.654543423393428636E+01    0.719175979760468653E+01    0.197992600087340431E+00
    0.249289273861080953E-04    0.181854077148437500E+04    0.743609825795433288E+01    0.788921184261365038E+00    0.216134858131408691E+01    0.644320367564467844E+01    0.811232961143957354E+01    0.108077250563973770E+00
    0.252739985749802694E-04    0.181839562988281250E+04    0.735787483484671512E+01    0.800100172200958304E+00    0.189484620094299316E+01    0.642328825495835520E+01    0.924371816906657884E+01    0.144669369745752618E+00
    0.310614425921777642E-04    0.181786560058593750E+04    0.748554978609886845E+01    0.806478654860436017E+00    0.215141224861145020E+01    0.639977181403230766E+01    0.799330031913924710E+01    0.156441742100154713E+00
    0.370290166114525774E-04    0.181739648437500000E+04    0.736596485765216613E+01    0.797169130958007455E+00    0.190715765953063965E+01    0.649409781883150128E+01    0.759630330178158886E+01    0.208004323616813203E+00
    0.523892313977457753E-04    0.181658483886718750E+04    0.746368142407892332E+01    0.808252857362005361E+00    0.209707164764404297E+01    0.644939733785428260E+01    0.788621011618390799E+01    0.195854519337557598E+00
    0.561000011989513266E-04    0.181633032226562500E+04    0.737584001982069015E+01    0.792510137465871067E+00    0.194879078865051270E+01    0.641533557245848929E+01    0.101057265934593161E+02    0.129019620941758451E+00
    0.568314374153603127E-04    0.181618676757812500E+04    0.739005796124542513E+01    0.796130665951991112E+00    0.202847695350646973E+01    0.645637530003452031E+01    0.884844935162453972E+01    0.121208393305445750E+00
    0.550030790119943299E-04    0.181613452148437500E+04    0.745445699469700340E+01    0.798900872316877897E+00    0.219650769233703613E+01    0.643806327702222436E+01    0.896049375103530110E+01    0.103012979634234725E+00
    0.736732558693594433E-04    0.181543237304687500E+04    0.744595984800520938E+01    0.795631581606099259E+00    0.218957543373107910E+01    0.639281418606936214E+01    0.790898131035930074E+01    0.872167215819943387E-01
    0.100891562967370916E-03    0.181468591308593750E+04    0.747863216098633110E+01    0.795930265115597724E+00    0.218864512443542480E+01    0.648611467052173563E+01    0.890657950000853837E+01    0.138786175415900104E+00
    0.105747876529203484E-03    0.181447424316406250E+04    0.741074217569231219E+01    0.805613123441010104E+00    0.199859440326690674E+01    0.640900891075952028E+01    0.702032773092816509E+01    0.170802933399657242E+00
    0.103963854957021744E-03    0.181439062500000000E+04    0.748450431660279580E+01    0.796147902743938984E+00    0.224626541137695312E+01    0.647914882633233358E+01    0.908307514687676232E+01    0.122631578662207197E+00
    0.124270844461789830E-03    0.181391613769531250E+04    0.740803274271273793E+01    0.797754534733542298E+00    0.204298853874206543E+01    0.642304281070023286E+01    0.740349620754346383E+01    0.119484157386732459E+00
    0.186157212260846405E-03    0.181299023437500000E+04    0.745702583329308766E+01    0.812078878947437355E+00    0.210067868232727051E+01    0.642725664435052302E+01    0.879677914059911537E+01    0.157881101638893018E+00
    0.186284912964409632E-03    0.181287121582031250E+04    0.750261368111013116E+01    0.798653150389126987E+00    0.230226612091064453E+01    0.650311650544356201E+01    0.809668007856983785E+01    0.142329745153286780E+00
    0.270683131315372011E-03    0.181200622558593750E+04    0.738173050983420964E+01    0.797861635639274258E+00    0.197125732898712158E+01    0.646444159866229828E+01    0.797482123241375085E+01    0.154328092964171049E+00
    0.308681776612906411E-03    0.181162585449218750E+04    0.739138355622079946E+01    0.796134574499393288E+00    0.194898867607116699E+01    0.648172548785352287E+01    0.796245829547435147E+01    0.176574409863909931E+00
    0.313700446820868427E-03    0.181147595214843750E+04    0.743009018655878783E+01    0.793994577492140197E+00    0.207483816146850586E+01    0.650105437339202119E+01    0.730788541789147938E+01    0.168131851807427513E+00
    0.393354100384238413E-03    0.181090576171875000E+04    0.750138907389604448E+01    0.793543411202740412E+00    0.228548049926757812E+01    0.651040498597124717E+01    0.909379437778732580E+01    0.150181714805058597E+00
    0.462389086446617775E-03    0.181046472167968750E+04    0.754331695754001341E+01    0.799110234841437617E+00    0.238356208801269531E+01    0.648770130587863303E+01    0.793141906387697126E+01    0.150121647390339952E+00
    0.487880734106919186E-03    0.181023974609375000E+04    0.739381199996541394E+01    0.797468096952056560E+00    0.201626873016357422E+01    0.639412297111935946E+01    0.859145898131765762E+01    0.118920345009825734E+00
    0.474698827094185527E-03    0.181017687988281250E+04    0.744304413184630675E+01    0.805690031991245559E+00    0.202883863449096680E+01    0.640955279671159595E+01    0.945539411083879067E+01    0.188548490993755369E+00
    0.633351141378126099E-03    0.180948254394531250E+04    0.745641430670548111E+01    0.803762630545567625E+00    0.208991360664367676E+01    0.644049955267095164E+01    0.728939296576818840E+01    0.179469276963596158E+00
    0.653824307026732278E-03    0.180930126953125000E+04    0.741710621856040841E+01    0.793237408378645759E+00    0.208627128601074219E+01    0.645562295569380939E+01    0.776860571154503354E+01    0.132827707549052043E+00
    0.720158758220845415E-03    0.180899035644531250E+04    0.734257008981519821E+01    0.800056228989340812E+00    0.183914709091186523E+01    0.636344303069097172E+01    0.877159336907890541E+01    0.162888194189917623E+00
    0.693637455332308628E-03    0.180894775390625000E+04    0.748703814442235771E+01    0.795440242978752488E+00    0.226195168495178223E+01    0.640453290168316069E+01    0.918690071315261392E+01    0.108660957665984714E+00
    0.723837070003352143E-03    0.180874487304687500E+04    0.742826436997858774E+01    0.794662354013739192E+00    0.208946514129638672E+01    0.648770046309399540E+01    0.735620590879432790E+01    0.156933047907258150E+00
    0.720189785949656470E-03    0.180863732910156250E+04    0.747437551649199428E+01    0.797480097611997452E+00    0.213285183906555176E+01    0.652507935785847160E+01    0.798763997992252062E+01    0.204255542796683898E+00
    0.681913396545070680E-03    0.180862890625000000E+04    0.739275671422602532E+01    0.793923368746831781E+00    0.200779247283935547E+01    0.641193457120122190E+01    0.943771623871542609E+01    0.129866543028805292E+00
    0.917964058040697203E-03    0.180791674804687500E+04    0.741147070870898794E+01    0.798933054666307374E+00    0.196726226806640625E+01    0.647866309893643422E+01    0.835838749818689308E+01    0.200035678485787294E+00
    0.102489049901597620E-02    0.180757873535156250E+04    0.747926530463269224E+01    0.792380830056593988E+00    0.219462251663208008E+01    0.647994536337703497E+01    0.770433011767503118E+01    0.152725070800773466E+00
    0.988774942417040229E-03    0.180753283691406250E+04    0.736477980116089626E+01    0.796752448237017852E+00    0.194650244712829590E+01    0.642542171596902190E+01    0.921532136675480018E+01    0.146511992123555590E+00
    0.104724186121620249E-02    0.180730029296875000E+04    0.748618144450803502E+01    0.799239945239926697E+00    0.219128942489624023E+01    0.651115069070237595E+01    0.771265091385834722E+01    0.187214692508610892E+00
    0.114878351255721847E-02    0.180699755859375000E+04    0.752973020130596993E+01    0.796808387411655050E+00    0.232288169860839844E+01    0.649347279808264144E+01    0.825878615130096350E+01    0.159170769722451144E+00
    0.118606287708036525E-02    0.180681604003906250E+04    0.736089682699921521E+01    0.801385060602317512E+00    0.186115908622741699E+01    0.638310812596945798E+01    0.878998277893301783E+01    0.180042493578516538E+00
    0.126805873074578752E-02    0.180656469726562500E+04    0.746266963030458097E+01    0.796610047558679479E+00    0.218205499649047852E+01    0.644774495964277872E+01    0.780502377256943358E+01    0.129387956333010479E+00
    0.131433281321205876E-02    0.180637536621093750E+04    0.739625505832481611E+01    0.794715910087937627E+00    0.203067708015441895E+01    0.646544357679810666E+01    0.889620887219871115E+01    0.154839923648437683E+00
    0.147623279518123668E-02    0.180602539062500000E+04    0.746513098278083298E+01    0.798573645919951391E+00    0.208591651916503906E+01    0.648226986848374587E+01    0.797038673818441179E+01    0.193418352140944716E+00
    0.152544119158164833E-02    0.180584216308593750E+04    0.737980453112727730E+01    0.795170793073501470E+00    0.191478919982910156E+01    0.645032979970824538E+01    0.738783644091564362E+01    0.185025498446937942E+00
    0.166489392766213588E-02    0.180554956054687500E+04    0.746390088408226404E+01    0.799120825669391244E+00    0.213634324073791504E+01    0.647169310306214829E+01    0.903252189973567354E+01    0.161409563718339033E+00
    0.167000652451938965E-02    0.180542578125000000E+04    0.748593208270834154E+01    0.798785418627703692E+00    0.217264676094055176E+01    0.647563349732062044E+01    0.845248415985838264E+01    0.168897999849028313E+00
    0.177676194939648219E-02    0.180518420410156250E+04    0.748131162162919772E+01    0.802702212909084056E+00    0.215444564819335938E+01    0.642235007144699388E+01    0.892643619704662861E+01    0.166838751821810405E+00
    0.213694502745500389E-02    0.180469738769531250E+04    0.743743702637581716E+01    0.795943105465886758E+00    0.203329372406005859E+01    0.647288571734310203E+01    0.919173556477139186E+01    0.182763288893214249E+00
    0.209666637786790587E-02    0.180461779785156250E+04    0.740221586963755307E+01    0.794232524200873313E+00    0.203749465942382812E+01    0.647065579379924483E+01    0.838594926497229487E+01    0.164364624476532217E+00
    0.228387430952098390E-02    0.180432910156250000E+04    0.756331294092775686E+01    0.798391785380419550E+00    0.239937114715576172E+01    0.648903152579381803E+01    0.819581945881109064E+01    0.175415533621207764E+00
    0.240713896340775686E-02    0.180410632324218750E+04    0.744539486387230376E+01    0.797777793094173848E+00    0.206957697868347168E+01    0.647113084954414042E+01    0.847884195015124753E+01    0.174205282615170542E+00
    0.335756807010532086E-02    0.180332312011718750E+04    0.742712140165679813E+01    0.794584891327512421E+00    0.209403228759765625E+01    0.646923096635781114E+01    0.752945668058810647E+01    0.155978670280350951E+00
    0.385093603762599792E-02    0.180293127441406250E+04    0.740957130977673639E+01    0.797728150371653011E+00    0.205299758911132812E+01    0.645639490529491145E+01    0.846524549593777031E+01    0.157678116281420699E+00
    0.427229608438916067E-02    0.180260595703125000E+04    0.744836466244177053E+01    0.797857144740161894E+00    0.208786678314208984E+01    0.645475910940683661E+01    0.853240682592693211E+01    0.162977924078596903E+00
    0.407273272811019445E-02    0.180258398437500000E+04    0.740885181515040792E+01    0.793034033761829016E+00    0.205478000640869141E+01    0.643877857783168128E+01    0.748109354133967042E+01    0.146590898095785960E+00
    0.467717954319227854E-02    0.180218957519531250E+04    0.741589235930924584E+01    0.800422954012935284E+00    0.193553507328033447E+01    0.642930553412651751E+01    0.871117026163467401E+01    0.219744416254242569E+00
    0.447178542474911678E-02    0.180216174316406250E+04    0.745820424543446414E+01    0.794614974662732232E+00    0.211737132072448730E+01    0.647050784145459623E+01    0.920929693443531150E+01    0.167471836621579495E+00
    0.499144990846950645E-02    0.180182421875000000E+04    0.749010008378589554E+01    0.800586360679042763E+00    0.219836735725402832E+01    0.643341630893816241E+01    0.828048770413329116E+01    0.159232527620625675E+00
    0.563030241073851807E-02    0.180146569824218750E+04    0.742620151002379725E+01    0.798889749704920660E+00    0.204536199569702148E+01    0.643167652662235501E+01    0.874004358957059679E+01    0.157103927140530342E+00
    0.551676575098879792E-02    0.180138879394531250E+04    0.742030525329483481E+01    0.795407624244624190E+00    0.208832383155822754E+01    0.643042649851187953E+01    0.865337786560432853E+01    0.136448105657984264E+00
    0.552257221519639099E-02    0.180126904296875000E+04    0.749529135152736181E+01    0.797636459940844089E+00    0.218369150161743164E+01    0.647401468106544353E+01    0.956023726055182266E+01    0.181262769772747134E+00
    0.559457594495816214E-02    0.180112548828125000E+04    0.736567195064580105E+01    0.794689494241496375E+00    0.193001461029052734E+01    0.642416014332651564E+01    0.801175487582605861E+01    0.170876554370157141E+00
    0.680427883280997504E-02    0.180061633300781250E+04    0.746825618102457067E+01    0.795612714678546995E+00    0.218841981887817383E+01    0.643994930106200947E+01    0.860879175645461991E+01    0.138658793950191761E+00
    0.691237363436435995E-02    0.180046716308593750E+04    0.748984741158895950E+01    0.798358408524169283E+00    0.219437050819396973E+01    0.646793985267235882E+01    0.761703917845822431E+01    0.170828345748179178E+00
    0.670716313531531487E-02    0.180040979003906250E+04    0.743787000529980968E+01    0.796088730788665822E+00    0.204182004928588867E+01    0.648112036248654277E+01    0.741971437982551940E+01    0.201590301138343975E+00
    0.649059059349922553E-02    0.180035778808593750E+04    0.740996585512143913E+01    0.799438126543917993E+00    0.202195715904235840E+01    0.639124580101692086E+01    0.823598123410738303E+01    0.147384223158109062E+00
    0.640684788290300962E-02    0.180026611328125000E+04    0.736585659997897402E+01    0.797157705356245305E+00    0.189575934410095215E+01    0.642317387066361256E+01    0.841606656375937412E+01    0.185876093096041028E+00
    0.667111514892604687E-02    0.180006762695312500E+04    0.743670169007523718E+01    0.796091277227589877E+00    0.209776306152343750E+01    0.644383665662162564E+01    0.863143394280446152E+01    0.148290836362759304E+00
    0.653339928704490917E-02    0.179999169921875000E+04    0.746891874248294219E+01    0.799137161972421017E+00    0.210531806945800781E+01    0.644351040399475750E+01    0.898694264412501909E+01    0.180949072084928719E+00
    0.639111051164874613E-02    0.179991809082031250E+04    0.745958177329527228E+01    0.800435251473177845E+00    0.210353517532348633E+01    0.643677770625656986E+01    0.739044180887153335E+01    0.176439199716613260E+00
    0.654755911089218660E-02    0.179975207519531250E+04    0.737591533420598999E+01    0.798400472581504816E+00    0.191438198089599609E+01    0.642663596903994705E+01    0.828837240883532900E+01    0.188542384864905710E+00
    0.649868183917485642E-02    0.179964941406250000E+04    0.741491186039336903E+01    0.799070818022681761E+00    0.199824309349060059E+01    0.644756538637446575E+01    0.753647133679483083E+01    0.188271777152735798E+00
    0.749375328578529877E-02    0.179924682617187500E+04    0.747958442793505807E+01    0.801203254473277005E+00    0.213628315925598145E+01    0.641704152528833749E+01    0.830976854072003057E+01    0.176795656535116308E+00
    0.812408942524011322E-02    0.179896765136718750E+04    0.739318431766014328E+01    0.796924973325944475E+00    0.195189785957336426E+01    0.643855621161372227E+01    0.878889788067986544E+01    0.182336545592753474E+00
    0.102018612626908374E-01    0.179839453125000000E+04    0.747774147557810043E+01    0.797757859873898023E+00    0.214781594276428223E+01    0.647136450448484890E+01    0.729724986879057536E+01    0.188524806677629275E+00
    0.101920497397428554E-01    0.179827880859375000E+04    0.744366939369810510E+01    0.795576101204022113E+00    0.205406904220581055E+01    0.646264487357763784E+01    0.894398802220066713E+01    0.187190361312279396E+00
    0.104600399894273863E-01    0.179810925292968750E+04    0.743929455405226747E+01    0.795299665311059223E+00    0.210961151123046875E+01    0.644009377783551162E+01    0.793541196643749824E+01    0.149882675849868807E+00
    0.112612558315992074E-01    0.179784399414062500E+04    0.739458233523035613E+01    0.793635772855386112E+00    0.194101595878601074E+01    0.643341980111001899E+01    0.814546345103114611E+01    0.193270211498805189E+00
    0.107417852225432913E-01    0.179782080078125000E+04    0.738660711909357204E+01    0.798070269741946836E+00    0.195842969417572021E+01    0.642219775599717924E+01    0.788103562196892238E+01    0.175320817556856134E+00
    0.107458740248403163E-01    0.179770239257812500E+04    0.742880439978291385E+01    0.796542616791070190E+00    0.199530565738677979E+01    0.641662128518132047E+01    0.796792315739729418E+01    0.184942273922939382E+00
    0.114705492123433599E-01    0.179745422363281250E+04    0.744737026303888960E+01    0.792957335985357226E+00    0.209433817863464355E+01    0.645262829995846676E+01    0.780588792031509193E+01    0.172290619333767214E+00
    0.109327459997647838E-01    0.179743261718750000E+04    0.748533324556884860E+01    0.796358986315124251E+00    0.216522574424743652E+01    0.644447571929926166E+01    0.813302221619046684E+01    0.171693160253971300E+00
    0.123290108338479053E-01    0.179707458496093750E+04    0.743453533013882417E+01    0.795268033003972308E+00    0.208577871322631836E+01    0.645488507119644961E+01    0.746062332271852036E+01    0.166758908893054336E+00
    0.127143486361855091E-01    0.179689538574218750E+04    0.742264884083696863E+01    0.798160205418676383E+00    0.205199432373046875E+01    0.644594771743226236E+01    0.835955120728161560E+01    0.170560093518113298E+00
    0.125955819896569638E-01    0.179679650878906250E+04    0.747808639553127730E+01    0.797337122234272111E+00    0.214549040794372559E+01    0.645835863195748772E+01    0.832821606616404075E+01    0.181070407409498646E+00
    0.118934452741907264E-01    0.179679357910156250E+04    0.740957402324571746E+01    0.799780388649706686E+00    0.200771021842956543E+01    0.641280875908890735E+01    0.907665168384482790E+01    0.171192977822346659E+00
    0.116379728883891087E-01    0.179671936035156250E+04    0.745946991074021604E+01    0.799455184985632838E+00    0.208893537521362305E+01    0.644970009643274889E+01    0.758597470214350622E+01    0.193617005988724333E+00
    0.128406417120533415E-01    0.179640502929687500E+04    0.743258032812624769E+01    0.797238149494865045E+00    0.210384440422058105E+01    0.643614052521797575E+01    0.790339165733203597E+01    0.153807973463590208E+00
    0.126641435187978962E-01    0.179631506347656250E+04    0.740848815903741720E+01    0.796292530026873058E+00    0.196845865249633789E+01    0.641897078066283999E+01    0.735886385218275230E+01    0.183026582359212320E+00
    0.172552283174269086E-01    0.179557873535156250E+04    0.744271695698914382E+01    0.796176211999937822E+00    0.205946826934814453E+01    0.643263093494220506E+01    0.853740869625130472E+01    0.174367434384320674E+00
    0.202341196744638512E-01    0.179514257812500000E+04    0.744392444838014633E+01    0.796543122143325011E+00    0.205759763717651367E+01    0.643300271990061123E+01    0.841919491447474932E+01    0.178254178493823634E+00
    0.198636411194233684E-01    0.179506188964843750E+04    0.743164465902225935E+01    0.798790124390406198E+00    0.207262945175170898E+01    0.641838650948307876E+01    0.101853935732676355E+02    0.160014807005121273E+00
    0.202631264501567203E-01    0.179490441894531250E+04    0.742378779457160753E+01    0.797215890857140952E+00    0.205137538909912109E+01    0.641669775221974348E+01    0.764066720542050604E+01    0.159653857008924760E+00
    0.198678492383957371E-01    0.179482617187500000E+04    0.747520751786492088E+01    0.796164409192342548E+00    0.218092012405395508E+01    0.642443471675548583E+01    0.774834219792742562E+01    0.152819317186148051E+00
    0.190418026431444232E-01    0.179479345703125000E+04    0.740345377361076906E+01    0.796669924672761209E+00    0.195930671691894531E+01    0.640506959675122545E+01    0.102157618752873240E+02    0.178846136664337685E+00
    0.179748370837386345E-01    0.179479113769531250E+04    0.742163126461635692E+01    0.798037736291344779E+00    0.203380870819091797E+01    0.643915011704536955E+01    0.914636172894048194E+01    0.177789556456735554E+00
    0.171216232420017059E-01    0.179477075195312500E+04    0.743922404241764212E+01    0.799271476522980140E+00    0.203628563880920410E+01    0.641071312933059545E+01    0.767173969010474099E+01    0.182907483406305804E+00
    0.166204260167557433E-01    0.179471252441406250E+04    0.745851470106405579E+01    0.798104491986991849E+00    0.215447854995727539E+01    0.642977918976540952E+01    0.733436721140683101E+01    0.156499697985279518E+00
    0.174406470863971985E-01    0.179449853515625000E+04    0.748157587029762716E+01    0.796551315623893585E+00    0.220570302009582520E+01    0.644534833424011211E+01    0.909478891137116108E+01    0.158043776952821791E+00
    0.167819633404657984E-01    0.179445788574218750E+04    0.747799743863049216E+01    0.796508523538037028E+00    0.217820620536804199E+01    0.642242385359896240E+01    0.791356372651290751E+01    0.156573602615948104E+00
    0.159912268760326083E-01    0.179443676757812500E+04    0.743517373785697533E+01    0.795723351409113211E+00    0.206139111518859863E+01    0.642526421283921145E+01    0.787776724297673692E+01    0.166034374763106118E+00
    0.157637240026954131E-01    0.179434777832031250E+04    0.742708188434801286E+01    0.797074527713110159E+00    0.203588914871215820E+01    0.643985070255496073E+01    0.754534639174794997E+01    0.181603371757880883E+00
    0.151415483134710472E-01    0.179431066894531250E+04    0.742694976059544310E+01    0.796178117416954212E+00    0.203726696968078613E+01    0.642755713468958323E+01    0.959403257494054351E+01    0.170362646012559793E+00
    0.146240411904698438E-01    0.179426257324218750E+04    0.746861623752413095E+01    0.799344538702618346E+00    0.214270687103271484E+01    0.643941029033236845E+01    0.745472916843960842E+01    0.177576464584694893E+00
    0.139673396197802745E-01    0.179423681640625000E+04    0.745599409180905059E+01    0.798738510130099111E+00    0.213857173919677734E+01    0.644304051946536660E+01    0.100744690774985006E+02    0.166612673353171648E+00
    0.138402471498128427E-01    0.179413745117187500E+04    0.746695114151389916E+01    0.796674074467651705E+00    0.214515829086303711E+01    0.642624319550230627E+01    0.964106101562868467E+01    0.160479179204545019E+00
    0.132486279617465442E-01    0.179410717773437500E+04    0.745733447665552607E+01    0.798207747268035339E+00    0.211678957939147949E+01    0.641712399732452443E+01    0.771100550670348017E+01    0.162687748328444126E+00
    0.126614157256337671E-01    0.179408020019531250E+04    0.748593182878122665E+01    0.797602488331067838E+00    0.217470240592956543E+01    0.643143619069500971E+01    0.854241621343210156E+01    0.170662661848217212E+00
    0.121401771246073507E-01    0.179404663085937500E+04    0.744443634865388493E+01    0.795417324526556890E+00    0.208414888381958008E+01    0.641606762017717180E+01    0.753069314712304916E+01    0.162794608755440162E+00
    0.114739266950570577E-01    0.179404187011718750E+04    0.742606744455670853E+01    0.795533350223429081E+00    0.201240324974060059E+01    0.641585067169045864E+01    0.818379798491206145E+01    0.178417786044618332E+00
    0.109259575339923712E-01    0.179402209472656250E+04    0.743787005625689801E+01    0.797047731066738652E+00    0.207402944564819336E+01    0.641960535592221682E+01    0.788212959912081157E+01    0.162795404077930694E+00
    0.103093399512912739E-01    0.179402062988281250E+04    0.745927245592665944E+01    0.796378168188778490E+00    0.211935591697692871E+01    0.642028599976202941E+01    0.996352448129216128E+01    0.161805993653657332E+00
    0.101788118411223153E-01    0.179392846679687500E+04    0.745613161613493869E+01    0.799025061797711156E+00    0.211011981964111328E+01    0.640227516872584612E+01    0.753209316495705838E+01    0.162554909276909854E+00
    0.964312766009223742E-02    0.179391894531250000E+04    0.743165996760248238E+01    0.795742337589357529E+00    0.204529356956481934E+01    0.643290814892992380E+01    0.895551333274256756E+01    0.174088965707609233E+00
    0.936370380582965227E-02    0.179386010742187500E+04    0.744252027293634288E+01    0.797857098782151608E+00    0.203866910934448242E+01    0.640636047919577134E+01    0.978897781380455356E+01    0.180989086368275931E+00
    0.992162389813071657E-02    0.179362670898437500E+04    0.745185336104242957E+01    0.796456758768198547E+00    0.212683248519897461E+01    0.642367365224724818E+01    0.770829759931827940E+01    0.155906878585264863E+00
    0.946221644483534810E-02    0.179360388183593750E+04    0.742732751631131194E+01    0.797950546458764953E+00    0.203254842758178711E+01    0.643634036219744132E+01    0.826994895080816761E+01    0.183371760968063846E+00
    0.893802079767127243E-02    0.179360021972656250E+04    0.741370356735925995E+01    0.797419440283132275E+00    0.200585770606994629E+01    0.639354326927727801E+01    0.849448929291544097E+01    0.164561686515501293E+00
    0.850908318267956654E-02    0.179358093261718750E+04    0.746268230747959560E+01    0.797588030376711221E+00    0.215626168251037598E+01    0.642500389010470840E+01    0.972614274790809219E+01    0.155546859298832718E+00
    0.805487870696582238E-02    0.179357299804687500E+04    0.744687348949356842E+01    0.798568039764669169E+00    0.207253456115722656E+01    0.642516559283249666E+01    0.946145488712476279E+01    0.176543780528725325E+00
    0.806581768311977372E-02    0.179345263671875000E+04    0.741610853792852609E+01    0.796440241765896562E+00    0.200419735908508301E+01    0.641868539994212561E+01    0.997089296165824557E+01    0.175338204855851831E+00
    0.793022715961391733E-02    0.179336889648437500E+04    0.744886608420137541E+01    0.798881298258523387E+00    0.210254001617431641E+01    0.639937489361178447E+01    0.822959034208491325E+01    0.158340077257595802E+00
    0.784369256508395986E-02    0.179327319335937500E+04    0.744227067872697035E+01    0.796767867367073612E+00    0.203888654708862305E+01    0.641820010582817346E+01    0.935953543281751443E+01    0.184897511067800391E+00
    0.783997616272300198E-02    0.179315649414062500E+04    0.746719766022580700E+01    0.796874773743927900E+00    0.216770029067993164E+01    0.643259293959632750E+01    0.819439747774999816E+01    0.158032627129292447E+00
    0.781047651484243106E-02    0.179304638671875000E+04    0.741323661561656877E+01    0.798515074416163984E+00    0.199539208412170410E+01    0.640954258016469769E+01    0.770962881867933092E+01    0.179749954342173890E+00
    0.745746607429512241E-02    0.179302124023437500E+04    0.744101446030308544E+01    0.798768735119588902E+00    0.206317853927612305E+01    0.642413459289133293E+01    0.781667791496131326E+01    0.178198233814958584E+00
    0.726173456630615447E-02    0.179295678710937500E+04    0.743225585187271864E+01    0.797656394854425521E+00    0.206310629844665527E+01    0.641462013069027037E+01    0.876066931925962145E+01    0.164340625151799813E+00
    0.705346731012257942E-02    0.179289733886718750E+04    0.743950417869077185E+01    0.797147392509249597E+00    0.207589340209960938E+01    0.640394301623400253E+01    0.921624333821938535E+01    0.160191232821057294E+00
    0.667044454548356824E-02    0.179289135742187500E+04    0.745875687246800556E+01    0.797925996184811637E+00    0.211793923377990723E+01    0.644072090080538651E+01    0.885108564074603343E+01    0.175116616548326665E+00
    0.629168668214938418E-02    0.179289062500000000E+04    0.745813271896790031E+01    0.796886938134760747E+00    0.209862494468688965E+01    0.642597517550907682E+01    0.990009095141896012E+01    0.175035984477439843E+00
    0.606479283821177283E-02    0.179284643554687500E+04    0.745587960539759553E+01    0.798816492089187591E+00    0.212429332733154297E+01    0.641587381023360415E+01    0.100060256081373655E+02    0.161955058761376502E+00
    0.586609726041728910E-02    0.179279541015625000E+04    0.744369059136299782E+01    0.797689595940626495E+00    0.204324841499328613E+01    0.641392907000945378E+01    0.814942982487177225E+01    0.184866591320999252E+00
    0.586761385335460729E-02    0.179267724609375000E+04    0.744488519474924360E+01    0.796638438855407305E+00    0.210838890075683594E+01    0.643831165128320126E+01    0.832165142176264006E+01    0.165739887802526464E+00
    0.558636670796339684E-02    0.179265783691406250E+04    0.746138845358268021E+01    0.797734170619981864E+00    0.212446045875549316E+01    0.643529547161311477E+01    0.102771075246245225E+02    0.172153193786397374E+00
    0.530530748677507987E-02    0.179264343261718750E+04    0.743161049256132333E+01    0.795763587968500996E+00    0.203826642036437988E+01    0.641780385119493868E+01    0.757067047876364985E+01    0.175182367464284727E+00
    0.519927637147756753E-02    0.179256616210937500E+04    0.749708193597330474E+01    0.796842002238097535E+00    0.221648859977722168E+01    0.645772949122023032E+01    0.854058927091771025E+01    0.178729923205700914E+00
    0.490525107231321381E-02    0.179256494140625000E+04    0.744591219910362501E+01    0.796453355228646354E+00    0.205604815483093262E+01    0.641927528585192153E+01    0.837648818048206678E+01    0.181160756941711298E+00
    0.487993866752181420E-02    0.179245764160156250E+04    0.744459530719756124E+01    0.797238436940571504E+00    0.207766032218933105E+01    0.643155190103602070E+01    0.755725026770642749E+01    0.177216557290046151E+00
    0.513453507064690149E-02    0.179223828125000000E+04    0.745972720839884218E+01    0.799297630918711310E+00    0.210834336280822754E+01    0.640971615907027026E+01    0.929877948117583486E+01    0.172996830382719402E+00
    0.486105320888687714E-02    0.179223010253906250E+04    0.744486505589512682E+01    0.798935041085132358E+00    0.205305314064025879E+01    0.640246105947585953E+01    0.854017969148346090E+01    0.179988631587090442E+00
    0.468575156024012441E-02    0.179218591308593750E+04    0.748169283349413661E+01    0.798387697446226507E+00    0.217046332359313965E+01    0.643351124526650331E+01    0.104600308498430241E+02    0.173591184297578138E+00
    0.443130230314418665E-02    0.179217993164062500E+04    0.743526219182239245E+01    0.798773132227975857E+00    0.204481220245361328E+01    0.640173993208725456E+01    0.940736867379446196E+01    0.173298349022114717E+00
    0.421915811810128459E-02    0.179216040039062500E+04    0.744655114798266737E+01    0.797149035050770172E+00    0.208647775650024414E+01    0.644294948146781188E+01    0.813892459721920147E+01    0.180227800128733406E+00
    0.398615154669089942E-02    0.179215637207031250E+04    0.745063722559571406E+01    0.795984795881124918E+00    0.211296677589416504E+01    0.644163352026425429E+01    0.790560059205502341E+01    0.170342253865286342E+00
    0.382438523287308412E-02    0.179212158203125000E+04    0.745068013490617620E+01    0.796976322130518833E+00    0.207311582565307617E+01    0.642611024105721995E+01    0.869891231022370626E+01    0.181647763967293763E+00
    0.365242592690857111E-02    0.179209594726562500E+04    0.745757992728773544E+01    0.796782060014700200E+00    0.211470198631286621E+01    0.644004228881980101E+01    0.997987625988170279E+01    0.174628896763278529E+00
    0.365522526385734592E-02    0.179209326171875000E+04    0.744733700572147761E+01    0.798619634268345147E+00    0.206339669227600098E+01    0.641450559158099232E+01    0.819706062057490747E+01    0.181183336014666185E+00
    0.391239957209771425E-02    0.179195727539062500E+04    0.745285450002991379E+01    0.797827976716932508E+00    0.211080193519592285E+01    0.643858654061952329E+01    0.858022944029682400E+01    0.174818105081800734E+00
    0.413231749774787844E-02    0.179184790039062500E+04    0.744854960059911342E+01    0.797422452754671163E+00    0.210121226310729980E+01    0.643480611616264397E+01    0.888538509016069078E+01    0.172588649959745766E+00
    0.519607393784616775E-02    0.179138977050781250E+04    0.747333399922965214E+01    0.796811263221798516E+00    0.215520524978637695E+01    0.643361458563787458E+01    0.824454723023872305E+01    0.171629358255473985E+00
    0.366505473548788463E-02    0.179208789062500000E+04    0.744752176948511657E+01    0.798783293838422725E+00    0.208826136589050293E+01    0.640727279431359520E+01    0.928856201066450815E+01    0.167413396335047260E+00
    0.432482040050102910E-02    0.179175683593750000E+04    0.746229386745221035E+01    0.797745665026555861E+00    0.210956025123596191E+01    0.642692651508278434E+01    0.973092739701752407E+01    0.178388635824315411E+00
    0.418869065287639196E-02    0.179182080078125000E+04    0.745528861918828056E+01    0.797980798242214129E+00    0.211643624305725098E+01    0.643358825545004365E+01    0.743909406720511246E+01    0.174792385826526786E+00
    0.408841446988250472E-02    0.179186926269531250E+04    0.746318867745099279E+01    0.799135631996828355E+00    0.212215685844421387E+01    0.642436559704570520E+01    0.844889899575807490E+01    0.176417147141098241E+00
    0.400713558578806930E-02    0.179190942382812500E+04    0.748021493704913443E+01    0.797681591432979453E+00    0.215572571754455566E+01    0.643184125362863401E+01    0.893177243761697426E+01    0.177666585784925779E+00
    0.383930370671666790E-02    0.179199499511718750E+04    0.745583458045047731E+01    0.795955130220109219E+00    0.210137796401977539E+01    0.643548252686388089E+01    0.832641489534976920E+01    0.176259140976609441E+00
    0.395803451221061944E-02    0.179193408203125000E+04    0.745262555884849931E+01    0.797861007099636921E+00    0.209044671058654785E+01    0.641019256064402931E+01    0.843400824025532003E+01    0.170939845261267820E+00
    0.405412298047156013E-02    0.179188610839843750E+04    0.747832491234639196E+01    0.798354593912623089E+00    0.214380621910095215E+01    0.642918251355336956E+01    0.101554217105354443E+02    0.180836064581216593E+00
    0.382924062026696954E-02    0.179200024414062500E+04    0.746884107041311029E+01    0.796574027539701190E+00    0.213625741004943848E+01    0.643440646058932320E+01    0.936536229635841622E+01    0.173496060615341285E+00
    0.403437570845358983E-02    0.179189587402343750E+04    0.744389704629725291E+01    0.796176313570007732E+00    0.206557822227478027E+01    0.641817798541075835E+01    0.756026818183006011E+01    0.175844637363126388E+00
    0.459925369964806364E-02    0.179163378906250000E+04    0.747423286039321511E+01    0.798338018365074786E+00    0.215077495574951172E+01    0.644498849212260261E+01    0.894676490102106392E+01    0.181484020646696109E+00
    0.375334326755642766E-02    0.179204028320312500E+04    0.744973007870677151E+01    0.798474697902463282E+00    0.208314442634582520E+01    0.642559656175385019E+01    0.103313367588915899E+02    0.177896951190816832E+00
    0.442197934075455688E-02    0.179171240234375000E+04    0.745745232178370632E+01    0.796956321593579986E+00    0.209711575508117676E+01    0.642566801273073906E+01    0.889122034149712803E+01    0.177475967931068901E+00
