 F
        2691       15169           3         150
   -0.113481424163424958E+04   -0.112273475189827104E+04
 T
   2
    0.200000000000000000E+01    0.300000000000000000E+01    0.833333333333333370E+00    0.166666666666666657E+00
   0
   0
 T T     0           0
    0.000000000000000000E+00   -0.340282346638528860E+39    0.000000000000000000E+00
 T F     1         125
    0.161127510114045510E-07   -0.113481424163425140E+04   -0.112273475189751298E+04
 T F     1          25
    0.482110352231647603E-06   -0.116155849954859877E+04   -0.115264842225790221E+04
