 F
        1150        4752           3         150
   -0.730460771379462557E+02   -0.579422610865962255E+02
 T
   2
    0.200000000000000000E+01    0.300000000000000000E+01    0.893333333333333313E+00    0.106666666666666674E+00
   0
   0
 T T     0           0
    0.000000000000000000E+00   -0.340282346638528860E+39    0.000000000000000000E+00
 F F     1         134
    0.199904832062113317E-02   -0.649771733351887747E+03   -0.638702343021087813E+03
 F F     1          16
    0.127970636948339252E-05   -0.730460771379462557E+02   -0.579422610865962255E+02
