

    0.884232096777952066E-68    0.644181945800781250E+03    0.970167523663029385E+01    0.442609741169179038E+01    0.540886282920837402E+00    0.735098218071739851E+01    0.837339207265444685E+01   -0.194877802848822501E+00
    0.352394278842798882E-63    0.622996032714843750E+03    0.952893807627735967E+01    0.366462327279973810E+01    0.681930720806121826E+00    0.690965052996326001E+01    0.718223042589300853E+01   -0.708295199665077480E+00
    0.119763886400889662E-80    0.703442382812500000E+03    0.923816912652057809E+01    0.241147000087723562E+01    0.906840264797210693E+00    0.604193087515588179E+01    0.863466766471982972E+01   -0.141383646607772273E+01
    0.164114491504820671E-92    0.758074340820312500E+03    0.920006188544067882E+01    0.295700543936836224E+01    0.731888234615325928E+00    0.655540228447414020E+01    0.838492550823374572E+01   -0.107127203968787565E+01
    0.332397191604353075E-14    0.397459533691406250E+03    0.928243784264545724E+01    0.296841843396349425E+01    0.719187319278717041E+00    0.692718682754824044E+01    0.770940933436175246E+01   -0.143513499071224215E+01
    0.406835574854138798E-39    0.512184631347656250E+03    0.934966967616417755E+01    0.333634379390253510E+01    0.621985077857971191E+00    0.706683678292597328E+01    0.792083796001761620E+01   -0.127982912550998229E+01
    0.637513512375787581E-37    0.502075958251953125E+03    0.934732307425136888E+01    0.305040788877006053E+01    0.666417300701141357E+00    0.706351263706938859E+01    0.757340310685917562E+01   -0.170686078539042896E+01
    0.201250605368619789E-48    0.555038879394531250E+03    0.948653115438678718E+01    0.446141565087895131E+01    0.447961568832397461E+00    0.683809203994053849E+01    0.707354703594944834E+01   -0.217792995732287986E+01
    0.287786451316918824E-67    0.641821777343750000E+03    0.949174273929142487E+01    0.278481870654645824E+01    0.825605571269989014E+00    0.615804045781532317E+01    0.893891606583714626E+01   -0.211842031907018091E+01
    0.115680943712701959E-56    0.592987670898437500E+03    0.942329587757629739E+01    0.283069406204019236E+01    0.810236930847167969E+00    0.635629393723834824E+01    0.890182240110431877E+01   -0.174783995780060897E+01
    0.783395187390658378E-53    0.575346557617187500E+03    0.971497066325853353E+01    0.431021899728026003E+01    0.578562557697296143E+00    0.723866850569081244E+01    0.854231393263188288E+01   -0.165104998417608906E+01
    0.136359896209724340E-66    0.638710449218750000E+03    0.986608744595439902E+01    0.370978760218623060E+01    0.834483861923217773E+00    0.716218948818309364E+01    0.856735815573679460E+01   -0.183010063067109741E+01
    0.332660021724838502E-50    0.563244079589843750E+03    0.936749474170272478E+01    0.337431622161839861E+01    0.561714231967926025E+00    0.643307466164465591E+01    0.940392729632802116E+01   -0.214729121671357692E+01
    0.136114908285239585E-39    0.514374450683593750E+03    0.943473966888952020E+01    0.293659780812157134E+01    0.921917200088500977E+00    0.692757403393566662E+01    0.761946314613040609E+01   -0.128906981946423826E+01
    0.626134855799344812E-68    0.644872253417968750E+03    0.937780714955664862E+01    0.435130784013421756E+01    0.449944764375686646E+00    0.684775866064310712E+01    0.887143213576032785E+01   -0.576414602462815395E+00
    0.722678032652382788E-76    0.681426818847656250E+03    0.818249453453020870E+01    0.124498411191844771E+01    0.858754038810729980E+00    0.683383289722208254E+01    0.104728940340535672E+02   -0.810864867800039413E+00
    0.717624559955141019E-95    0.768939086914062500E+03    0.938222216047140734E+01    0.460081361119192866E+01    0.365916311740875244E+00    0.680950965964104071E+01    0.905587924132840882E+01   -0.356567287532698618E+00
    0.651706897633731712E-65    0.630976684570312500E+03    0.928314419650105371E+01    0.356444764676656467E+01    0.527298748493194580E+00    0.684226805782399161E+01    0.851890219107793278E+01   -0.681517784058209841E-01
    0.999999999999996669E+00    0.330784301757812500E+03    0.951941467895512261E+01    0.364779539304696243E+01    0.700040102005004883E+00    0.626635303980289216E+01    0.104054237675995225E+02   -0.565652630358094433E+00
    0.207530499332802742E-33    0.485899871826171875E+03    0.946748700257118614E+01    0.277964095157016677E+01    0.941816329956054688E+00    0.607190633146339120E+01    0.103585581279279655E+02   -0.126541201848092211E+01
    0.118304554019297695E-64    0.629784179687500000E+03    0.936637834823558890E+01    0.322125818314155143E+01    0.712136149406433105E+00    0.700333738528275962E+01    0.104861542222067055E+02   -0.809437502207133175E+00
    0.661176003368487334E-39    0.511213409423828125E+03    0.939422252439358907E+01    0.377200792642872695E+01    0.622776210308074951E+00    0.679965979520664554E+01    0.995254198211194563E+01   -0.733632977079304194E+00
    0.105887386686064261E-50    0.565533569335937500E+03    0.895880707328085890E+01    0.199813094357921317E+01    0.103390216827392578E+01    0.636768568624407649E+01    0.102282333351830719E+02   -0.106693572069110232E+00
    0.220989012646767563E-65    0.633139648437500000E+03    0.872426698413657675E+01    0.186239720928609787E+01    0.941942870616912842E+00    0.692893968847921737E+01    0.812295778072135377E+01   -0.466120124849072726E+00
    0.110918721446235141E-79    0.698990661621093750E+03    0.868649853492263624E+01    0.179974765973336703E+01    0.790152370929718018E+00    0.705651577506618288E+01    0.872912164659330969E+01   -0.756558901744359247E+00


    0.282162960220091307E-92    0.499816772460937500E+03    0.991138984109750432E+01    0.925791854746637166E+00    0.208754315972328186E+00    0.947122178352109145E+01    0.770484283161089767E+01   -0.124153572614858487E+01
    0.144943465886768771E-91    0.496418884277343750E+03    0.100287781383081942E+02    0.860860941026819981E+00    0.107529962062835693E+01    0.940739706392367125E+01    0.793682276551644961E+01   -0.604380755382036172E+00
    0.373194145234720436E-91    0.494402374267578125E+03    0.993488077581433515E+01    0.931810286835320412E+00    0.594587326049804688E+00    0.939377857930126581E+01    0.812673610801089907E+01   -0.120537381748188954E+01
    0.116663783022877588E-89    0.487392639160156250E+03    0.999520917592083080E+01    0.102628865204741415E+01    0.793400645256042480E+00    0.896967117877687059E+01    0.705075978832385442E+01   -0.142687564994162575E+00
    0.355217396465245729E-89    0.485040771484375000E+03    0.992923360609958294E+01    0.109553788892426951E+01    0.552172064781188965E+00    0.896812473175733516E+01    0.767254871593465015E+01   -0.267944700525151402E+00
    0.101448865939664182E-84    0.464396270751953125E+03    0.100056806980434168E+02    0.106404256897315097E+01    0.875171899795532227E+00    0.956918006277836142E+01    0.898706663072764833E+01   -0.744827550336839117E+00
    0.119604912584493618E-83    0.459336822509765625E+03    0.973571787650671538E+01    0.842490937748445523E+00    0.144369816780090332E+01    0.919948330557058291E+01    0.802131683218092562E+01   -0.111081636009741902E+01
    0.596636057832193824E-82    0.451392425537109375E+03    0.973031700551067935E+01    0.764192580481966921E+00    0.368711042404174805E+01    0.924324154574609658E+01    0.930461946952627628E+01    0.672630991076106355E-01
    0.853611659219825935E-68    0.386078704833984375E+03    0.994176182757598426E+01    0.895640998946385269E+00    0.246834278106689453E+01    0.930489447101786737E+01    0.869871909420079703E+01   -0.375127794007646953E+00
    0.201616316014538773E-65    0.375024414062500000E+03    0.100307936701699312E+02    0.106738096018667905E+01    0.148657536506652832E+01    0.895799971266223594E+01    0.721911181293625681E+01   -0.120136077161484289E+01
    0.271300267794989677E-65    0.374305694580078125E+03    0.101116683316219262E+02    0.942966969745794525E+00    0.584850192070007324E+00    0.952563376788127769E+01    0.728065776329636982E+01   -0.140229639287619579E+01
    0.373994320339784342E-65    0.373538665771484375E+03    0.978757304759746027E+01    0.571408572247673829E+00    0.555325508117675781E+00    0.988159694870332395E+01    0.891110343587525300E+01   -0.408330444267424042E+00
    0.134464919733384552E-64    0.370854370117187500E+03    0.100492711231744671E+02    0.104970649552977768E+01    0.130844676494598389E+01    0.949278364358842808E+01    0.886459589246370250E+01   -0.148108372897952445E+01
    0.433223805866266849E-59    0.345363616943359375E+03    0.990045596688475982E+01    0.942652228973787643E+00    0.144776070117950439E+01    0.893562616192434866E+01    0.783155086135254308E+01   -0.800741187263249721E-01
    0.576121839021161070E-59    0.344668487548828125E+03    0.996404465359894509E+01    0.754863078061862258E+00    0.147340810298919678E+01    0.940703641026215287E+01    0.767367135093548391E+01   -0.109844742040777321E+01
    0.182191351712225562E-54    0.323820159912109375E+03    0.973003950174152976E+01    0.916565777842256346E+00    0.284616887569427490E+00    0.913341264584556178E+01    0.755738811532780996E+01   -0.876770457410130710E+00
    0.114679170803757909E-50    0.306200317382812500E+03    0.978983069342991108E+01    0.709574375696393922E+00    0.415335983037948608E+00    0.940634211703358503E+01    0.716721411720801083E+01   -0.557542261089095437E+00
    0.179335219431005954E-47    0.291365570068359375E+03    0.959952995121495434E+01    0.778499808614520061E+00    0.553801655769348145E+00    0.914850923741682287E+01    0.763962803841941174E+01   -0.879070622443488991E+00
    0.384955224671318097E-47    0.289712829589843750E+03    0.979540742762102923E+01    0.619665105060059784E+00    0.511846899986267090E+00    0.963060151255835706E+01    0.765919559721809140E+01   -0.334727990179348289E+00
    0.691966504421086193E-47    0.288415008544921875E+03    0.998867871944542962E+01    0.840023185385515347E+00    0.189865672588348389E+01    0.937294046830163730E+01    0.850604412333469817E+01   -0.762240109914308794E+00
    0.705754303362278840E-47    0.288250549316406250E+03    0.993325264215792814E+01    0.810673756494089570E+00    0.172614765167236328E+01    0.931803732991177114E+01    0.819888904365454607E+01   -0.794933845405400463E+00
    0.767057363719129646E-46    0.283353790283203125E+03    0.996093726675078628E+01    0.747281099722853059E+00    0.779407978057861328E+00    0.951616305770655835E+01    0.776332743957743610E+01   -0.585330609815284841E+00
    0.218990904338468344E-44    0.276525512695312500E+03    0.978910278184511640E+01    0.880926035141331942E+00    0.204498410224914551E+01    0.915138757298435301E+01    0.848905183172675848E+01   -0.946363955228844977E+00
    0.896268829887995413E-44    0.273582092285156250E+03    0.958973529118587820E+01    0.613816525288784165E+00    0.733878493309020996E+00    0.942885051413811226E+01    0.823810752633531962E+01   -0.103608973837656748E+01
    0.273853161537889277E-41    0.262012878417968750E+03    0.983064674851125453E+01    0.929098461150633992E+00    0.895614027976989746E+00    0.929693871156392149E+01    0.844593690473970149E+01   -0.841665742286066498E+00
    0.424785297267705733E-33    0.224168533325195312E+03    0.960343587865236259E+01    0.572411487517254680E+00    0.329604417085647583E+00    0.962553993416700315E+01    0.779134419355038599E+01   -0.102769744125254792E+01
    0.301452685723159150E-31    0.215519134521484375E+03    0.989046293927694187E+01    0.628826803927975631E+00    0.205112528800964355E+01    0.979811781686621153E+01    0.899366530448156354E+01   -0.116769160388455306E+01
    0.331486836811833651E-30    0.210599014282226562E+03    0.989286528817190458E+01    0.726056322988249514E+00    0.741773724555969238E+00    0.963759482470395668E+01    0.834476194964551077E+01   -0.106749898144173883E+01
    0.375742936316528345E-29    0.205618209838867188E+03    0.986400096987267361E+01    0.818269737596374558E+00    0.272425985336303711E+01    0.916382530626162506E+01    0.850115836992420881E+01   -0.768564658233333864E+00
    0.961703317015036547E-28    0.199008438110351562E+03    0.995643903064416058E+01    0.626096356350571925E+00    0.459873408079147339E+00    0.978731921069020494E+01    0.777628763406116441E+01   -0.393199053667261822E+00
    0.499879801724515637E-27    0.195586944580078125E+03    0.988672304505936950E+01    0.512053493545875593E+00    0.163879072666168213E+01    0.981769087534430618E+01    0.820862389078818744E+01   -0.770316821618899583E+00
    0.628277834401368027E-27    0.195004714965820312E+03    0.965204543648924052E+01    0.560314653735252244E+00    0.829931497573852539E+00    0.972205186060578974E+01    0.881825030690725065E+01   -0.852266118109433313E+00
    0.260119185261203615E-25    0.187433059692382812E+03    0.992419724364631506E+01    0.675723879372076786E+00    0.114281177520751953E+01    0.966705623841070150E+01    0.846413977229582137E+01   -0.102356922900654768E+01
    0.556981282086643417E-23    0.176574935913085938E+03    0.974560608051240074E+01    0.758384808969022939E+00    0.360925525426864624E+00    0.933093410229355946E+01    0.754251325468366307E+01   -0.552878814626606818E+00
    0.738516730243718498E-23    0.175885711669921875E+03    0.971788493146578958E+01    0.684188662570338391E+00    0.685990631580352783E+00    0.937112517869879191E+01    0.732876159113485492E+01   -0.845472073544849323E+00
    0.836737792233007053E-22    0.170905807495117188E+03    0.965529176887595852E+01    0.787236511386029014E+00    0.717938169836997986E-01    0.927330689271991915E+01    0.742988491218344826E+01   -0.914317630720480778E+00
    0.111184309287123380E-21    0.170212280273437500E+03    0.953626115183339707E+01    0.603858142238827389E+00    0.242725640535354614E+00    0.939856085828824028E+01    0.766300781975557754E+01   -0.616850795201615565E+00
    0.785632122841858858E-21    0.166176681518554688E+03    0.990366010961031407E+01    0.541767506373221797E+00    0.229612612724304199E+01    0.968336561641782545E+01    0.827930315737599010E+01   -0.744873844588260781E+00
    0.971555717215769102E-21    0.165626861572265625E+03    0.969882855837156477E+01    0.742340598494628523E+00    0.144935086369514465E+00    0.939360709412489037E+01    0.701829065827962761E+01   -0.104584869300258410E+01
    0.173665615830828181E-20    0.164340225219726562E+03    0.971028192551580638E+01    0.510842735401552006E+00    0.435016304254531860E+00    0.974259550398065599E+01    0.824888554461630008E+01   -0.408053985722206303E+00
    0.464308741440673538E-19    0.157643218994140625E+03    0.977354428897633198E+01    0.772684787471041079E+00    0.809023320674896240E+00    0.939156977730774045E+01    0.829147904594771745E+01   -0.111874069702129475E+01
    0.595784089367366365E-19    0.157019561767578125E+03    0.976203077383334872E+01    0.655733754575213768E+00    0.265097808837890625E+01    0.925921132415236947E+01    0.791048026309869368E+01   -0.118981089679384100E+01
    0.377336748136714852E-17    0.148597702026367188E+03    0.970322858532591859E+01    0.619235627542812139E+00    0.377648651599884033E+00    0.954532469090803204E+01    0.790032566565398486E+01   -0.342381057883573980E+00
    0.430192983186853703E-17    0.148210510253906250E+03    0.988031358979605479E+01    0.546236230493290620E+00    0.575666606426239014E+00    0.976883612150673386E+01    0.784692130798931053E+01   -0.160237253342919939E+00
    0.126734348176621979E-16    0.145924621582031250E+03    0.959720964038095659E+01    0.583040087237708060E+00    0.884283900260925293E+00    0.953260215067019523E+01    0.799984258326594677E+01   -0.884934464737278992E+00
    0.337004945266729810E-16    0.143843612670898438E+03    0.977780990339561740E+01    0.442212366489349196E+00    0.200404119491577148E+01    0.987597050380004582E+01    0.844583578634570031E+01   -0.925513578644541868E+00
    0.436156732673514017E-16    0.143202804565429688E+03    0.967581129214848090E+01    0.653109267854342423E+00    0.122185087203979492E+01    0.942760431643810293E+01    0.828157703943579193E+01   -0.974354945010664997E+00
    0.849955996843005568E-16    0.141743438720703125E+03    0.986731654260925950E+01    0.515955260507747870E+00    0.190410149097442627E+01    0.983489717462092727E+01    0.888007723678550498E+01   -0.611926832715546709E+00
    0.134747095877684376E-15    0.140696838378906250E+03    0.973092447932039128E+01    0.567020507564176990E+00    0.992148041725158691E+00    0.959815658389418580E+01    0.845893791188409239E+01   -0.355178509341949944E+00
    0.343011500746287909E-15    0.138703109741210938E+03    0.984024959988200720E+01    0.573009537076726638E+00    0.163593149185180664E+01    0.973968098307370234E+01    0.855952431445591522E+01   -0.124388577770662945E+01
    0.153033163456976637E-14    0.135587158203125000E+03    0.969987033785481501E+01    0.693208926386363999E+00    0.105435051023960114E+00    0.948156147552851536E+01    0.754468901759145361E+01   -0.666226180540055557E+00
    0.372107045287773486E-14    0.133685104370117188E+03    0.971362179950184945E+01    0.702646582227153038E+00    0.366161435842514038E+00    0.941551791460621956E+01    0.755795321050113778E+01   -0.651162902779410802E+00
    0.642060976411320681E-14    0.132469100952148438E+03    0.960101603804380233E+01    0.579087321439166303E+00    0.109358179569244385E+01    0.950120874048163877E+01    0.838060023287351008E+01   -0.538904197842045241E+00
    0.155233987159334978E-13    0.130578430175781250E+03    0.975631948020144968E+01    0.598428368739760352E+00    0.366561770439147949E+00    0.960778549995269771E+01    0.805224938291662440E+01   -0.247359593697722646E+00
    0.293819190268522369E-13    0.129177368164062500E+03    0.968177914800148542E+01    0.497087833629467846E+00    0.242290616035461426E+00    0.981771259096526627E+01    0.841636955806215958E+01   -0.259597246396529702E+00
    0.373399778405328276E-13    0.128572998046875000E+03    0.979768094697028147E+01    0.496547602167250968E+00    0.101549315452575684E+01    0.988625444340246951E+01    0.822074809402433004E+01   -0.771113212551092886E+00
    0.509616300717394917E-13    0.127825981140136719E+03    0.971040756511994196E+01    0.588988657181444664E+00    0.242338418960571289E+01    0.956391225608528472E+01    0.881160770151843664E+01   -0.597628254895865574E+00
    0.289877159368614593E-12    0.124224212646484375E+03    0.973535538587525195E+01    0.415503854993102717E+00    0.930414438247680664E+00    0.985541109206403121E+01    0.849693104352799189E+01    0.140584614097538196E+00
    0.678807046446849239E-12    0.122397453308105469E+03    0.962169981807442909E+01    0.548860417658621813E+00    0.115042614936828613E+01    0.946998826548016126E+01    0.784276840006008946E+01   -0.245588782447938581E+00
    0.152061589754433794E-11    0.120659385681152344E+03    0.960043451372376033E+01    0.556692474230637280E+00    0.648004829883575439E+00    0.958491831091727065E+01    0.815457549413296157E+01   -0.656572762567736001E+00
    0.279127694238182050E-11    0.119319618225097656E+03    0.959719672124660939E+01    0.581574927407606412E+00    0.195473301410675049E+01    0.928873937025857010E+01    0.814689846779814530E+01   -0.478704370759591047E+00
    0.174752380903337078E-10    0.115526046752929688E+03    0.971111409489381039E+01    0.671401337309039503E+00    0.632043361663818359E+00    0.939711313241175539E+01    0.763975909697037547E+01   -0.647276944136538912E+00
    0.215123823620691781E-10    0.114985359191894531E+03    0.959355503307516777E+01    0.449414987330322868E+00    0.287684941291809082E+01    0.955666481531665468E+01    0.870723262225075700E+01   -0.189142527907727231E+00
    0.390554998763214363E-06    0.952456665039062500E+02    0.975404716026978669E+01    0.520540647146415125E+00    0.951848506927490234E+00    0.976616412548442803E+01    0.853413078091122657E+01   -0.503053519547737693E+00
    0.313541270086517494E-04    0.864746017456054688E+02    0.965077465276132784E+01    0.626965512424720983E+00    0.179840421676635742E+01    0.939850457649690441E+01    0.854819534297927142E+01   -0.748345173359888260E+00
    0.485739804965001698E-08    0.104019798278808594E+03    0.967576756144159944E+01    0.378729031526942095E+00    0.622554421424865723E+00    0.993619823109527722E+01    0.849160458861022072E+01    0.198052874167057080E+00
    0.101679012757321390E-04    0.887268218994140625E+02    0.967072348202834320E+01    0.584469845426201062E+00    0.106117820739746094E+01    0.938543817383745349E+01    0.783920096031098002E+01   -0.263892653874097771E+00
    0.123230111208041309E-07    0.102157867431640625E+03    0.974207175620069421E+01    0.653411881330689503E+00    0.262674951553344727E+01    0.944574617425962870E+01    0.877157431568759804E+01   -0.112088886511144081E+01
    0.540551359797333090E-04    0.853852844238281250E+02    0.969799466099781959E+01    0.442541974496979407E+00    0.115947830677032471E+01    0.981316078885333454E+01    0.836415882045496062E+01   -0.257076133467218249E+00
    0.328252004670728222E-08    0.104803581237792969E+03    0.969510731140716686E+01    0.471834850723913513E+00    0.324240058660507202E+00    0.976990124018394823E+01    0.828416048745909883E+01    0.598992118486854075E-01
    0.203611666536649468E-03    0.827328643798828125E+02    0.956968939279291320E+01    0.417376151518495941E+00    0.128000450134277344E+01    0.973949194178620914E+01    0.850959225258531937E+01   -0.256622689382239200E+00
    0.684260858480736681E-09    0.107939636230468750E+03    0.958717369795346386E+01    0.534867315242096186E+00    0.212772035598754883E+01    0.955270316678982923E+01    0.872986818264964803E+01   -0.682401567113395835E+00
    0.445881280108526524E-07    0.995858688354492188E+02    0.971989509765457349E+01    0.453751939438460983E+00    0.345424413681030273E+00    0.983323467851327671E+01    0.814527915914247558E+01    0.613460205744820186E-01
    0.997894813466249309E+00    0.657384872436523438E+02    0.947487122794182035E+01    0.474263220669672358E+00    0.173378372192382812E+01    0.940626211293989911E+01    0.842899690575786487E+01    0.312678529910894731E-01
    0.301550090904246482E-06    0.957629318237304688E+02    0.972675319066307686E+01    0.416705754093464609E+00    0.214791083335876465E+01    0.979230309261626886E+01    0.858948699910671998E+01   -0.318255557844772774E+00
    0.316521586688903447E-04    0.864556808471679688E+02    0.958028926941031500E+01    0.447028487535149066E+00    0.164256736636161804E+00    0.977369390388604131E+01    0.840202125636879948E+01   -0.365506849112500198E-01
    0.155310883425292465E-02    0.786692657470703125E+02    0.979288626618677682E+01    0.588995597838884999E+00    0.350109601020812988E+01    0.961595893813755787E+01    0.907880705596662274E+01   -0.864755649091840217E+00
    0.195741572620921713E-07    0.101232383728027344E+03    0.959715690519198716E+01    0.574049344650993443E+00    0.540367305278778076E+00    0.952439212371462673E+01    0.848750326134261712E+01   -0.297420662953777670E+00
    0.220459251049208709E-03    0.825738677978515625E+02    0.954744857030490479E+01    0.641402492677412783E+00    0.817379891872406006E+00    0.927578621323916330E+01    0.778020853901833043E+01   -0.530640183194030612E+00
