 F
        1405        7680           3         150
   -0.194929066696193978E+02   -0.158725525443176494E+02
 T
   2
    0.200000000000000000E+01    0.300000000000000000E+01    0.246666666666666673E+00    0.753333333333333299E+00
   0
   0
 T T     0           0
    0.000000000000000000E+00   -0.340282346638528860E+39    0.000000000000000000E+00
 T F     1          37
    0.175634615562818606E-03   -0.210679466398370501E+02   -0.162185397634928918E+02
 T F     1         113
    0.123569760067534758E-03   -0.197248378173953576E+02   -0.157822384968159870E+02
