 F
        1228        6453           3         150
   -0.152376752986201680E+02   -0.118221959862691470E+02
 T
   2
    0.200000000000000000E+01    0.300000000000000000E+01    0.193333333333333329E+00    0.806666666666666643E+00
   0
   0
 T T     0           0
    0.000000000000000000E+00   -0.340282346638528860E+39    0.000000000000000000E+00
 T F     1          29
    0.154610140528790250E-03   -0.169181288423255474E+02   -0.118977597787460425E+02
 T F     1         121
    0.612316821960868737E-03   -0.154438258847476231E+02   -0.118048965437720721E+02
