 F
        1321        6961           3         150
   -0.181846467785551020E+02   -0.144983539759187892E+02
 T
   2
    0.200000000000000000E+01    0.300000000000000000E+01    0.839999999999999969E+00    0.160000000000000003E+00
   0
   0
 T T     0           0
    0.000000000000000000E+00   -0.340282346638528860E+39    0.000000000000000000E+00
 T F     1         126
    0.307592611784986364E-03   -0.182886974498105559E+02   -0.143984322089730323E+02
 T F     1          24
    0.123296960780289779E-03   -0.204990983238360691E+02   -0.154095776775932780E+02
