 F
        1376        6419           3         150
   -0.188344727555605367E+02   -0.147281345176546488E+02
 T
   2
    0.200000000000000000E+01    0.300000000000000000E+01    0.933333333333333376E-01    0.906666666666666621E+00
   0
   0
 T T     0           0
    0.000000000000000000E+00   -0.340282346638528860E+39    0.000000000000000000E+00
 T F     1          14
    0.401834975648823059E-04   -0.213770630988242338E+02   -0.150949950576001619E+02
 T F     1         136
    0.248482715269744160E-03   -0.189164014781751497E+02   -0.146968125355397383E+02
