 F
        1476        7262           3         150
   -0.192069401842424909E+02   -0.143486821262598738E+02
 T
   2
    0.200000000000000000E+01    0.300000000000000000E+01    0.140000000000000013E+00    0.859999999999999987E+00
   0
   0
 T T     0           0
    0.000000000000000000E+00   -0.340282346638528860E+39    0.000000000000000000E+00
 T F     1          21
    0.300746738088131619E-04   -0.222126865131586690E+02   -0.159758606412121189E+02
 T F     1         129
    0.118629536396533126E-03   -0.192577091907423217E+02   -0.142639389269339194E+02
