 F
        1548        7817           3         150
   -0.203863918680112910E+02   -0.153207648253794293E+02
 T
   2
    0.200000000000000000E+01    0.300000000000000000E+01    0.833333333333333370E+00    0.166666666666666657E+00
   0
   0
 T T     0           0
    0.000000000000000000E+00   -0.340282346638528860E+39    0.000000000000000000E+00
 T F     1         125
    0.702356254843806873E-04   -0.205247495039901757E+02   -0.152444517810652354E+02
 T F     1          25
    0.219862609368100511E-04   -0.224326865761326779E+02   -0.158350515586205756E+02
