 F
        2454       31833           3         150
   -0.233272342301355380E+02   -0.129803070739319288E+02
 T
   2
    0.200000000000000000E+01    0.300000000000000000E+01    0.453333333333333310E+00    0.546666666666666634E+00
   0
   0
 T T     0           0
    0.000000000000000000E+00   -0.340282346638528860E+39    0.000000000000000000E+00
 T F     1          68
    0.331461212599074197E-06   -0.233893628068926986E+02   -0.128298307420770232E+02
 T F     1          82
    0.430603156610379331E-07   -0.261366869146856651E+02   -0.153278627223427524E+02
