 F
        1743       10837           3         150
   -0.250573781645347005E+02   -0.183919382717422124E+02
 T
   2
    0.200000000000000000E+01    0.300000000000000000E+01    0.853333333333333388E+00    0.146666666666666667E+00
   0
   0
 T T     0           0
    0.000000000000000000E+00   -0.340282346638528860E+39    0.000000000000000000E+00
 T F     1         128
    0.215044457849830033E-04   -0.250580883805435057E+02   -0.183878312661569829E+02
 T F     1          22
    0.326873338459403619E-05   -0.323076746479398977E+02   -0.241726405875837216E+02
