 F
        1432        6666           3         150
   -0.193757512135958372E+02   -0.152112330376137699E+02
 T
   2
    0.200000000000000000E+01    0.300000000000000000E+01    0.933333333333333376E-01    0.906666666666666621E+00
   0
   0
 T T     0           0
    0.000000000000000000E+00   -0.340282346638528860E+39    0.000000000000000000E+00
 T F     1          14
    0.368826819596440529E-04   -0.227780516535464166E+02   -0.171333542475474978E+02
 T F     1         136
    0.166073773845741427E-03   -0.194096147504719063E+02   -0.151450285831303120E+02
