 F
        1350        6133           3         150
   -0.211384463086043048E+02   -0.174674775741278587E+02
 T
   2
    0.200000000000000000E+01    0.300000000000000000E+01    0.813333333333333353E+00    0.186666666666666675E+00
   0
   0
 T T     0           0
    0.000000000000000000E+00   -0.340282346638528860E+39    0.000000000000000000E+00
 T F     1         122
    0.256392767366990623E-03   -0.213328276331342472E+02   -0.174433326610231099E+02
 T F     1          28
    0.881871028759284261E-04   -0.228719965876112710E+02   -0.175800101423317301E+02
