 F
        1289        5772           3         150
   -0.198089298324412617E+02   -0.166441782395456315E+02
 T
   2
    0.200000000000000000E+01    0.300000000000000000E+01    0.386666666666666659E+00    0.613333333333333286E+00
   0
   0
 T T     0           0
    0.000000000000000000E+00   -0.340282346638528860E+39    0.000000000000000000E+00
 T F     1          58
    0.312435714428160036E-03   -0.209746859047035592E+02   -0.171231343119815627E+02
 T F     1          92
    0.234450282635833933E-03   -0.201824413117275974E+02   -0.164272938827677883E+02
