 F
        1522        8287           3         150
   -0.185573252048232042E+02   -0.134496182714834625E+02
 T
   2
    0.200000000000000000E+01    0.300000000000000000E+01    0.173333333333333339E+00    0.826666666666666661E+00
   0
   0
 T T     0           0
    0.000000000000000000E+00   -0.340282346638528860E+39    0.000000000000000000E+00
 T F     1          26
    0.210428649511470722E-04   -0.220477719102994101E+02   -0.159680028215261736E+02
 T F     1         124
    0.871218198236279110E-04   -0.185882868584173018E+02   -0.133704252746189578E+02
