 F
        1602        7009           3         150
   -0.347489861396696966E+02   -0.302701909902779178E+02
 T
   2
    0.200000000000000000E+01    0.300000000000000000E+01    0.886666666666666714E+00    0.113333333333333328E+00
   0
   0
 T T     0           0
    0.000000000000000000E+00   -0.340282346638528860E+39    0.000000000000000000E+00
 T F     1         133
    0.639134712277819025E-04   -0.348240619473629849E+02   -0.302024445698205533E+02
 T F     1          17
    0.261797818148713639E-05   -0.373755461121935397E+02   -0.311391150980341749E+02
