 F
        3554       42126           3         150
   -0.312557409686051528E+02   -0.151373347105074565E+02
 T
   2
    0.200000000000000000E+01    0.300000000000000000E+01    0.520000000000000018E+00    0.479999999999999982E+00
   0
   0
 T T     0           0
    0.000000000000000000E+00   -0.340282346638528860E+39    0.000000000000000000E+00
 T F     1          78
    0.132808801439591088E-10   -0.579832722186753671E+02   -0.380614923721957723E+02
 T F     1          72
    0.432847414386887704E-09   -0.312557409686076504E+02   -0.151373347104514675E+02
