    0.102360669136425937E+02    0.671941531747593523E+00    0.151067864894866943E+01    0.923230909987725745E+01    0.744190386117240710E+01   -0.655610155787993421E+00   -0.210976142883300781E+02
    0.102962008774136855E+02    0.676767332219607498E+00    0.142813667654991150E+00    0.936961459281746301E+01    0.777447443241505454E+01   -0.210386798682631326E+00   -0.204579429626464844E+02
    0.101298419094286913E+02    0.604464266552091400E+00    0.200881406664848328E+00    0.929946553519071806E+01    0.790938521389294724E+01    0.146206266407512331E+00   -0.203202342987060547E+02
    0.102139541585681073E+02    0.572966855634121641E+00    0.600950241088867188E+00    0.935236847621392009E+01    0.705569832733668800E+01    0.261449448531800854E-01   -0.201174850463867188E+02
    0.101756386609018676E+02    0.631505114597128325E+00    0.102662706375122070E+01    0.934298849751481875E+01    0.832750526577187067E+01   -0.314223632131655384E+00   -0.199622421264648438E+02
    0.102711932939357897E+02    0.665026474603114370E+00    0.742224812507629395E+00    0.925815204820055548E+01    0.712269722935488581E+01   -0.196266559663050177E+00   -0.199616241455078125E+02
    0.102401823618986434E+02    0.605348968157155443E+00    0.754839658737182617E+00    0.933630211333435334E+01    0.744105701022553578E+01   -0.187647573278852953E+00   -0.197311210632324219E+02
    0.103481588149787331E+02    0.612716439995696138E+00    0.162378621101379395E+01    0.937753889480716651E+01    0.715517663783152447E+01   -0.597202344166231747E+00   -0.196594753265380859E+02
    0.102117170741271828E+02    0.566554262878793513E+00    0.541190147399902344E+00    0.948749822673223342E+01    0.755828385752652121E+01   -0.239305022869731543E+00   -0.195803833007812500E+02
    0.101561856988766301E+02    0.630500708899902396E+00    0.384674310684204102E+00    0.929645157742937123E+01    0.821895616388466088E+01    0.146260909391366489E+00   -0.193110809326171875E+02
    0.101558569720631446E+02    0.568104733269836570E+00    0.178687536716461182E+01    0.919045963360345119E+01    0.755250283583023663E+01   -0.616592709293937169E-01   -0.190629386901855469E+02
    0.102697085165312227E+02    0.678052369347313499E+00    0.230355784296989441E+00    0.931086711654922539E+01    0.771107519701664668E+01   -0.980422048374451904E-01   -0.189942054748535156E+02
    0.103640772310005236E+02    0.641636341579294944E+00    0.169768619537353516E+01    0.935748994598324302E+01    0.802976794959629281E+01   -0.568922179841336639E+00   -0.189038982391357422E+02
    0.102275620608662265E+02    0.591202013517457159E+00    0.120470389723777771E+00    0.952696471678786949E+01    0.826798189096905922E+01   -0.137470275511852869E+00   -0.188394527435302734E+02
    0.102225521602352245E+02    0.543494190951030687E+00    0.120853292942047119E+01    0.934546773093532934E+01    0.712742622423110372E+01    0.192519532355994727E-04   -0.185883026123046875E+02
    0.102059833983084332E+02    0.605548289073762014E+00    0.188979543745517731E-01    0.936885508730514260E+01    0.706805812268900713E+01    0.788490957254417424E-01   -0.185138053894042969E+02
    0.100917949748239852E+02    0.560743490205898198E+00    0.104976463317871094E+01    0.932454732234425698E+01    0.822913707006230588E+01    0.443784151702790730E-01   -0.184846916198730469E+02
    0.101754568696635594E+02    0.638291761594027340E+00    0.114514537155628204E+00    0.933381121997421559E+01    0.821587993857547083E+01    0.164457765376005760E+00   -0.184326972961425781E+02
    0.103169171790477225E+02    0.665351443796465047E+00    0.525567412376403809E+00    0.941319819429542370E+01    0.818653858380402255E+01   -0.289070385164351240E+00   -0.184121208190917969E+02
    0.102008449730972437E+02    0.648068083936838901E+00    0.136652320623397827E+00    0.932605609905285071E+01    0.783939119313843236E+01    0.106169029303853080E-01   -0.183319091796875000E+02
    0.102380104226531774E+02    0.556281625422751946E+00    0.802685022354125977E+00    0.944262382049614502E+01    0.737169957710397483E+01   -0.654682202309531114E-01   -0.182565650939941406E+02
    0.101496902392944364E+02    0.600611796632935624E+00    0.343246936798095703E+00    0.930858733589880138E+01    0.798808084457518142E+01    0.125656354872146547E+00   -0.180413360595703125E+02
    0.101984559717735639E+02    0.644249751500204804E+00    0.736760556697845459E+00    0.930010087929440488E+01    0.791265754069374072E+01   -0.181157162655765536E+00   -0.179621620178222656E+02
    0.101276122356481579E+02    0.613700411148985880E+00    0.374323487281799316E+00    0.930710350454284452E+01    0.787347794111688870E+01    0.419062539278702850E-01   -0.179393157958984375E+02
    0.101741313165434732E+02    0.560243397904226059E+00    0.374879360198974609E+00    0.938684578104829725E+01    0.800556868568271085E+01    0.154600073302199714E+00   -0.179057769775390625E+02
    0.102937091382764017E+02    0.653419057584223251E+00    0.832904279232025146E+00    0.934336389772833442E+01    0.764263399723412995E+01   -0.381329161501348990E+00   -0.179047946929931641E+02
    0.102078674458545926E+02    0.703505777782752362E+00    0.109859339892864227E+00    0.926193494872308420E+01    0.740711142892174390E+01   -0.161558021240897354E+00   -0.178689002990722656E+02
    0.102241504548260451E+02    0.578693847154977514E+00    0.256898701190948486E+00    0.944808961355012400E+01    0.783720366222223586E+01   -0.320496631959317213E-01   -0.178565349578857422E+02
    0.102501923237508450E+02    0.623048892264493004E+00    0.118349802494049072E+01    0.928734865759118300E+01    0.735920423365954424E+01   -0.397625213418494550E+00   -0.178045234680175781E+02
    0.102776268035680101E+02    0.646090046944188590E+00    0.314205676317214966E+00    0.937791682301406126E+01    0.733172056842014630E+01   -0.163297487610730041E+00   -0.177741394042968750E+02
    0.102498766692862375E+02    0.606832504697240593E+00    0.132931196689605713E+01    0.928653758131388329E+01    0.738704816451615720E+01   -0.368607454501547194E+00   -0.177632484436035156E+02
    0.101377394400347356E+02    0.590429166673517081E+00    0.924627304077148438E+00    0.925562616955443040E+01    0.712254784191304502E+01   -0.110722981459125069E+00   -0.177631225585937500E+02
    0.101562477339543040E+02    0.589091369703027334E+00    0.862536311149597168E+00    0.931604093236368769E+01    0.799675921672472345E+01   -0.135962463652248289E-01   -0.177352333068847656E+02
    0.102148480894710172E+02    0.568518131035688157E+00    0.482209503650665283E+00    0.942103170079011143E+01    0.755302250298385047E+01   -0.538824133490134471E-01   -0.177244758605957031E+02
    0.102526928053501898E+02    0.614606332221796059E+00    0.424108095467090607E-01    0.938971476951011041E+01    0.753650813287823862E+01    0.906728246812571470E-01   -0.177233734130859375E+02
    0.102867852862314173E+02    0.674415776562375613E+00    0.110354995727539062E+01    0.935070712115358482E+01    0.823477473052162701E+01   -0.515570741802337196E+00   -0.176784744262695312E+02
    0.100803371020316952E+02    0.583875605483479942E+00    0.136549532413482666E+01    0.921281889997954906E+01    0.761184239043229383E+01   -0.131929227817575878E+00   -0.176694679260253906E+02
    0.101137607798266487E+02    0.667563897093098824E+00    0.756224870681762695E+00    0.924774381929312739E+01    0.793512824567419450E+01   -0.333740860134592587E+00   -0.176179313659667969E+02
    0.102478076196169621E+02    0.659232993972787229E+00    0.775372266769409180E+00    0.935255874124224107E+01    0.827238188029873811E+01   -0.232189657671885819E+00   -0.176048316955566406E+02
    0.101873293614344753E+02    0.617532509044948497E+00    0.591890096664428711E+00    0.929246041051811922E+01    0.728122455000336899E+01   -0.155227791039360685E+00   -0.175445747375488281E+02
    0.101814217378421290E+02    0.545460352710247731E+00    0.108373379707336426E+01    0.936752675922329203E+01    0.804542908756090824E+01    0.982770589433190622E-02   -0.175205955505371094E+02
    0.100706750677152783E+02    0.580052074994663824E+00    0.943989932537078857E+00    0.921011313552400424E+01    0.711284586311941780E+01    0.409177296481750830E-01   -0.174073867797851562E+02
    0.102966913941873859E+02    0.614968732154724140E+00    0.681003808975219727E+00    0.941262547955856910E+01    0.804828013493823491E+01   -0.151529633585560042E+00   -0.173945999145507812E+02
    0.102884841641095122E+02    0.583844044530557382E+00    0.204370450973510742E+01    0.928459468106809638E+01    0.721182883916130546E+01   -0.521141876001656179E+00   -0.173115997314453125E+02
    0.103383211980349756E+02    0.650759179065935611E+00    0.129302763938903809E+01    0.932428443770221982E+01    0.778800628834380237E+01   -0.392454501553898494E+00   -0.172999038696289062E+02
    0.103054515789355232E+02    0.662798583436030486E+00    0.344286561012268066E+00    0.934290320567032495E+01    0.739005810088483095E+01   -0.741224645341236332E-01   -0.172175960540771484E+02
    0.103054515789355232E+02    0.662798583436030486E+00    0.344286561012268066E+00    0.934290320567032495E+01    0.739005810088483095E+01   -0.741224645341236332E-01   -0.172175960540771484E+02
    0.103350189928991796E+02    0.651820787523974654E+00    0.188762307167053223E+01    0.934264207264179802E+01    0.826996296356897354E+01   -0.642440658159885603E+00   -0.172172470092773438E+02
    0.102369545043923118E+02    0.645323610742238096E+00    0.131305718421936035E+01    0.928032836378981330E+01    0.793246538150708425E+01   -0.388909882981161026E+00   -0.172106475830078125E+02
    0.102916875346069610E+02    0.577497432285001722E+00    0.176487243175506592E+01    0.933427601314697952E+01    0.741165722323833442E+01   -0.371308736280533846E+00   -0.172060394287109375E+02
    0.102280435190098249E+02    0.645673206153528079E+00    0.740476846694946289E+00    0.925627057265982600E+01    0.707918279518770888E+01   -0.222459327402484641E+00   -0.171517295837402344E+02
    0.102435107913575241E+02    0.580219645346654933E+00    0.674969494342803955E+00    0.946003961642163560E+01    0.813004619605057322E+01   -0.157709553013237080E+00   -0.171288967132568359E+02
    0.102412142015863772E+02    0.613294490412774174E+00    0.953538194298744202E-01    0.944083949602379313E+01    0.824568115631625176E+01    0.677280960144632793E-01   -0.171153450012207031E+02
    0.102522015238661339E+02    0.655689364701522948E+00    0.172650682926177979E+01    0.926595299139649953E+01    0.804709076599493400E+01   -0.647063789536542755E+00   -0.170829734802246094E+02
    0.101951940852180627E+02    0.642276385038467290E+00    0.866945803165435791E+00    0.926825275038291885E+01    0.758471385643791685E+01   -0.362529604321685461E+00   -0.170680236816406250E+02
    0.101743045498625140E+02    0.636989422310850539E+00    0.148470079898834229E+01    0.922198564393707088E+01    0.803897237010789567E+01   -0.276231362470538366E+00   -0.170478229522705078E+02
    0.102484723052240749E+02    0.577510483357590365E+00    0.753915369510650635E+00    0.940205582021811637E+01    0.730173789282635788E+01   -0.179516346984109454E+00   -0.170439510345458984E+02
    0.101275835997724961E+02    0.587532211488025369E+00    0.767637908458709717E+00    0.927747925325385481E+01    0.783685616333486390E+01    0.113136451647398939E+00   -0.170385856628417969E+02
    0.102245347327169558E+02    0.693678653373894560E+00    0.110937976837158203E+01    0.926529346385984631E+01    0.809356025597454476E+01   -0.524832133578988502E+00   -0.169856548309326172E+02
    0.102245347327169558E+02    0.693678653373894560E+00    0.110937976837158203E+01    0.926529346385984631E+01    0.809356025597454476E+01   -0.524832133578988502E+00   -0.169856548309326172E+02
    0.102931556619772238E+02    0.619747901158428816E+00    0.999273061752319336E+00    0.933050219478668375E+01    0.704448840462816595E+01   -0.245557994901406840E+00   -0.169681396484375000E+02
    0.102305844933580428E+02    0.571556413170283828E+00    0.524050831794738770E+00    0.944091702414984724E+01    0.763786699809232328E+01   -0.952565413842605402E-01   -0.169561328887939453E+02
    0.102357950900393213E+02    0.606809490806789142E+00    0.729044258594512939E+00    0.929159868354114593E+01    0.728783026371812870E+01    0.103711756482910200E+00   -0.169446544647216797E+02
    0.102336875613132658E+02    0.561937807766681119E+00    0.408723622560501099E+00    0.948669271245801582E+01    0.795496205317339999E+01   -0.576018742708401810E-01   -0.169174652099609375E+02
    0.101094648204170348E+02    0.570571611758880604E+00    0.839068710803985596E+00    0.929900811330892374E+01    0.775408197796689702E+01   -0.685489602386137875E-01   -0.168560886383056641E+02
    0.102103550383017421E+02    0.629528724377221183E+00    0.963813364505767822E-01    0.934304287721123217E+01    0.767969255347455793E+01    0.576896251374914293E-01   -0.168495464324951172E+02
    0.101160815083136821E+02    0.606031542138285917E+00    0.140627133846282959E+01    0.920160765157718430E+01    0.742695675988436221E+01   -0.179661371416802496E+00   -0.168471908569335938E+02
    0.101160815083136821E+02    0.606031542138285917E+00    0.140627133846282959E+01    0.920160765157718430E+01    0.742695675988436221E+01   -0.179661371416802496E+00   -0.168471908569335938E+02
    0.102538354879793836E+02    0.591788959824513738E+00    0.980909705162048340E+00    0.935354255813775737E+01    0.791166961923304424E+01   -0.478172246687997848E-01   -0.168130989074707031E+02
    0.102538354879793836E+02    0.591788959824513738E+00    0.980909705162048340E+00    0.935354255813775737E+01    0.791166961923304424E+01   -0.478172246687997848E-01   -0.168130989074707031E+02
    0.102385421432065016E+02    0.591876704952765897E+00    0.379077792167663574E+00    0.941785602409188094E+01    0.816766172578054928E+01    0.908328486895495502E-01   -0.168066253662109375E+02
    0.102678999340940997E+02    0.661959437296808506E+00    0.530792057514190674E+00    0.934353683227079301E+01    0.790581461710060385E+01   -0.263691407462783411E+00   -0.167723999023437500E+02
    0.102119119351302245E+02    0.639999374160178158E+00    0.286473780870437622E+00    0.929169704775777205E+01    0.714775904008729324E+01    0.352644645070019358E-01   -0.167545547485351562E+02
    0.102414072658645523E+02    0.555330305157370807E+00    0.142634344100952148E+01    0.935710110802114592E+01    0.759222498525971812E+01   -0.219184919219273633E+00   -0.166645183563232422E+02
    0.102414072658645523E+02    0.555330305157370807E+00    0.142634344100952148E+01    0.935710110802114592E+01    0.759222498525971812E+01   -0.219184919219273633E+00   -0.166645183563232422E+02
    0.102292861725472921E+02    0.603642145968365851E+00    0.578522086143493652E-01    0.936464527365736643E+01    0.716953514160055771E+01    0.139327999035327110E+00   -0.166456985473632812E+02
    0.102455122689399563E+02    0.559985518876975563E+00    0.121160483360290527E+01    0.944235478515255622E+01    0.827162299201419060E+01   -0.193870223306434664E+00   -0.166391448974609375E+02
    0.102129714021304778E+02    0.590393098686260220E+00    0.335727483034133911E+00    0.940021504386499807E+01    0.773270957652470958E+01   -0.515338512879490729E-01   -0.166315326690673828E+02
    0.102063769408622598E+02    0.654692888311996346E+00    0.726001709699630737E-01    0.929348180549413172E+01    0.736938115058403653E+01   -0.221710857386225868E-01   -0.166250152587890625E+02
    0.102507487952795877E+02    0.574276343031483782E+00    0.625673353672027588E+00    0.946207880977104487E+01    0.812351270946872361E+01   -0.971505303140265397E-01   -0.166134757995605469E+02
    0.102507487952795877E+02    0.574276343031483782E+00    0.625673353672027588E+00    0.946207880977104487E+01    0.812351270946872361E+01   -0.971505303140265397E-01   -0.166134757995605469E+02
    0.103278847124785180E+02    0.668949110556370075E+00    0.832202792167663574E+00    0.932405018570491784E+01    0.730919649518005965E+01   -0.383118775546611001E+00   -0.166083641052246094E+02
    0.102881740046459562E+02    0.654674567852358891E+00    0.586858987808227539E+00    0.934215644601999351E+01    0.707729354305437308E+01   -0.251013348117421708E+00   -0.165997867584228516E+02
    0.102230190530718197E+02    0.602181190070855132E+00    0.137213504314422607E+01    0.927208724086798242E+01    0.707249546014727315E+01   -0.293831126544895405E+00   -0.165994434356689453E+02
    0.102536857744646870E+02    0.574721367435196528E+00    0.563406169414520264E+00    0.941857888787524899E+01    0.721653010087279068E+01   -0.237291550518632377E-01   -0.165834884643554688E+02
    0.103103050765940161E+02    0.687239269088945726E+00    0.728798270225524902E+00    0.928106855033916212E+01    0.705684414731383658E+01   -0.344007602107942789E+00   -0.165623493194580078E+02
    0.102178787732602832E+02    0.555327161375789635E+00    0.651312112808227539E+00    0.942680744233700985E+01    0.780710335909975761E+01   -0.362090439013318388E-01   -0.165604476928710938E+02
    0.102836830332982991E+02    0.629024902652333795E+00    0.329445064067840576E+00    0.936636483224644323E+01    0.724246054527671479E+01   -0.229832850271378675E-01   -0.165363769531250000E+02
    0.102342262018910510E+02    0.588019442231437983E+00    0.479520201683044434E+00    0.939374404096389881E+01    0.798626215879337220E+01    0.506865658156780974E-01   -0.165354995727539062E+02
    0.101958478636060335E+02    0.588191368348840005E+00    0.106266945600509644E+00    0.938001094246006062E+01    0.704799201405492326E+01    0.955239952058031250E-01   -0.165211086273193359E+02
    0.101609360265153050E+02    0.621716586459991727E+00    0.624702572822570801E+00    0.927858872789954248E+01    0.752679644952691529E+01   -0.137966552944271736E+00   -0.165108947753906250E+02
    0.102659253163282020E+02    0.611950453561947993E+00    0.799863934516906738E+00    0.946995252305691260E+01    0.840129444408604265E+01   -0.260915255628590081E+00   -0.164930706024169922E+02
    0.102688259506036115E+02    0.594063258556149276E+00    0.239625424146652222E+00    0.946662265987626306E+01    0.771307748940475690E+01   -0.450489161809000116E-01   -0.164796066284179688E+02
    0.103238696805333987E+02    0.652909507617687845E+00    0.639237582683563232E+00    0.935504898852634881E+01    0.738930975387436284E+01   -0.205913030670832775E+00   -0.164367351531982422E+02
    0.102747552994626457E+02    0.675911894970712579E+00    0.553315281867980957E+00    0.929395133640280235E+01    0.735909389591212726E+01   -0.261896226749040117E+00   -0.164334373474121094E+02
    0.102747552994626457E+02    0.675911894970712579E+00    0.553315281867980957E+00    0.929395133640280235E+01    0.735909389591212726E+01   -0.261896226749040117E+00   -0.164334373474121094E+02
    0.102581914104781244E+02    0.677789658190709354E+00    0.105926299095153809E+01    0.924620391473121295E+01    0.742697758891755200E+01   -0.414036070181109439E+00   -0.163733615875244141E+02
    0.102757266221210966E+02    0.652494188382902851E+00    0.319159746170043945E+00    0.936144315069088861E+01    0.725871294520413812E+01   -0.158384650871862487E+00   -0.163671684265136719E+02
    0.102677068777959910E+02    0.575094322084729548E+00    0.145135378837585449E+01    0.933397752603293007E+01    0.701566529914881087E+01   -0.208822677024278258E+00   -0.163420372009277344E+02
    0.102677068777959910E+02    0.575094322084729548E+00    0.145135378837585449E+01    0.933397752603293007E+01    0.701566529914881087E+01   -0.208822677024278258E+00   -0.163420372009277344E+02
    0.102466801565984174E+02    0.662920322438654508E+00    0.387157239019870758E-01    0.941991297715098952E+01    0.830372436328480390E+01   -0.112900280960961830E+00   -0.163363208770751953E+02
    0.103034443525790120E+02    0.611268266367031465E+00    0.177027976512908936E+01    0.932514176379351944E+01    0.786590215477127241E+01   -0.567941744514040892E+00   -0.163252925872802734E+02
    0.103034443525790120E+02    0.611268266367031465E+00    0.177027976512908936E+01    0.932514176379351944E+01    0.786590215477127241E+01   -0.567941744514040892E+00   -0.163252925872802734E+02
    0.101956859422691348E+02    0.640349494409127695E+00    0.233700439333915710E+00    0.932544696525733485E+01    0.805128252846160919E+01    0.822306097160114824E-01   -0.163198127746582031E+02
    0.102860269638969175E+02    0.618689336893681330E+00    0.638665199279785156E+00    0.935901190163830954E+01    0.735583352832917203E+01   -0.709802700750277182E-01   -0.163152198791503906E+02
    0.102115324386728581E+02    0.565417817688462665E+00    0.581176578998565674E+00    0.938159795611911207E+01    0.783083791318068201E+01    0.993991418952142602E-01   -0.162958450317382812E+02
    0.102115324386728581E+02    0.565417817688462665E+00    0.581176578998565674E+00    0.938159795611911207E+01    0.783083791318068201E+01    0.993991418952142602E-01   -0.162958450317382812E+02
    0.102438183918758732E+02    0.642922806440928918E+00    0.214978784322738647E+00    0.933645190310741135E+01    0.778220371703986125E+01   -0.367553898882100327E-03   -0.162956619262695312E+02
    0.102584658897105570E+02    0.641561586298532327E+00    0.532215535640716553E+00    0.932638389180598892E+01    0.726826417482618492E+01   -0.213720234638471673E+00   -0.162749786376953125E+02
    0.102584658897105570E+02    0.641561586298532327E+00    0.532215535640716553E+00    0.932638389180598892E+01    0.726826417482618492E+01   -0.213720234638471673E+00   -0.162749786376953125E+02
    0.103355648343760738E+02    0.662739390485774682E+00    0.113772308826446533E+01    0.931889575045256535E+01    0.735835370652529352E+01   -0.418340951555932206E+00   -0.162589874267578125E+02
    0.100822255050854359E+02    0.629619853740739366E+00    0.105031585693359375E+01    0.925206855387684257E+01    0.794433278104905938E+01   -0.332951476234500499E+00   -0.162514533996582031E+02
    0.100822255050854359E+02    0.629619853740739366E+00    0.105031585693359375E+01    0.925206855387684257E+01    0.794433278104905938E+01   -0.332951476234500499E+00   -0.162514533996582031E+02
    0.102356358635749132E+02    0.595429087129270451E+00    0.533792495727539062E+00    0.939396191839327876E+01    0.770170770349354505E+01   -0.125629518322763811E+00   -0.162191638946533203E+02
    0.102040536085788673E+02    0.587106116149690549E+00    0.543464779853820801E+00    0.941717965081561736E+01    0.834137805006372268E+01    0.821150853994092600E-01   -0.162178115844726562E+02
    0.102120041433271531E+02    0.570498389252202309E+00    0.911008298397064209E+00    0.946086010120131427E+01    0.843510873788108562E+01   -0.943603247642967879E-01   -0.162165603637695312E+02
    0.102754853846350578E+02    0.630372967060725209E+00    0.669142663478851318E+00    0.932917635164181824E+01    0.758837361500979046E+01   -0.671707010876785304E-01   -0.161580696105957031E+02
    0.100967178597575664E+02    0.597176018597971314E+00    0.875471711158752441E+00    0.922739758204307314E+01    0.773537362177489385E+01    0.302673726387507891E-01   -0.161372032165527344E+02
    0.102448139622991210E+02    0.614145428799982351E+00    0.357713460922241211E+00    0.948667163211321629E+01    0.838623859564759577E+01   -0.163296757180241947E+00   -0.160969352722167969E+02
    0.102647197429021091E+02    0.604795935631661008E+00    0.323991298675537109E+00    0.943073109664191023E+01    0.800844200610596602E+01   -0.163920432647390868E-01   -0.160706710815429688E+02
    0.102234459300424003E+02    0.614762680850719834E+00    0.163278281688690186E+01    0.926745012736896001E+01    0.774429650572172612E+01   -0.480940794179871123E+00   -0.160668640136718750E+02
    0.103132687474483316E+02    0.662865666608997595E+00    0.125217139720916748E+01    0.927553578495691866E+01    0.724954791545181632E+01   -0.355541563928456927E+00   -0.160414829254150391E+02
    0.102776351458071709E+02    0.585413288662282816E+00    0.806525230407714844E+00    0.941474761949333327E+01    0.731269353199293803E+01   -0.155799087247894708E+00   -0.160020904541015625E+02
    0.102983978020165843E+02    0.616438820278155220E+00    0.119124782085418701E+01    0.940624214400746261E+01    0.827249814785791493E+01   -0.289426304344240659E+00   -0.159937095642089844E+02
    0.102113966048179599E+02    0.597677602524394946E+00    0.252807587385177612E+00    0.946673962206550179E+01    0.837830095137369035E+01   -0.241478950178666274E-01   -0.159594688415527344E+02
    0.102113966048179599E+02    0.597677602524394946E+00    0.252807587385177612E+00    0.946673962206550179E+01    0.837830095137369035E+01   -0.241478950178666274E-01   -0.159594688415527344E+02
    0.102214046606267264E+02    0.571779389247774605E+00    0.109902882575988770E+01    0.934242694721226741E+01    0.713342494797354387E+01   -0.169198783155669386E+00   -0.159108638763427734E+02
    0.102297917753354461E+02    0.607886853717364173E+00    0.248988956212997437E+00    0.938011771579730791E+01    0.776841888924989643E+01    0.336705302221553815E-01   -0.158934364318847656E+02
    0.102259582566158116E+02    0.578425807539139747E+00    0.743484437465667725E+00    0.940450810505637769E+01    0.818396183293273793E+01    0.479744449033159270E-02   -0.158485279083251953E+02
    0.102202918305152917E+02    0.631141301830081991E+00    0.137190139293670654E+01    0.923208824605743494E+01    0.721901129363128380E+01   -0.433406976403687416E+00   -0.158471355438232422E+02
    0.102202918305152917E+02    0.631141301830081991E+00    0.137190139293670654E+01    0.923208824605743494E+01    0.721901129363128380E+01   -0.433406976403687416E+00   -0.158471355438232422E+02
    0.102563848629240351E+02    0.608787982804717798E+00    0.315992951393127441E+00    0.943559364665410705E+01    0.815344973530149275E+01   -0.770261180141229573E-02   -0.158146095275878906E+02
    0.102563848629240351E+02    0.608787982804717798E+00    0.315992951393127441E+00    0.943559364665410705E+01    0.815344973530149275E+01   -0.770261180141229573E-02   -0.158146095275878906E+02
    0.102128113167693719E+02    0.664018377263195680E+00    0.154049083590507507E+00    0.929431597169515200E+01    0.703937559188694451E+01   -0.737864582178340278E-01   -0.158063850402832031E+02
    0.102686957219773731E+02    0.637977050054195582E+00    0.590068995952606201E+00    0.932249246513995011E+01    0.708541508240287943E+01   -0.148312091916504851E+00   -0.157870759963989258E+02
    0.102539772984231767E+02    0.624828765023260457E+00    0.715521574020385742E+00    0.936159220989670970E+01    0.805678427880097026E+01   -0.160289456426087273E+00   -0.157701549530029297E+02
    0.102580974134312637E+02    0.586384291820150949E+00    0.815155506134033203E+00    0.939324047187822053E+01    0.733151623314547862E+01   -0.174047892833181450E+00   -0.157640399932861328E+02
    0.102580974134312637E+02    0.586384291820150949E+00    0.815155506134033203E+00    0.939324047187822053E+01    0.733151623314547862E+01   -0.174047892833181450E+00   -0.157640399932861328E+02
    0.102824701204895952E+02    0.659000572350682101E+00    0.415188074111938477E+00    0.934695280291728103E+01    0.767473547280693325E+01   -0.177960181069633627E+00   -0.157581214904785156E+02
    0.102824701204895952E+02    0.659000572350682101E+00    0.415188074111938477E+00    0.934695280291728103E+01    0.767473547280693325E+01   -0.177960181069633627E+00   -0.157581214904785156E+02
    0.101899803903411286E+02    0.693718070816022214E+00    0.982592180371284485E-01    0.926580737398755794E+01    0.748430274415887009E+01   -0.153017708641378203E+00   -0.157562561035156250E+02
    0.101899803903411286E+02    0.693718070816022214E+00    0.982592180371284485E-01    0.926580737398755794E+01    0.748430274415887009E+01   -0.153017708641378203E+00   -0.157562561035156250E+02
    0.101918383529958838E+02    0.690845323631421260E+00    0.136654436588287354E+00    0.933237554372568390E+01    0.820702368360027990E+01   -0.146635254665528070E+00   -0.157548446655273438E+02
    0.101918383529958838E+02    0.690845323631421260E+00    0.136654436588287354E+00    0.933237554372568390E+01    0.820702368360027990E+01   -0.146635254665528070E+00   -0.157548446655273438E+02
    0.102492777647978244E+02    0.602328164220049200E+00    0.172568762302398682E+01    0.928800342745470076E+01    0.777035011827767264E+01   -0.461964657344754670E+00   -0.157312955856323242E+02
    0.103094015405152408E+02    0.618068913802133690E+00    0.101907813549041748E+01    0.935065256711611070E+01    0.725801206175019153E+01   -0.217182550573390198E+00   -0.157305374145507812E+02
    0.103094015405152408E+02    0.618068913802133690E+00    0.101907813549041748E+01    0.935065256711611070E+01    0.725801206175019153E+01   -0.217182550573390198E+00   -0.157305374145507812E+02
    0.102697626191416056E+02    0.651781665376278352E+00    0.127484738826751709E+01    0.929173797926036471E+01    0.788212753221765183E+01   -0.485094190392876490E+00   -0.157110290527343750E+02
    0.102697626191416056E+02    0.651781665376278352E+00    0.127484738826751709E+01    0.929173797926036471E+01    0.788212753221765183E+01   -0.485094190392876490E+00   -0.157110290527343750E+02
    0.102543175018669803E+02    0.694391511967707098E+00    0.152654960751533508E+00    0.928695190702825180E+01    0.735792440799264469E+01   -0.134584890072656282E+00   -0.156988363265991211E+02
    0.102605170492163786E+02    0.618293171123044605E+00    0.880450546741485596E+00    0.933785506950181521E+01    0.747725467944985578E+01   -0.223610956613388145E+00   -0.156976451873779297E+02
    0.102525728925521555E+02    0.613367440661515162E+00    0.145942556858062744E+01    0.928133884930003461E+01    0.759383437557019203E+01   -0.418732693633806052E+00   -0.156968126296997070E+02
    0.102525728925521555E+02    0.613367440661515162E+00    0.145942556858062744E+01    0.928133884930003461E+01    0.759383437557019203E+01   -0.418732693633806052E+00   -0.156968126296997070E+02
    0.101792677256310782E+02    0.607151203026922159E+00    0.454447627067565918E+00    0.934031008560135234E+01    0.803119280482748543E+01    0.396998117157032482E-01   -0.156930818557739258E+02
    0.102473762899491199E+02    0.666476734543332450E+00    0.898283839225769043E+00    0.934567904036631703E+01    0.825741567372730501E+01   -0.343041239335020176E+00   -0.156727809906005859E+02
    0.102670234679673467E+02    0.584438865094017435E+00    0.157077300548553467E+01    0.935000413753481929E+01    0.797363460483497022E+01   -0.339829889661079854E+00   -0.156612062454223633E+02
    0.102701175016631918E+02    0.604258187421331971E+00    0.102601194381713867E+01    0.936696054372458775E+01    0.790984069318910166E+01   -0.259253228346305375E+00   -0.156411685943603516E+02
    0.102710498877616718E+02    0.665706199642499774E+00    0.109704911708831787E+01    0.926851759893600224E+01    0.755535269276529498E+01   -0.383845997646952375E+00   -0.155999126434326172E+02
    0.102710498877616718E+02    0.665706199642499774E+00    0.109704911708831787E+01    0.926851759893600224E+01    0.755535269276529498E+01   -0.383845997646952375E+00   -0.155999126434326172E+02
    0.102382585186541064E+02    0.637385551955279905E+00    0.684453010559082031E+00    0.926400758903745825E+01    0.702521264415674906E+01   -0.484111603802102053E-01   -0.155979995727539062E+02
    0.102382585186541064E+02    0.637385551955279905E+00    0.684453010559082031E+00    0.926400758903745825E+01    0.702521264415674906E+01   -0.484111603802102053E-01   -0.155979995727539062E+02
    0.102333722646869063E+02    0.601581065652621483E+00    0.354071497917175293E+00    0.937817528498660735E+01    0.729489832410891559E+01   -0.339267246811991718E-01   -0.155785512924194336E+02
    0.101866185761970875E+02    0.643790345570635858E+00    0.352518349885940552E+00    0.932721193658077041E+01    0.797751180708627583E+01   -0.119184236946692668E+00   -0.155653572082519531E+02
    0.101437845370943762E+02    0.609382268221886791E+00    0.416538506746292114E+00    0.930238913195359984E+01    0.775852028775011959E+01    0.576358607844791315E-01   -0.155449399948120117E+02
    0.101437845370943762E+02    0.609382268221886791E+00    0.416538506746292114E+00    0.930238913195359984E+01    0.775852028775011959E+01    0.576358607844791315E-01   -0.155449399948120117E+02
    0.101866666397501966E+02    0.582232506318878018E+00    0.921267151832580566E+00    0.932106232529042522E+01    0.769852410496494244E+01   -0.133182159110124321E+00   -0.155067176818847656E+02
    0.101866666397501966E+02    0.582232506318878018E+00    0.921267151832580566E+00    0.932106232529042522E+01    0.769852410496494244E+01   -0.133182159110124321E+00   -0.155067176818847656E+02
    0.102417613011798423E+02    0.687387543816088353E+00    0.151684254407882690E+00    0.929405121114826649E+01    0.742138681063738925E+01   -0.159021731454927817E+00   -0.154925956726074219E+02
    0.102756216915509810E+02    0.582487185904415727E+00    0.977616429328918457E+00    0.941466402413997372E+01    0.799165714675835659E+01   -0.160848293306619983E+00   -0.154923954010009766E+02
    0.102237600083981857E+02    0.640914205025086559E+00    0.690940797328948975E+00    0.931348354926932664E+01    0.786927417559013787E+01   -0.164498047696217675E+00   -0.154846925735473633E+02
    0.102237600083981857E+02    0.640914205025086559E+00    0.690940797328948975E+00    0.931348354926932664E+01    0.786927417559013787E+01   -0.164498047696217675E+00   -0.154846925735473633E+02
    0.102242285096162160E+02    0.632266549132740385E+00    0.305942326784133911E+00    0.936068240202208024E+01    0.798102834247793158E+01   -0.428476622795987971E-01   -0.154642868041992188E+02
    0.102242285096162160E+02    0.632266549132740385E+00    0.305942326784133911E+00    0.936068240202208024E+01    0.798102834247793158E+01   -0.428476622795987971E-01   -0.154642868041992188E+02
    0.101765292228808484E+02    0.624498108231591686E+00    0.807560384273529053E+00    0.932860818353914212E+01    0.820527160253715948E+01   -0.107921041050992983E+00   -0.154088478088378906E+02
    0.101765292228808484E+02    0.624498108231591686E+00    0.807560384273529053E+00    0.932860818353914212E+01    0.820527160253715948E+01   -0.107921041050992983E+00   -0.154088478088378906E+02
    0.102464155355621696E+02    0.606292739741687403E+00    0.109694457054138184E+01    0.932192067225688170E+01    0.707175753287864595E+01   -0.261368244549176953E+00   -0.154062633514404297E+02
    0.102464155355621696E+02    0.606292739741687403E+00    0.109694457054138184E+01    0.932192067225688170E+01    0.707175753287864595E+01   -0.261368244549176953E+00   -0.154062633514404297E+02
    0.101887691351568570E+02    0.687938672602336765E+00    0.354842878878116608E-01    0.933529548492058936E+01    0.824326200708946821E+01   -0.336697807440051733E-01   -0.154045486450195312E+02
    0.101887691351568570E+02    0.687938672602336765E+00    0.354842878878116608E-01    0.933529548492058936E+01    0.824326200708946821E+01   -0.336697807440051733E-01   -0.154045486450195312E+02
    0.102866942389751514E+02    0.615635313879648316E+00    0.122476053237915039E+01    0.932213007369209024E+01    0.762477771995705833E+01   -0.271887120690539108E+00   -0.153802413940429688E+02
    0.102866942389751514E+02    0.615635313879648316E+00    0.122476053237915039E+01    0.932213007369209024E+01    0.762477771995705833E+01   -0.271887120690539108E+00   -0.153802413940429688E+02
    0.102315477717638963E+02    0.602794336946411824E+00    0.135544967651367188E+01    0.928506451230066787E+01    0.756631239544492651E+01   -0.314918571338653530E+00   -0.153766937255859375E+02
    0.102315477717638963E+02    0.602794336946411824E+00    0.135544967651367188E+01    0.928506451230066787E+01    0.756631239544492651E+01   -0.314918571338653530E+00   -0.153766937255859375E+02
    0.101955259050020981E+02    0.584374981069712307E+00    0.114940452575683594E+01    0.928135289442010958E+01    0.716319652682353869E+01   -0.176297111845575394E+00   -0.153425083160400391E+02
    0.101955259050020981E+02    0.584374981069712307E+00    0.114940452575683594E+01    0.928135289442010958E+01    0.716319652682353869E+01   -0.176297111845575394E+00   -0.153425083160400391E+02
    0.102864786303767985E+02    0.622900135361456608E+00    0.174394750595092773E+01    0.926897225521473267E+01    0.729167168751652550E+01   -0.552594431563065980E+00   -0.153228778839111328E+02
    0.102864786303767985E+02    0.622900135361456608E+00    0.174394750595092773E+01    0.926897225521473267E+01    0.729167168751652550E+01   -0.552594431563065980E+00   -0.153228778839111328E+02
    0.102459339835943020E+02    0.664867798822987188E+00    0.914553642272949219E+00    0.925868090615688999E+01    0.734625573643761953E+01   -0.344431450507588055E+00   -0.152620601654052734E+02
    0.102459339835943020E+02    0.664867798822987188E+00    0.914553642272949219E+00    0.925868090615688999E+01    0.734625573643761953E+01   -0.344431450507588055E+00   -0.152620601654052734E+02
    0.102872424478133446E+02    0.608063019705048280E+00    0.107306361198425293E+01    0.932674415169021387E+01    0.742804810235485746E+01   -0.172193409671447917E+00   -0.152613868713378906E+02
    0.102607721088969512E+02    0.604312873292188191E+00    0.560028553009033203E+00    0.937426865192131764E+01    0.764506060959857070E+01   -0.583716618676701771E-01   -0.152535476684570312E+02
    0.102607721088969512E+02    0.604312873292188191E+00    0.560028553009033203E+00    0.937426865192131764E+01    0.764506060959857070E+01   -0.583716618676701771E-01   -0.152535476684570312E+02
    0.101708882837690489E+02    0.627617047286907925E+00    0.138076877593994141E+01    0.928249435461362182E+01    0.813571932720189217E+01   -0.444335152574778736E+00   -0.152388944625854492E+02
    0.101708882837690489E+02    0.627617047286907925E+00    0.138076877593994141E+01    0.928249435461362182E+01    0.813571932720189217E+01   -0.444335152574778736E+00   -0.152388944625854492E+02
    0.101303830935527088E+02    0.628599217595812054E+00    0.737746357917785645E+00    0.930588445665866892E+01    0.818394371215604721E+01   -0.125653092601780703E+00   -0.152296295166015625E+02
    0.102489859249155586E+02    0.685249870389794236E+00    0.936274290084838867E+00    0.930398055690993608E+01    0.813577638505440426E+01   -0.411506648549761378E+00   -0.152254724502563477E+02
    0.102489859249155586E+02    0.685249870389794236E+00    0.936274290084838867E+00    0.930398055690993608E+01    0.813577638505440426E+01   -0.411506648549761378E+00   -0.152254724502563477E+02
    0.102177082325624227E+02    0.597903742219892287E+00    0.680810332298278809E+00    0.933577423883758684E+01    0.764029218929850185E+01   -0.102267086176995203E+00   -0.152140178680419922E+02
    0.102177082325624227E+02    0.597903742219892287E+00    0.680810332298278809E+00    0.933577423883758684E+01    0.764029218929850185E+01   -0.102267086176995203E+00   -0.152140178680419922E+02
    0.101817498743535566E+02    0.573645334331183143E+00    0.912480711936950684E+00    0.932318840373874735E+01    0.768352075539295853E+01   -0.686518274848650911E-01   -0.152118501663208008E+02
    0.101817498743535566E+02    0.573645334331183143E+00    0.912480711936950684E+00    0.932318840373874735E+01    0.768352075539295853E+01   -0.686518274848650911E-01   -0.152118501663208008E+02
    0.102864002260404632E+02    0.615408897331840898E+00    0.153308737277984619E+01    0.928689384274448138E+01    0.734846768162196184E+01   -0.376928173484892159E+00   -0.152000637054443359E+02
    0.102398796994735548E+02    0.592312576465349072E+00    0.166292238235473633E+01    0.925760648293263344E+01    0.706284546282597070E+01   -0.382372886071212115E+00   -0.151809778213500977E+02
    0.102398796994735548E+02    0.592312576465349072E+00    0.166292238235473633E+01    0.925760648293263344E+01    0.706284546282597070E+01   -0.382372886071212115E+00   -0.151809778213500977E+02
    0.102762993058894452E+02    0.598897317707449917E+00    0.926686346530914307E+00    0.936325966313871660E+01    0.724201161785944869E+01   -0.206860665316761061E+00   -0.151757097244262695E+02
    0.102762993058894452E+02    0.598897317707449917E+00    0.926686346530914307E+00    0.936325966313871660E+01    0.724201161785944869E+01   -0.206860665316761061E+00   -0.151757097244262695E+02
    0.102550575698811457E+02    0.637664085734144681E+00    0.322477489709854126E+00    0.933415405856706926E+01    0.726219138029672173E+01   -0.241754784068275441E-01   -0.151749477386474609E+02
    0.102227388536659056E+02    0.656658383997924866E+00    0.118576223030686378E-02    0.929833003988883888E+01    0.728384045315737261E+01    0.124674636849146925E+00   -0.151603012084960938E+02
    0.102829161777320230E+02    0.646748793187940207E+00    0.480932921171188354E+00    0.942162996374908879E+01    0.828718941621445637E+01   -0.165018222513881430E+00   -0.151460199356079102E+02
    0.102829161777320230E+02    0.646748793187940207E+00    0.480932921171188354E+00    0.942162996374908879E+01    0.828718941621445637E+01   -0.165018222513881430E+00   -0.151460199356079102E+02
    0.102806388195734186E+02    0.637020118340811625E+00    0.175707256793975830E+01    0.933199869414947436E+01    0.829868483948752278E+01   -0.521432849814051247E+00   -0.151301174163818359E+02
    0.102806388195734186E+02    0.637020118340811625E+00    0.175707256793975830E+01    0.933199869414947436E+01    0.829868483948752278E+01   -0.521432849814051247E+00   -0.151301174163818359E+02
    0.101799201814899298E+02    0.590547257773519796E+00    0.647470772266387939E+00    0.929387746064576703E+01    0.728617989855926229E+01    0.371783933872982253E-01   -0.151251277923583984E+02
    0.102153453099727258E+02    0.616951909387365882E+00    0.416611641645431519E+00    0.942297168879664149E+01    0.840747253725140631E+01    0.382374308286284048E-01   -0.151212100982666016E+02
    0.102153453099727258E+02    0.616951909387365882E+00    0.416611641645431519E+00    0.942297168879664149E+01    0.840747253725140631E+01    0.382374308286284048E-01   -0.151212100982666016E+02
    0.101844174897960649E+02    0.601003279547080105E+00    0.393230676651000977E+00    0.940562849723193217E+01    0.827307406344083773E+01   -0.342875729722433853E-01   -0.151102228164672852E+02
    0.102760126573067936E+02    0.679947454436294674E+00    0.343382537364959717E+00    0.931487638870688706E+01    0.768231890058141609E+01   -0.181923317745127822E+00   -0.150684242248535156E+02
    0.101513860041049178E+02    0.582389964644830505E+00    0.665993511676788330E+00    0.932297920459200213E+01    0.785021149905822391E+01   -0.394286201120070956E-01   -0.150675106048583984E+02
    0.101513860041049178E+02    0.582389964644830505E+00    0.665993511676788330E+00    0.932297920459200213E+01    0.785021149905822391E+01   -0.394286201120070956E-01   -0.150675106048583984E+02
    0.101796589147612302E+02    0.613612053485714570E+00    0.532191634178161621E+00    0.929017142007552188E+01    0.712682687293504902E+01   -0.646399933142518535E-01   -0.150363502502441406E+02
    0.102149899946310008E+02    0.638736880146810293E+00    0.321744978427886963E+00    0.928732696677871772E+01    0.737128895499635917E+01    0.410895396802013479E-01   -0.150263786315917969E+02
    0.101451379034521274E+02    0.627188121295947587E+00    0.108906805515289307E+01    0.930060272427858514E+01    0.821653375751295911E+01   -0.303710096237754801E+00   -0.150246534347534180E+02
    0.101451379034521274E+02    0.627188121295947587E+00    0.108906805515289307E+01    0.930060272427858514E+01    0.821653375751295911E+01   -0.303710096237754801E+00   -0.150246534347534180E+02
    0.101954747101771819E+02    0.590013236034165334E+00    0.654148697853088379E+00    0.933678624511339805E+01    0.784888656302033283E+01    0.411524599951804682E-01   -0.150106277465820312E+02
    0.101954747101771819E+02    0.590013236034165334E+00    0.654148697853088379E+00    0.933678624511339805E+01    0.784888656302033283E+01    0.411524599951804682E-01   -0.150106277465820312E+02
    0.102420829231042845E+02    0.688858901100938503E+00    0.244428645819425583E-01    0.930730419427606392E+01    0.767617194240256140E+01   -0.105386639179820829E+00   -0.150038871765136719E+02
    0.102420829231042845E+02    0.688858901100938503E+00    0.244428645819425583E-01    0.930730419427606392E+01    0.767617194240256140E+01   -0.105386639179820829E+00   -0.150038871765136719E+02
    0.101304207903048908E+02    0.569421247305222145E+00    0.499972283840179443E+00    0.928860231045423745E+01    0.725855273149306068E+01    0.143951101933440739E+00   -0.150018024444580078E+02
    0.101304207903048908E+02    0.569421247305222145E+00    0.499972283840179443E+00    0.928860231045423745E+01    0.725855273149306068E+01    0.143951101933440739E+00   -0.150018024444580078E+02
    0.102667117848289031E+02    0.637256581620174956E+00    0.559283137321472168E+00    0.934127753516317760E+01    0.760881377762358113E+01   -0.114121946481521963E+00   -0.149949531555175781E+02
    0.102628815206471380E+02    0.683414243948073152E+00    0.305254429578781128E+00    0.928090763702061849E+01    0.730199926268930710E+01   -0.133923328151470677E+00   -0.149922657012939453E+02
    0.102628815206471380E+02    0.683414243948073152E+00    0.305254429578781128E+00    0.928090763702061849E+01    0.730199926268930710E+01   -0.133923328151470677E+00   -0.149922657012939453E+02
    0.102651164054266069E+02    0.587306959503300807E+00    0.977976083755493164E+00    0.936560455380847934E+01    0.764276831058685246E+01   -0.150185980925209961E+00   -0.148885726928710938E+02
    0.102651164054266069E+02    0.587306959503300807E+00    0.977976083755493164E+00    0.936560455380847934E+01    0.764276831058685246E+01   -0.150185980925209961E+00   -0.148885726928710938E+02
    0.102368555717637992E+02    0.572880237243567181E+00    0.822759270668029785E+00    0.938122085597801991E+01    0.764359545091042492E+01   -0.436882650478969126E-01   -0.148847694396972656E+02
    0.102368555717637992E+02    0.572880237243567181E+00    0.822759270668029785E+00    0.938122085597801991E+01    0.764359545091042492E+01   -0.436882650478969126E-01   -0.148847694396972656E+02
    0.102359706982472076E+02    0.581912561623927793E+00    0.125200080871582031E+01    0.934122364976882302E+01    0.786714552776182430E+01   -0.200750596069826370E+00   -0.148737106323242188E+02
    0.102359706982472076E+02    0.581912561623927793E+00    0.125200080871582031E+01    0.934122364976882302E+01    0.786714552776182430E+01   -0.200750596069826370E+00   -0.148737106323242188E+02
    0.102262040097754756E+02    0.599779006249710922E+00    0.121825563907623291E+01    0.930270555516054998E+01    0.768088967149855684E+01   -0.271549054084772701E+00   -0.148716163635253906E+02
    0.102262040097754756E+02    0.599779006249710922E+00    0.121825563907623291E+01    0.930270555516054998E+01    0.768088967149855684E+01   -0.271549054084772701E+00   -0.148716163635253906E+02
    0.102000426199727361E+02    0.671629054473951492E+00    0.218957364559173584E-01    0.932367345252604984E+01    0.794086325213347610E+01   -0.463049111416524717E-01   -0.148648071289062500E+02
    0.102000426199727361E+02    0.671629054473951492E+00    0.218957364559173584E-01    0.932367345252604984E+01    0.794086325213347610E+01   -0.463049111416524717E-01   -0.148648071289062500E+02
    0.101963611389175544E+02    0.613228544900814576E+00    0.267336606979370117E+00    0.933811413317819117E+01    0.781403623611436693E+01    0.499292975213072587E-01   -0.148551015853881836E+02
    0.101963611389175544E+02    0.613228544900814576E+00    0.267336606979370117E+00    0.933811413317819117E+01    0.781403623611436693E+01    0.499292975213072587E-01   -0.148551015853881836E+02
    0.102696653530325186E+02    0.624677451591341026E+00    0.152297127246856689E+01    0.926345068720016052E+01    0.733932087170771386E+01   -0.461839724700949805E+00   -0.148439073562622070E+02
    0.102696653530325186E+02    0.624677451591341026E+00    0.152297127246856689E+01    0.926345068720016052E+01    0.733932087170771386E+01   -0.461839724700949805E+00   -0.148439073562622070E+02
    0.102537785833911084E+02    0.613280317137551712E+00    0.647964239120483398E+00    0.940138562166198710E+01    0.811087065833009291E+01   -0.184850359120785512E+00   -0.148386917114257812E+02
    0.101988287190444780E+02    0.601677840208410530E+00    0.604159951210021973E+00    0.929928048117964323E+01    0.704929589183839056E+01    0.348265362459483363E-01   -0.148315086364746094E+02
    0.102091030272716985E+02    0.654585521124747882E+00    0.153797119855880737E+00    0.928150764141241780E+01    0.709173990048848513E+01   -0.211492088614608775E-01   -0.148262405395507812E+02
    0.102114120205848913E+02    0.604025011499590092E+00    0.528515219688415527E+00    0.933886538877074912E+01    0.761196792196532712E+01   -0.613260610959605046E-01   -0.148110141754150391E+02
    0.102492997415420817E+02    0.596590650656829591E+00    0.766103863716125488E+00    0.942558696175369271E+01    0.829733387402939648E+01   -0.901851427502933234E-01   -0.147995357513427734E+02
    0.102536271714835721E+02    0.602082987786235924E+00    0.691467285156250000E+00    0.938096939294382892E+01    0.793204137106203611E+01   -0.650349257004307901E-01   -0.147942171096801758E+02
    0.102536271714835721E+02    0.602082987786235924E+00    0.691467285156250000E+00    0.938096939294382892E+01    0.793204137106203611E+01   -0.650349257004307901E-01   -0.147942171096801758E+02
    0.102327214571383003E+02    0.580821420383569098E+00    0.593084990978240967E+00    0.939243283880746738E+01    0.737258187108263208E+01   -0.605537856515634410E-01   -0.147847213745117188E+02
    0.102678611716601047E+02    0.636943074965909850E+00    0.447381019592285156E+00    0.938589874329585072E+01    0.804252127116386006E+01   -0.159132580681990987E+00   -0.147829341888427734E+02
    0.102777403831064955E+02    0.631986455661660784E+00    0.104696512222290039E+01    0.929196498974314622E+01    0.716897945508345025E+01   -0.239914820479229851E+00   -0.147701787948608398E+02
    0.101561950995387278E+02    0.612214431073614840E+00    0.209435641765594482E+00    0.930275640238162005E+01    0.774979044624671687E+01    0.973418279266158315E-01   -0.147688922882080078E+02
    0.101561950995387278E+02    0.612214431073614840E+00    0.209435641765594482E+00    0.930275640238162005E+01    0.774979044624671687E+01    0.973418279266158315E-01   -0.147688922882080078E+02
    0.101828024545837721E+02    0.649452931168211900E+00    0.122229740023612976E+00    0.935884241813738882E+01    0.821139788869770726E+01   -0.144018311820754974E-01   -0.147649517059326172E+02
    0.102425313718297524E+02    0.640482030397640401E+00    0.569827616214752197E+00    0.931678939347579593E+01    0.772946457214712268E+01   -0.158935904021450192E+00   -0.147592811584472656E+02
    0.102425313718297524E+02    0.640482030397640401E+00    0.569827616214752197E+00    0.931678939347579593E+01    0.772946457214712268E+01   -0.158935904021450192E+00   -0.147592811584472656E+02
    0.102656656350934838E+02    0.597550255596731583E+00    0.132324743270874023E+01    0.931621937639953401E+01    0.714200188370587430E+01   -0.280097115392412110E+00   -0.147420387268066406E+02
    0.102423994228765185E+02    0.666491143388728391E+00    0.170715287327766418E+00    0.932187306020585282E+01    0.745597810159927477E+01   -0.108171798704940869E+00   -0.147418346405029297E+02
    0.102532657042902215E+02    0.582989202016087837E+00    0.763531625270843506E+00    0.941051911721628187E+01    0.797249618189700193E+01   -0.962785078755685753E-01   -0.147326793670654297E+02
    0.102421429126441055E+02    0.651677211166077353E+00    0.353002816438674927E+00    0.930057103907402194E+01    0.744098975162610632E+01   -0.197705620350037137E-01   -0.147236213684082031E+02
    0.102421429126441055E+02    0.651677211166077353E+00    0.353002816438674927E+00    0.930057103907402194E+01    0.744098975162610632E+01   -0.197705620350037137E-01   -0.147236213684082031E+02
    0.101683885944887447E+02    0.600269701190287108E+00    0.582291185855865479E+00    0.935855300248182687E+01    0.823538409052986253E+01    0.243915396097560411E-01   -0.147221469879150391E+02
    0.102636375725291735E+02    0.637277521582766626E+00    0.679998219013214111E+00    0.930112796707659228E+01    0.720517027772342455E+01   -0.110090024433634692E+00   -0.146489009857177734E+02
    0.102555736516829974E+02    0.656965748958377671E+00    0.516971290111541748E+00    0.931096294016474602E+01    0.760051056673400360E+01   -0.215849353969085334E+00   -0.146446208953857422E+02
    0.102639198279539841E+02    0.614803766800531171E+00    0.129932129383087158E+01    0.928681157345179997E+01    0.736545171667135712E+01   -0.334738840868734622E+00   -0.146332855224609375E+02
    0.102639198279539841E+02    0.614803766800531171E+00    0.129932129383087158E+01    0.928681157345179997E+01    0.736545171667135712E+01   -0.334738840868734622E+00   -0.146332855224609375E+02
    0.102551843655120436E+02    0.584700204011741276E+00    0.110034251213073730E+01    0.935002917595423355E+01    0.760987095531627133E+01   -0.169410211707479608E+00   -0.146163902282714844E+02
    0.101913940503515690E+02    0.630450596057377410E+00    0.963334798812866211E+00    0.932484556955096444E+01    0.817291593696334573E+01   -0.237030226259217436E+00   -0.145976419448852539E+02
    0.102956520543667072E+02    0.658680391687655797E+00    0.144532597064971924E+01    0.925044270051441764E+01    0.721219637703959648E+01   -0.474853288556414954E+00   -0.145906600952148438E+02
    0.102397910010405830E+02    0.580531136331965181E+00    0.591755151748657227E+00    0.938811645444383558E+01    0.711375677009905871E+01   -0.379027447224618008E-01   -0.145899734497070312E+02
    0.102499166623241571E+02    0.633213591096307260E+00    0.112775182723999023E+01    0.926572112171753304E+01    0.727501349179554957E+01   -0.254370669539248029E+00   -0.145877027511596680E+02
    0.102715438836251387E+02    0.606616081784715155E+00    0.839601159095764160E+00    0.936069250105666306E+01    0.745049757728314965E+01   -0.137528523494367505E+00   -0.145802640914916992E+02
    0.102541613428735339E+02    0.675617464231245468E+00    0.310560256242752075E+00    0.928829659817343689E+01    0.716416802633375038E+01   -0.137885576467143167E+00   -0.145794258117675781E+02
    0.102363278824379940E+02    0.602984500432522053E+00    0.459523797035217285E+00    0.937543842538463679E+01    0.772143490933462751E+01   -0.615745059163925745E-01   -0.145789852142333984E+02
    0.102342647035870442E+02    0.670597317030045215E+00    0.285106807947158813E+00    0.929013576195419688E+01    0.739173490368837527E+01   -0.153937574169815239E+00   -0.145762147903442383E+02
    0.102342647035870442E+02    0.670597317030045215E+00    0.285106807947158813E+00    0.929013576195419688E+01    0.739173490368837527E+01   -0.153937574169815239E+00   -0.145762147903442383E+02
    0.102365695036031248E+02    0.584045189183207469E+00    0.626509189605712891E+00    0.944219956833347140E+01    0.824010082530056032E+01   -0.523852590739228852E-01   -0.145717697143554688E+02
    0.103041928693920664E+02    0.656933318723725290E+00    0.997490167617797852E+00    0.929225683207981490E+01    0.710101271348505847E+01   -0.310653746003246800E+00   -0.145654029846191406E+02
    0.102405348135185772E+02    0.613449442630835118E+00    0.719000995159149170E+00    0.934116851577520713E+01    0.782332343411610065E+01   -0.133788060848640811E+00   -0.145625934600830078E+02
    0.102221247321068809E+02    0.638085210621741061E+00    0.303943216800689697E+00    0.930820101409209499E+01    0.705808757258606878E+01   -0.445717922602608674E-01   -0.145515079498291016E+02
    0.102221247321068809E+02    0.638085210621741061E+00    0.303943216800689697E+00    0.930820101409209499E+01    0.705808757258606878E+01   -0.445717922602608674E-01   -0.145515079498291016E+02
    0.101770660164095439E+02    0.607161422578353149E+00    0.532598733901977539E+00    0.927999653479120568E+01    0.723141359393083061E+01   -0.472651357270987837E-01   -0.145494861602783203E+02
    0.101770660164095439E+02    0.607161422578353149E+00    0.532598733901977539E+00    0.927999653479120568E+01    0.723141359393083061E+01   -0.472651357270987837E-01   -0.145494861602783203E+02
    0.102040893987064223E+02    0.616515771865271511E+00    0.743354439735412598E+00    0.929313341141147831E+01    0.765632901315705183E+01   -0.608971509511437858E-01   -0.145412693023681641E+02
    0.102376505480954414E+02    0.613618678505803761E+00    0.517264783382415771E+00    0.933470768940108897E+01    0.759604560948448437E+01    0.766965607801761706E-02   -0.145385971069335938E+02
    0.101401941846195154E+02    0.614298901152778409E+00    0.648746550083160400E+00    0.929637055334651308E+01    0.787461825592734765E+01   -0.123918292391130169E+00   -0.145151157379150391E+02
    0.101839616765526699E+02    0.653992331836727225E+00    0.763453245162963867E-01    0.930139141595723906E+01    0.761522652625897400E+01    0.143940685339609686E-01   -0.144904317855834961E+02
    0.101639713674651109E+02    0.609074796835206600E+00    0.150774076581001282E+00    0.928637779250825091E+01    0.707750816943448324E+01    0.133764327985800957E+00   -0.144803438186645508E+02
    0.102139635642518272E+02    0.637272667897085032E+00    0.206994891166687012E+00    0.937588532992148060E+01    0.817886234157365344E+01   -0.340466767704228346E-02   -0.144617271423339844E+02
    0.102139635642518272E+02    0.637272667897085032E+00    0.206994891166687012E+00    0.937588532992148060E+01    0.817886234157365344E+01   -0.340466767704228346E-02   -0.144617271423339844E+02
    0.101890258773928792E+02    0.608996648327167822E+00    0.408291190862655640E+00    0.930990856285743007E+01    0.704206913728194106E+01   -0.264119630609322975E-01   -0.144597072601318359E+02
    0.101986842638964248E+02    0.613646564554938601E+00    0.573895096778869629E+00    0.936306380087951595E+01    0.820097252941580912E+01    0.146503594567803930E-03   -0.144536972045898438E+02
    0.102577563903185212E+02    0.620340244176740940E+00    0.404255330562591553E+00    0.945572739642633842E+01    0.839156523129520338E+01   -0.477389454609298269E-01   -0.144504184722900391E+02
    0.102547534156434779E+02    0.598994737064585947E+00    0.493738889694213867E+00    0.938221170480223243E+01    0.727585369158703621E+01   -0.716261468511771859E-01   -0.144480524063110352E+02
    0.102278039798880158E+02    0.644157547417439025E+00    0.257512480020523071E+00    0.937779200684208725E+01    0.815866060612215804E+01   -0.725680469261105188E-01   -0.144409122467041016E+02
    0.102139296966047937E+02    0.614545934250249282E+00    0.409289330244064331E+00    0.931846402869279444E+01    0.710086798571664435E+01    0.303399832967397032E-01   -0.144082651138305664E+02
    0.102147308386417972E+02    0.626372969636236343E+00    0.667271554470062256E+00    0.927957118633984201E+01    0.700498027348155894E+01   -0.156163041168744687E+00   -0.143847236633300781E+02
    0.101810707873363917E+02    0.624094795940120850E+00    0.241234913468360901E+00    0.932986434637530948E+01    0.786417912451988776E+01   -0.480341044207399648E-02   -0.143826522827148438E+02
    0.101810707873363917E+02    0.624094795940120850E+00    0.241234913468360901E+00    0.932986434637530948E+01    0.786417912451988776E+01   -0.480341044207399648E-02   -0.143826522827148438E+02
    0.101776096166293595E+02    0.641663345081508352E+00    0.114223575592041016E+01    0.930150222863159293E+01    0.823342355768445344E+01   -0.316031305500321658E+00   -0.143584270477294922E+02
    0.101776096166293595E+02    0.641663345081508352E+00    0.114223575592041016E+01    0.930150222863159293E+01    0.823342355768445344E+01   -0.316031305500321658E+00   -0.143584270477294922E+02
    0.102554429815141077E+02    0.660882931689556585E+00    0.540845751762390137E+00    0.933427837143667993E+01    0.798649025525807588E+01   -0.176284800415300147E+00   -0.143576450347900391E+02
    0.102097914407815278E+02    0.635205297389099588E+00    0.226125597953796387E+00    0.928467944302779813E+01    0.706364076906931082E+01    0.671952706236287334E-01   -0.143417072296142578E+02
    0.102271998167700939E+02    0.653786608653752710E+00    0.453715860843658447E+00    0.928799155220254136E+01    0.733776492383685053E+01   -0.132173658752948509E+00   -0.143345756530761719E+02
    0.102531101289140523E+02    0.598399130273683078E+00    0.136160349845886230E+01    0.929859445333046253E+01    0.740047631103541192E+01   -0.251443911852244240E+00   -0.143252944946289062E+02
    0.101966692992959622E+02    0.631938866714869651E+00    0.277888596057891846E+00    0.928765615424778090E+01    0.730435326373806149E+01   -0.274438681256006234E-02   -0.143241424560546875E+02
    0.102321581475575076E+02    0.621328142353331336E+00    0.494980335235595703E+00    0.930989218010579656E+01    0.746988493915335638E+01   -0.128334518894934746E-02   -0.143061084747314453E+02
    0.101890894211783127E+02    0.614293038162824545E+00    0.408969432115554810E+00    0.938119432217283133E+01    0.823467986444524769E+01   -0.182139166468355818E-01   -0.142822895050048828E+02
    0.102392896429419675E+02    0.618056911926224806E+00    0.126449346542358398E+01    0.926196279130960676E+01    0.719103236145111868E+01   -0.312060575124932571E+00   -0.142759027481079102E+02
    0.102162885895005129E+02    0.637252405209204342E+00    0.328409254550933838E+00    0.928571709833646786E+01    0.716391792578227804E+01    0.280422726762084018E-01   -0.142715768814086914E+02
    0.102236020459390247E+02    0.583907195118276823E+00    0.827189326286315918E+00    0.938185799877490290E+01    0.808320963383108548E+01   -0.606306135077523400E-01   -0.142656850814819336E+02
    0.102335458056299515E+02    0.665930764458236957E+00    0.695486217737197876E-01    0.932121749286151058E+01    0.769927493433622967E+01   -0.200222729271901656E-01   -0.142640218734741211E+02
    0.102335458056299515E+02    0.665930764458236957E+00    0.695486217737197876E-01    0.932121749286151058E+01    0.769927493433622967E+01   -0.200222729271901656E-01   -0.142640218734741211E+02
    0.102546161099577660E+02    0.633090152156419728E+00    0.616237759590148926E+00    0.940009609341104024E+01    0.826180366835220781E+01   -0.157947265323156394E+00   -0.142574081420898438E+02
    0.101577682570493248E+02    0.619869307900674738E+00    0.222020924091339111E+00    0.927962552559942111E+01    0.739323917927546947E+01    0.994312770063405793E-01   -0.142547836303710938E+02
    0.102127720010916043E+02    0.627881094056796152E+00    0.212530747056007385E+00    0.938912428644745489E+01    0.819472424112052522E+01   -0.140735180427813411E-01   -0.142543888092041016E+02
    0.102587050970796199E+02    0.638623365840003121E+00    0.408031761646270752E+00    0.944170068722720579E+01    0.840168591399147680E+01   -0.968630536703463108E-01   -0.142484397888183594E+02
    0.102804412179236557E+02    0.648740699341620819E+00    0.448254704475402832E+00    0.933849432374039168E+01    0.750115242848346320E+01   -0.113084030792610424E+00   -0.142476463317871094E+02
    0.101826316735134199E+02    0.601765803655191944E+00    0.879317581653594971E+00    0.938316003575391733E+01    0.838927295167300713E+01   -0.595515649201341368E-01   -0.142400531768798828E+02
    0.102010305978088347E+02    0.624793902787681543E+00    0.567274212837219238E+00    0.928696320770327510E+01    0.704881828465588178E+01   -0.883514433613248329E-01   -0.142327127456665039E+02
    0.102067736626901961E+02    0.623355876496824002E+00    0.487550169229507446E+00    0.929737336874794629E+01    0.707770622435747665E+01   -0.514343167338031648E-01   -0.142063846588134766E+02
    0.102182434106077107E+02    0.642317919285177563E+00    0.353436708450317383E+00    0.928716497125360085E+01    0.747299742145495394E+01   -0.379921340763940130E-01   -0.142056465148925781E+02
    0.102353844371231499E+02    0.617446156824164150E+00    0.424027383327484131E+00    0.934471168603529989E+01    0.772929964547582493E+01   -0.247824727520806753E-01   -0.141948633193969727E+02
    0.102751273179415641E+02    0.625417890682827937E+00    0.985466718673706055E+00    0.930619998757657285E+01    0.739526699993761039E+01   -0.237243125964570645E+00   -0.141876583099365234E+02
    0.101810529595362826E+02    0.638003563127146789E+00    0.534774839878082275E+00    0.926304682614866870E+01    0.737741226070353218E+01   -0.111621945729381444E+00   -0.141728267669677734E+02
    0.102535240012732203E+02    0.636370010641216233E+00    0.362747222185134888E+00    0.933104092614050451E+01    0.758947138315823899E+01   -0.472088542576556414E-01   -0.141659145355224609E+02
    0.102799443630401885E+02    0.605153065774652332E+00    0.144051337242126465E+01    0.929796772026041829E+01    0.734368284832309293E+01   -0.277611001897648757E+00   -0.141564483642578125E+02
    0.102241839522830524E+02    0.664700244041565802E+00    0.426512002944946289E+00    0.930815344617866280E+01    0.784673882132708567E+01   -0.161583747430512403E+00   -0.141557426452636719E+02
    0.101855516851714754E+02    0.604652172940998711E+00    0.399597197771072388E+00    0.934722692357438767E+01    0.795113066616169473E+01   -0.103209288417818179E-01   -0.141556339263916016E+02
    0.101490657187853728E+02    0.594340954229448992E+00    0.733032286167144775E+00    0.932240031379388512E+01    0.795637655821357370E+01   -0.107008129606908753E+00   -0.141489677429199219E+02
    0.102559407162813727E+02    0.656520473498179324E+00    0.538696646690368652E+00    0.932356794692496038E+01    0.785190367014657387E+01   -0.142276415441270121E+00   -0.141292762756347656E+02
    0.102572372867219013E+02    0.656069660729433179E+00    0.469195425510406494E+00    0.932614302474553014E+01    0.783682103876119207E+01   -0.151573445082100466E+00   -0.141120338439941406E+02
    0.102188925650006119E+02    0.614041585498205755E+00    0.436568647623062134E+00    0.941393749744157837E+01    0.834065682590529889E+01   -0.949037482817782774E-02   -0.140676784515380859E+02
    0.102251044476162427E+02    0.639844322060380666E+00    0.211717590689659119E+00    0.933048579924760446E+01    0.778753301653754093E+01   -0.581015853281297012E-02   -0.140504322052001953E+02
    0.102143494009611562E+02    0.613091213492471865E+00    0.610516786575317383E+00    0.929306941836484768E+01    0.711106500321358226E+01    0.300494573654201957E-01   -0.140406188964843750E+02
    0.102652000848370051E+02    0.640067613911480815E+00    0.117397546768188477E+01    0.927621949482466768E+01    0.735747801619517006E+01   -0.319722363101280882E+00   -0.140253067016601562E+02
    0.102539356418929160E+02    0.607314095259180009E+00    0.801324903964996338E+00    0.935562558963500557E+01    0.787535807687575407E+01   -0.101935025069855190E+00   -0.140210208892822266E+02
    0.102495651396343934E+02    0.632062279717115372E+00    0.764963209629058838E+00    0.934753145583744960E+01    0.798906129500184203E+01   -0.226319338177773055E+00   -0.140061817169189453E+02
    0.102266429051850647E+02    0.644816408959539844E+00    0.176898866891860962E+00    0.930508217167160367E+01    0.720941111102700383E+01   -0.265919140270076682E-01   -0.139977931976318359E+02
    0.102526575282807570E+02    0.618002009705416411E+00    0.637095272541046143E+00    0.939005700067686355E+01    0.813808726366748125E+01   -0.116348139810989348E+00   -0.139845685958862305E+02
    0.102305901997836912E+02    0.631560749679765387E+00    0.246796980500221252E+00    0.937151551552272721E+01    0.803786784636607443E+01   -0.294960937000481316E-01   -0.139824047088623047E+02
    0.102477986433280925E+02    0.658554499170058372E+00    0.479457318782806396E+00    0.929974043874733525E+01    0.752036448229714161E+01   -0.125060626090635285E+00   -0.139793014526367188E+02
    0.102673002526736461E+02    0.631377367532510503E+00    0.799523115158081055E+00    0.931724049545938904E+01    0.761584973849723390E+01   -0.141972855490974048E+00   -0.139709377288818359E+02
    0.102147431623173954E+02    0.662073181563264224E+00    0.340884059667587280E+00    0.934742000444568077E+01    0.817700965212613262E+01   -0.112389470554366433E+00   -0.139655055999755859E+02
    0.101460833982756071E+02    0.593787196132444350E+00    0.424408733844757080E+00    0.931022237243885797E+01    0.778234623609744691E+01    0.731818615056796240E-01   -0.139622182846069336E+02
    0.102621898776428644E+02    0.604935064318141480E+00    0.111703753471374512E+01    0.931945860446200136E+01    0.706988571768819973E+01   -0.211100347608205841E+00   -0.139507484436035156E+02
    0.101997312103534465E+02    0.626699076187661963E+00    0.319109320640563965E+00    0.932065270678794811E+01    0.770705189216731856E+01    0.157224013446004562E-01   -0.139435214996337891E+02
    0.102490479231493641E+02    0.645599483145561703E+00    0.777703344821929932E+00    0.928541837419654215E+01    0.746353647940792353E+01   -0.211978583233612072E+00   -0.139243850708007812E+02
    0.102490479231493641E+02    0.645599483145561703E+00    0.777703344821929932E+00    0.928541837419654215E+01    0.746353647940792353E+01   -0.211978583233612072E+00   -0.139243850708007812E+02
    0.102338734233843773E+02    0.610298642196266283E+00    0.500233590602874756E+00    0.932566930753437084E+01    0.711865213419636866E+01   -0.255106682089683012E-01   -0.139238872528076172E+02
    0.101858804464681025E+02    0.605306337134035366E+00    0.509370326995849609E+00    0.931032728154555222E+01    0.768681279434429143E+01   -0.159457247664742674E-01   -0.139110832214355469E+02
    0.101821685645149813E+02    0.640542224379753056E+00    0.669515252113342285E+00    0.929785319623690576E+01    0.786069124695683907E+01   -0.224143099834465342E+00   -0.138913364410400391E+02
    0.101337093609584326E+02    0.571988414792133248E+00    0.502586781978607178E+00    0.928341753136818149E+01    0.730896403110087078E+01    0.138758292459479460E+00   -0.138891582489013672E+02
    0.102210962162175552E+02    0.617632741586235157E+00    0.808420181274414062E+00    0.928721725230052364E+01    0.743800821644154730E+01   -0.888208151132725554E-01   -0.138814506530761719E+02
    0.102443575293085551E+02    0.653208872418037489E+00    0.574669241905212402E+00    0.928840881081362646E+01    0.716835715533386164E+01   -0.147874786532866231E+00   -0.138664741516113281E+02
    0.102030678534157495E+02    0.601558130714306860E+00    0.890342652797698975E+00    0.928074345143560642E+01    0.710169080725671531E+01   -0.131187130290560283E+00   -0.138478012084960938E+02
    0.102413531744911950E+02    0.664436528129721093E+00    0.218710511922836304E+00    0.929431046930887028E+01    0.707175752823600146E+01   -0.425282855705795271E-01   -0.138371667861938477E+02
    0.101843176536386970E+02    0.626896477747772574E+00    0.244107827544212341E+00    0.936861166925906730E+01    0.818214310131514289E+01   -0.409841538723973997E-01   -0.138138980865478516E+02
    0.101506150061186098E+02    0.597292420811166291E+00    0.488815605640411377E+00    0.931142142949207319E+01    0.776276681735408225E+01    0.221421885891182058E-01   -0.138095397949218750E+02
    0.101985131392958550E+02    0.617341711841641105E+00    0.425665110349655151E+00    0.932445560854551125E+01    0.782842953978007827E+01   -0.148030893863593249E-02   -0.138089227676391602E+02
    0.102064506724069251E+02    0.623384004986864193E+00    0.403236061334609985E+00    0.932092041647968017E+01    0.775168233493759828E+01   -0.366589914230095459E-01   -0.137965908050537109E+02
    0.102329577070687510E+02    0.635144477533974516E+00    0.446053951978683472E+00    0.939527086154493141E+01    0.826535353551519059E+01   -0.121497068180444590E+00   -0.137938375473022461E+02
    0.102326770694891618E+02    0.660359520917191190E+00    0.429158359766006470E+00    0.929107091775113680E+01    0.729911823441146357E+01   -0.164288120008642569E+00   -0.137920694351196289E+02
    0.101942666429265696E+02    0.618787024262514307E+00    0.667261958122253418E+00    0.931398691941996049E+01    0.789012202292784615E+01   -0.878719907325042904E-01   -0.137839708328247070E+02
    0.101774555309991506E+02    0.616489475652750474E+00    0.219240501523017883E+00    0.927960353507929625E+01    0.720427771027522557E+01    0.980440766294798927E-01   -0.137833423614501953E+02
    0.101534841454105464E+02    0.631934553839479829E+00    0.105261005461215973E+00    0.929698842777187551E+01    0.780832043837088463E+01    0.957251636174669684E-01   -0.137662982940673828E+02
    0.102284962308620333E+02    0.648458426676645772E+00    0.285269975662231445E+00    0.933591131424560849E+01    0.791720263390952805E+01   -0.550459487884831233E-01   -0.137555923461914062E+02
    0.101948744581826496E+02    0.630711142827290905E+00    0.436228275299072266E+00    0.936736983869972306E+01    0.829992592994084788E+01   -0.250143870847985283E-03   -0.137442760467529297E+02
    0.101773296929803845E+02    0.615977961582608979E+00    0.570921301841735840E+00    0.932894420056165963E+01    0.804059986354218204E+01   -0.616492842129598984E-01   -0.137383480072021484E+02
    0.102292112425875743E+02    0.632187948793478394E+00    0.339031279087066650E+00    0.939847354233888410E+01    0.827282533878554993E+01   -0.388862951943380608E-01   -0.137290115356445312E+02
    0.102353831418864392E+02    0.616089348721553964E+00    0.644949078559875488E+00    0.930640479378994812E+01    0.729068401212841710E+01   -0.848262814373912377E-01   -0.137272281646728516E+02
    0.102058714383983897E+02    0.623379085948805645E+00    0.338339388370513916E+00    0.931494787160968052E+01    0.722750095018610850E+01   -0.459738324531220321E-01   -0.137161645889282227E+02
    0.102798811425854595E+02    0.648175573385901371E+00    0.636741757392883301E+00    0.932166145023283832E+01    0.725246365122056247E+01   -0.168372216133716890E+00   -0.136978950500488281E+02
    0.101837536655416709E+02    0.641129283732158162E+00    0.189063444733619690E+00    0.929532462901046941E+01    0.757756570488480818E+01   -0.344688543569047212E-01   -0.136896266937255859E+02
    0.101932628618001875E+02    0.623453173098680535E+00    0.229435116052627563E+00    0.929618911207529308E+01    0.713196328834277082E+01    0.132022854500504661E+00   -0.136614723205566406E+02
    0.102248239428477792E+02    0.659917415507386029E+00    0.157207041978836060E+00    0.929478304268495492E+01    0.732042433988468666E+01   -0.170598930763854462E-01   -0.136567153930664062E+02
    0.102201531059019164E+02    0.660535979186430255E+00    0.354239523410797119E+00    0.926945992557453735E+01    0.709856988360140662E+01   -0.376554564030553429E-01   -0.136537475585937500E+02
    0.102405029517591490E+02    0.656856244654417387E+00    0.176941409707069397E+00    0.931242657998062384E+01    0.726210205621597904E+01   -0.492463985049580444E-01   -0.136530952453613281E+02
    0.102265528487837170E+02    0.647505497471517422E+00    0.177860200405120850E+00    0.931889005739720133E+01    0.745999651173154810E+01   -0.399827353493122928E-01   -0.136447601318359375E+02
    0.102249800337403265E+02    0.664857738884907623E+00    0.314021170139312744E+00    0.930869958098262096E+01    0.776288190008042012E+01   -0.153676610470429242E+00   -0.136441440582275391E+02
    0.102352328819944542E+02    0.607259604853812363E+00    0.847770333290100098E+00    0.936010644397456559E+01    0.803095867724368162E+01   -0.168955020915114940E+00   -0.136341352462768555E+02
    0.102401862238951082E+02    0.666711973694418703E+00    0.225587859749794006E+00    0.931905396435207756E+01    0.774898366413848105E+01   -0.116129054237468665E+00   -0.136200971603393555E+02
    0.102472463159351221E+02    0.659353822814819357E+00    0.301731944084167480E+00    0.932071522046443590E+01    0.753921000716655598E+01   -0.134574891352744253E+00   -0.136131620407104492E+02
    0.102572109693628128E+02    0.660184844444020924E+00    0.317454487085342407E+00    0.932009752874104969E+01    0.747895818893148245E+01   -0.124094750335797865E+00   -0.135963964462280273E+02
    0.102128389698669579E+02    0.608307304169593110E+00    0.809330165386199951E+00    0.928322263990957985E+01    0.726358875089379552E+01   -0.961437447785051802E-01   -0.135956592559814453E+02
    0.102175663285819009E+02    0.617000932442355321E+00    0.610748291015625000E+00    0.931083596390783796E+01    0.730273391039009301E+01   -0.128673205489416631E+00   -0.135673980712890625E+02
    0.101692039547818354E+02    0.631085071328012059E+00    0.298507750034332275E+00    0.930535995660221360E+01    0.775194330391754249E+01   -0.619531157753052675E-01   -0.135469112396240234E+02
    0.101676582232707364E+02    0.622310445481975338E+00    0.174160286784172058E+00    0.931675311195848366E+01    0.777312221241516355E+01    0.539886225390766583E-01   -0.135389022827148438E+02
    0.101922914627196892E+02    0.653921594741399881E+00    0.197541519999504089E+00    0.931175135043340418E+01    0.787976095283002032E+01   -0.762815144479254137E-01   -0.135313138961791992E+02
    0.101708918583472165E+02    0.624198602302224792E+00    0.243869096040725708E+00    0.933452606195192480E+01    0.800090770561750020E+01   -0.693464235926377626E-02   -0.135082702636718750E+02
    0.101764873216763849E+02    0.611300684218870072E+00    0.625731468200683594E+00    0.932312631966549610E+01    0.797065062425161486E+01   -0.611737375771399527E-01   -0.134910554885864258E+02
    0.102177881311308827E+02    0.642184317825997386E+00    0.397922247648239136E+00    0.934770039499173855E+01    0.805102886161087561E+01   -0.113355584317861524E+00   -0.134768543243408203E+02
    0.102476112220754416E+02    0.643833270403577074E+00    0.404735863208770752E+00    0.931757863235054273E+01    0.764057906741170889E+01   -0.401169311678652996E-01   -0.134621057510375977E+02
    0.102258054289079805E+02    0.637113753529354288E+00    0.457368075847625732E+00    0.935532699245508503E+01    0.806217949058582306E+01   -0.126573487125697159E+00   -0.134528293609619141E+02
    0.102464466882705256E+02    0.608907695478981048E+00    0.683460116386413574E+00    0.933009363552913484E+01    0.733973412298896566E+01   -0.852582224140907563E-01   -0.134388818740844727E+02
    0.101455949539523154E+02    0.637288059260647799E+00    0.303448021411895752E+00    0.933298559414402895E+01    0.824148966514268722E+01   -0.366512037049471218E-02   -0.134382915496826172E+02
    0.101987087466323807E+02    0.632866110473124910E+00    0.495963275432586670E+00    0.929548498823988112E+01    0.752487657889763550E+01   -0.116623025404923197E+00   -0.134359474182128906E+02
    0.102093116500056240E+02    0.611876111103962450E+00    0.590888619422912598E+00    0.929893679604269607E+01    0.713784285162587917E+01    0.188300530879748074E-01   -0.134347076416015625E+02
    0.102147040521254837E+02    0.627914161733611809E+00    0.534562110900878906E+00    0.928637213983368426E+01    0.727907311086325937E+01   -0.761550511338504599E-01   -0.134256429672241211E+02
    0.102028188015213388E+02    0.600818077913678139E+00    0.594108462333679199E+00    0.930917918626346186E+01    0.746841427529974577E+01    0.151686063975198238E-02   -0.134040050506591797E+02
    0.101991407549067183E+02    0.636082318560622917E+00    0.257559031248092651E+00    0.933611676935030665E+01    0.798152232220478730E+01   -0.778561846045988659E-02   -0.133914356231689453E+02
    0.101789080777796830E+02    0.608214133167112148E+00    0.647178113460540771E+00    0.932664143616651842E+01    0.797300220268098148E+01   -0.601074889112882538E-01   -0.133811435699462891E+02
    0.101902648688978914E+02    0.654790780474802769E+00    0.134662136435508728E+00    0.931574042059070173E+01    0.790986803016061746E+01   -0.208391590606149535E-01   -0.133728895187377930E+02
    0.102515633271233675E+02    0.627550235909345666E+00    0.620195686817169189E+00    0.932353497242501206E+01    0.762636898374908068E+01   -0.724931149632781491E-01   -0.133663673400878906E+02
    0.101802232413501361E+02    0.630198302744863326E+00    0.130771249532699585E+00    0.929189946452866522E+01    0.752369706755210998E+01    0.987356442456275296E-01   -0.133384523391723633E+02
    0.101999168804214868E+02    0.663338405851312318E+00    0.227469369769096375E+00    0.929074182725825892E+01    0.769683022279904172E+01   -0.786520487242126087E-01   -0.133330039978027344E+02
    0.102162507165237049E+02    0.608658506831522228E+00    0.739655137062072754E+00    0.935802027616902166E+01    0.807378097404986761E+01   -0.129840881251853002E+00   -0.133291530609130859E+02
    0.101979881693600056E+02    0.664853072022447922E+00    0.406766161322593689E-01    0.929490488662932002E+01    0.762711959148780760E+01   -0.200995599678601700E-01   -0.133204307556152344E+02
    0.102198255493786974E+02    0.621885155948475377E+00    0.721790015697479248E+00    0.933428820160039763E+01    0.797516614616792374E+01   -0.139919240001324940E+00   -0.133172454833984375E+02
    0.102068845518983906E+02    0.617085189906744880E+00    0.434375017881393433E+00    0.932159989813167655E+01    0.763629455332301710E+01   -0.262641549890920700E-01   -0.133124494552612305E+02
    0.102345658387643645E+02    0.647592987123498887E+00    0.261648386716842651E+00    0.931759950281284510E+01    0.719626235360627753E+01   -0.678737512174425461E-01   -0.133106594085693359E+02
    0.101778618075118548E+02    0.598779920606637539E+00    0.774131834506988525E+00    0.930079683227951648E+01    0.764580676945506443E+01   -0.736446182185930276E-01   -0.132878646850585938E+02
    0.102471527904650603E+02    0.640655960513635381E+00    0.557037115097045898E+00    0.930189799140762652E+01    0.701160420903791692E+01   -0.180242400473817899E+00   -0.132843751907348633E+02
    0.101900855712914993E+02    0.602747509865975140E+00    0.655700862407684326E+00    0.930205841155263258E+01    0.758025373320228724E+01   -0.938218287587222477E-03   -0.132742996215820312E+02
    0.102606386025282870E+02    0.632259415357374732E+00    0.567109584808349609E+00    0.932841731001933994E+01    0.756617469841102697E+01   -0.113911732091528162E+00   -0.132675838470458984E+02
    0.102093813771203745E+02    0.633845109779200611E+00    0.572003126144409180E+00    0.935105146220879568E+01    0.815259860510344048E+01   -0.141429141049372653E+00   -0.132662258148193359E+02
    0.101861815949541903E+02    0.609474754032921062E+00    0.645440757274627686E+00    0.928576120926677007E+01    0.743947916743203308E+01   -0.778526137996089496E-01   -0.132658147811889648E+02
    0.101964201302168647E+02    0.657149349312850961E+00    0.296811014413833618E+00    0.925747796244668031E+01    0.716130146277395596E+01   -0.761936225553583313E-01   -0.132538948059082031E+02
    0.102103977760661593E+02    0.648493929883282805E+00    0.358030438423156738E+00    0.929400491828109310E+01    0.754699537893223926E+01   -0.763586086202003855E-01   -0.132536201477050781E+02
    0.101816563042175616E+02    0.611266957514062237E+00    0.478107124567031860E+00    0.934386241839413323E+01    0.804859003277961271E+01   -0.108903546800331874E-01   -0.132527084350585938E+02
    0.102275249864462658E+02    0.600461090949692244E+00    0.834674596786499023E+00    0.932813380233950618E+01    0.773123629764169440E+01   -0.101765593849124869E+00   -0.132521324157714844E+02
    0.102356250410116871E+02    0.623982403857769485E+00    0.673943281173706055E+00    0.930159832834679534E+01    0.738976738765405461E+01   -0.937925727655031238E-01   -0.132477531433105469E+02
    0.102001921800631710E+02    0.613765757583021543E+00    0.360459864139556885E+00    0.928469429611192076E+01    0.712509467344528247E+01    0.976658676393933334E-01   -0.132383689880371094E+02
    0.102002253500517526E+02    0.614592916979943005E+00    0.549645543098449707E+00    0.929314737256607870E+01    0.729048220035901018E+01    0.172775771078015339E-02   -0.132362709045410156E+02
    0.102316455692498831E+02    0.636321287097735055E+00    0.357265472412109375E+00    0.931706336796277412E+01    0.713024433528647794E+01   -0.365683719958962428E-01   -0.132361526489257812E+02
    0.102396961062140370E+02    0.612962038371720919E+00    0.796792447566986084E+00    0.932626747022492175E+01    0.768115138854864288E+01   -0.135129178988025789E+00   -0.132282123565673828E+02
    0.102075397619770118E+02    0.629845845532711390E+00    0.534562706947326660E+00    0.929128913175593318E+01    0.741079019506513781E+01   -0.771958861679200581E-01   -0.132253131866455078E+02
    0.102637247521544293E+02    0.643975097246485828E+00    0.526873052120208740E+00    0.930522634403116022E+01    0.703954003475502788E+01   -0.116624753754980492E+00   -0.132202501296997070E+02
    0.102176088936832450E+02    0.646572543453578952E+00    0.540684700012207031E+00    0.927086533605092455E+01    0.724708515167398737E+01   -0.894957939399709801E-01   -0.132139110565185547E+02
    0.102390584619378089E+02    0.607992110851692136E+00    0.727139115333557129E+00    0.933882136107101424E+01    0.773732226852458460E+01   -0.844512839742228572E-01   -0.132054967880249023E+02
    0.101936904527910066E+02    0.631687780074176253E+00    0.412631630897521973E+00    0.938015652780754472E+01    0.832210631458448447E+01   -0.475039947879940527E-01   -0.132010412216186523E+02
    0.102401640280915416E+02    0.658977452884140558E+00    0.313759446144104004E+00    0.929146038360966742E+01    0.741563649412186443E+01   -0.375539241575792992E-01   -0.131949310302734375E+02
    0.102315462121714198E+02    0.650939862504685940E+00    0.461202502250671387E+00    0.929332254209522191E+01    0.718457470209593652E+01   -0.129724955832400735E+00   -0.131872215270996094E+02
    0.102673486831620338E+02    0.660871438428728752E+00    0.429360866546630859E+00    0.932144749689216212E+01    0.757167155259179747E+01   -0.144980287653023510E+00   -0.131639299392700195E+02
    0.102272695341706914E+02    0.621642098844509938E+00    0.756578922271728516E+00    0.928754592319683780E+01    0.736433008199446792E+01   -0.870926204608775123E-01   -0.131450920104980469E+02
    0.102318541232505211E+02    0.648180723351051813E+00    0.476717650890350342E+00    0.929800961377499036E+01    0.706740851123291858E+01   -0.100694332956166477E+00   -0.131332235336303711E+02
    0.102346083271898500E+02    0.648749272912507058E+00    0.271294444799423218E+00    0.930382523442695941E+01    0.745994155902400458E+01   -0.341163072082286689E-01   -0.130966176986694336E+02
    0.102311274036189275E+02    0.649947619882945804E+00    0.400207847356796265E+00    0.931612460210718929E+01    0.776588740500204189E+01   -0.123003619733171199E+00   -0.130851764678955078E+02
    0.102142008898729006E+02    0.659929721484872833E+00    0.339535623788833618E+00    0.927053858878433878E+01    0.733581935109293948E+01   -0.389355907971613568E-01   -0.130816230773925781E+02
    0.102348292368373652E+02    0.647958135172674976E+00    0.401993274688720703E+00    0.928944632168192008E+01    0.744604387530000711E+01   -0.368894164889006504E-01   -0.130742988586425781E+02
    0.102382948430397942E+02    0.645982654052467686E+00    0.324151456356048584E+00    0.930282701873038498E+01    0.727542789113279120E+01   -0.646911024586440675E-01   -0.130611314773559570E+02
    0.101900281441628913E+02    0.601193816041633577E+00    0.438987195491790771E+00    0.929480524723226509E+01    0.742623916230896608E+01    0.115277025766593155E+00   -0.130558452606201172E+02
    0.101787386921847407E+02    0.624977783543362975E+00    0.554634451866149902E+00    0.929780592038412124E+01    0.774281877761334147E+01   -0.870845527950572240E-01   -0.130160646438598633E+02
    0.101423952178886427E+02    0.597473237959937231E+00    0.237331032752990723E+00    0.929843428328883803E+01    0.746679905685781531E+01    0.149287053583059492E+00   -0.130069160461425781E+02
    0.102488532867649251E+02    0.642083915219701429E+00    0.572531700134277344E+00    0.930534289084193844E+01    0.743288653477890726E+01   -0.167724902552464528E+00   -0.130039463043212891E+02
    0.101755817732038238E+02    0.624540166945549591E+00    0.414674520492553711E+00    0.928747247780902541E+01    0.754230657921038627E+01   -0.270033254923931487E-01   -0.130033817291259766E+02
    0.101666493369970254E+02    0.632838428266632169E+00    0.329400748014450073E+00    0.930973254022874563E+01    0.785944030942482108E+01   -0.649924522584846009E-01   -0.130003232955932617E+02
    0.102381642922926890E+02    0.626861624089120273E+00    0.553685605525970459E+00    0.931639907404906431E+01    0.727664961176730429E+01   -0.101974077262015683E+00   -0.129941720962524414E+02
    0.101563818214933956E+02    0.610041132649764672E+00    0.612003207206726074E+00    0.926291623801451358E+01    0.711221055519184997E+01   -0.311293824254539331E-01   -0.129806003570556641E+02
    0.102141695829421657E+02    0.638730943273586482E+00    0.479248613119125366E+00    0.928179406437206289E+01    0.729617070418709268E+01   -0.939542747518147259E-01   -0.129754161834716797E+02
    0.102358124962454671E+02    0.656645889940531857E+00    0.303294003009796143E+00    0.929411422609059734E+01    0.720897973936722369E+01   -0.457097036447589034E-01   -0.129477872848510742E+02
    0.102407243166894801E+02    0.638055290405755593E+00    0.388363838195800781E+00    0.931216598161535281E+01    0.741893570407572867E+01   -0.414173863440789880E-01   -0.129381361007690430E+02
    0.101997622314798893E+02    0.627429378889847178E+00    0.530328214168548584E+00    0.929153169308968252E+01    0.759731865909328352E+01   -0.329663447583921077E-01   -0.129344224929809570E+02
    0.101785324423365804E+02    0.644574220854375768E+00    0.231722250580787659E+00    0.929175013753701506E+01    0.766128109811840918E+01   -0.126990340403096980E-01   -0.129200944900512695E+02
    0.101760705855304678E+02    0.612987852211421602E+00    0.238318175077438354E+00    0.928450436672108559E+01    0.709522197403758881E+01    0.140665745034368683E+00   -0.129150209426879883E+02
    0.102391319201405135E+02    0.627309747214556901E+00    0.710176885128021240E+00    0.930824331215363543E+01    0.755447208638189593E+01   -0.147769589800373691E+00   -0.128910331726074219E+02
    0.101781327045099594E+02    0.645088304145922442E+00    0.277550697326660156E+00    0.927857827903402566E+01    0.734667650439747533E+01   -0.465177831883427650E-01   -0.128835773468017578E+02
    0.101729927700967018E+02    0.648513915459769885E+00    0.982467234134674072E-01    0.931783271404114366E+01    0.791188367289572092E+01   -0.235872470834723735E-01   -0.128761301040649414E+02
    0.101907271249087330E+02    0.647192769811730129E+00    0.343961298465728760E+00    0.927816913430525148E+01    0.730077981433419954E+01   -0.554966768172424629E-01   -0.128326683044433594E+02
    0.101943761066321663E+02    0.651346176341368488E+00    0.339242815971374512E+00    0.926909613766673068E+01    0.707640017870710469E+01   -0.300411153322666102E-01   -0.125990066528320312E+02
    0.102009781499884387E+02    0.652825170702729829E+00    0.338306546211242676E+00    0.929805848958374348E+01    0.770083146214452618E+01   -0.101717722504022667E+00   -0.128370523452758789E+02
    0.101905385120144327E+02    0.631166802388391512E+00    0.331396549940109253E+00    0.929681006686652722E+01    0.754254938745287706E+01   -0.213240533637475416E-01   -0.127498703002929688E+02
    0.101933496559233845E+02    0.634534414885407849E+00    0.468561559915542603E+00    0.926623032396817869E+01    0.717565496025404048E+01   -0.355255051475462658E-01   -0.119982786178588867E+02
    0.101780578542757905E+02    0.626746366054534487E+00    0.372085869312286377E+00    0.930646768510140276E+01    0.777617595791564753E+01   -0.251715770187308507E-01   -0.125553846359252930E+02
    0.101860210351983209E+02    0.618914525551304662E+00    0.520835041999816895E+00    0.928939417375647203E+01    0.755906930882515660E+01   -0.542985005670999499E-01   -0.128318824768066406E+02
    0.101646905528895459E+02    0.606582510811941700E+00    0.244636908173561096E+00    0.928256155662965909E+01    0.717521480161495173E+01    0.135073617025007753E+00   -0.121837100982666016E+02
    0.101511451373098538E+02    0.615622117770789568E+00    0.575261056423187256E+00    0.927940826508100614E+01    0.752575768974400017E+01   -0.826594257603434635E-01   -0.128590965270996094E+02
    0.101654656867104567E+02    0.660508013571796337E+00    0.106394357979297638E+00    0.926910040543949698E+01    0.729230061797855278E+01   -0.268773652855509582E-01   -0.123520698547363281E+02
    0.101589624955771640E+02    0.627008382360712435E+00    0.281767517328262329E+00    0.928767831825674328E+01    0.756608245084265985E+01   -0.735812766200716339E-03   -0.122999057769775391E+02
    0.101565442069507839E+02    0.640578623342444975E+00    0.367842882871627808E+00    0.926894016940880761E+01    0.746887380973438653E+01   -0.786793430888530487E-01   -0.127574310302734375E+02
    0.101673110766975103E+02    0.622065019653926465E+00    0.479576706886291504E+00    0.927455761557684433E+01    0.712012012528666105E+01   -0.340669867023057904E-01   -0.124190559387207031E+02
    0.101792217060959587E+02    0.614905040517032653E+00    0.231187030673027039E+00    0.929067533448667504E+01    0.742774376190957764E+01    0.127121779561356618E+00   -0.125222396850585938E+02
    0.101554492443208719E+02    0.610426102683741534E+00    0.573151111602783203E+00    0.927695509533497287E+01    0.729712662806622703E+01   -0.344251934210371147E-01   -0.126260318756103516E+02
    0.101967933008643055E+02    0.647694560765685656E+00    0.294076830148696899E+00    0.929355770200186093E+01    0.761853230315732954E+01   -0.623120507340715335E-01   -0.126483526229858398E+02
    0.101521945397350528E+02    0.645841663994801474E+00    0.165824562311172485E+00    0.928331024995693355E+01    0.762376847762751542E+01   -0.238943719698037071E-01   -0.126188716888427734E+02
    0.101986588226074950E+02    0.630064725012999038E+00    0.536142051219940186E+00    0.926892652025558661E+01    0.708977705198837960E+01   -0.436644899261282582E-01   -0.125248861312866211E+02
    0.102231806003141905E+02    0.609327251171128736E+00    0.733747124671936035E+00    0.931106674463467066E+01    0.743062748654243244E+01   -0.105255933523107359E+00   -0.128453826904296875E+02
    0.102306282810627067E+02    0.628636350600601079E+00    0.456978946924209595E+00    0.930872245477009841E+01    0.708847408447801985E+01   -0.624124540780206516E-01   -0.126391468048095703E+02
