 F
        1285        6167           3         150
   -0.175978425097052309E+02   -0.140823341796570816E+02
 T
   2
    0.200000000000000000E+01    0.300000000000000000E+01    0.833333333333333370E+00    0.166666666666666657E+00
   0
   0
 T T     0           0
    0.000000000000000000E+00   -0.340282346638528860E+39    0.000000000000000000E+00
 T F     1         125
    0.406610476851924712E-03   -0.177339042152523483E+02   -0.140145992604996845E+02
 T F     1          25
    0.125263279137484201E-03   -0.196597488941765981E+02   -0.145470594982967452E+02
