 F
        1328        7914           3         150
   -0.191472054877644453E+02   -0.154436764095783197E+02
 T
   2
    0.200000000000000000E+01    0.300000000000000000E+01    0.886666666666666714E+00    0.113333333333333328E+00
   0
   0
 T T     0           0
    0.000000000000000000E+00   -0.340282346638528860E+39    0.000000000000000000E+00
 T F     1         133
    0.330427509492933844E-03   -0.192631405543408825E+02   -0.154368284310020911E+02
 T F     1          17
    0.685188038096236492E-04   -0.213593380601142258E+02   -0.154993859278057862E+02
