

    0.566390256218994581E-02    0.290223445892333984E+02    0.931415477802695158E+01    0.808109813461114790E+01    0.126769125461578369E+01    0.812437581157918487E+01    0.864439561331423434E+01    0.234536898524140280E+00
    0.567190770024448426E-02    0.290044822692871094E+02    0.864493333307630429E+01    0.551263825787625361E+01    0.123151576519012451E+01    0.729992665075688762E+01    0.719954597706961241E+01    0.580442265690495063E-01
    0.563376660115160344E-02    0.290029392242431641E+02    0.900554025389194912E+01    0.789076814689212114E+01    0.554868817329406738E+00    0.844864262139529210E+01    0.895995918352703491E+01   -0.370636114436374786E+00
    0.560465162635340620E-02    0.289982643127441406E+02    0.947201874727911530E+01    0.808290605162596343E+01    0.187727022171020508E+01    0.816015378736483221E+01    0.869639063217133135E+01   -0.124720751088069459E+01
    0.557328948898049275E-02    0.289944496154785156E+02    0.906829964612095907E+01    0.551412658898176655E+01    0.202888488769531250E+01    0.775631313945480905E+01    0.764552717014291439E+01    0.216269958097705217E+00
    0.555882447724770964E-02    0.289846096038818359E+02    0.836643409188857312E+01    0.790317140829201392E+01    0.160737678408622742E+00    0.804688404864820939E+01    0.100429491964170587E+02   -0.949626589430296875E-01
    0.552047501709923907E-02    0.289834175109863281E+02    0.902683202613456004E+01    0.663304060181793709E+01    0.165869069099426270E+01    0.756286250113186131E+01    0.821135884665015148E+01   -0.308181242177654191E-01
    0.548093159023487018E-02    0.289827575683593750E+02    0.979088901626818142E+01    0.805891904629505973E+01    0.306665134429931641E+01    0.804581956590301850E+01    0.968807558584296302E+01   -0.133631879468564252E+01
    0.545295486964397346E-02    0.289779548645019531E+02    0.836751008268109864E+01    0.572727787748028305E+01    0.867918729782104492E+00    0.680563114387679224E+01    0.100425057703030749E+02   -0.156663911690077740E+01
    0.543049401453250466E-02    0.289711723327636719E+02    0.878616203838760512E+01    0.752879991037218854E+01    0.117643177509307861E+01    0.766927524053707721E+01    0.733455678859332050E+01   -0.177622888431087467E+01
    0.540028666776428291E-02    0.289672908782958984E+02    0.889850045517020405E+01    0.780297252347524317E+01    0.991997063159942627E+00    0.800480770669068420E+01    0.772449746109065227E+01   -0.191194019439328589E+01
    0.536549673174043385E-02    0.289651794433593750E+02    0.850191083642424950E+01    0.727768892420718050E+01    0.616721451282501221E+00    0.646546736672035038E+01    0.856052930944294665E+01   -0.182048514628225333E+01
    0.534222419966287262E-02    0.289588356018066406E+02    0.938355265987781806E+01    0.595130170260236468E+01    0.189615261554718018E+01    0.835861628485597308E+01    0.841595089076254510E+01   -0.407471919938300564E+00
    0.531106919395995299E-02    0.289554958343505859E+02    0.909052060147951124E+01    0.749626456601483770E+01    0.144471299648284912E+01    0.729085678134798876E+01    0.948376577250954433E+01   -0.186309594020446645E+01
    0.530468081859694716E-02    0.289428653717041016E+02    0.813977115101339699E+01    0.574485174624186001E+01    0.662654280662536621E+00    0.694145622317042310E+01    0.845362528005054692E+01   -0.192657579179779193E+01
    0.527283451078972443E-02    0.289398708343505859E+02    0.882135045152023878E+01    0.768742637467774514E+01    0.106219041347503662E+01    0.790566665603569607E+01    0.798138819186677839E+01   -0.142306540110509161E+01
    0.528522923633580489E-02    0.289201374053955078E+02    0.952174030735139354E+01    0.799416501035523996E+01    0.276128315925598145E+01    0.762516027038424316E+01    0.773790532545206045E+01   -0.146693348343174046E+01
    0.524812158238155239E-02    0.289191913604736328E+02    0.937161294754136520E+01    0.798036933838796081E+01    0.156107223033905029E+01    0.787134247512637142E+01    0.720655149185392041E+01   -0.278365735141182125E+00
    0.522337020382320719E-02    0.289136085510253906E+02    0.935023997245321858E+01    0.685093458690069745E+01    0.122889041900634766E+01    0.848216280153058655E+01    0.914773730261736340E+01    0.211350441218441709E+00
    0.519772920219958336E-02    0.289084129333496094E+02    0.804395223365956547E+01    0.787689308834951873E+01    0.258958816528320312E+00    0.731568376707020640E+01    0.976180290408563245E+01   -0.100664636599617108E+01
    0.515894268021460829E-02    0.289083557128906250E+02    0.854957669679473931E+01    0.767986634635469567E+01    0.704744935035705566E+00    0.774292886624047050E+01    0.832579438374675362E+01   -0.168145404919104791E+01
    0.515135171791986091E-02    0.288962631225585938E+02    0.892617630476160251E+01    0.846780286453883946E+01    0.441743105649948120E+00    0.831761074746093598E+01    0.104965908800889238E+02   -0.884283596907184499E+00
    0.511483279977471578E-02    0.288954544067382812E+02    0.926224107533630914E+01    0.852684343883551321E+01    0.163313853740692139E+01    0.749462737156005865E+01    0.961271520462645768E+01   -0.862319090006047562E+00
    0.511471558518236061E-02    0.288804626464843750E+02    0.843329692567348843E+01    0.838818449900704266E+01    0.490156590938568115E+00    0.720869629196724837E+01    0.870683735396192304E+01   -0.108759171453651726E+01
    0.508416487538465751E-02    0.288774070739746094E+02    0.931509489695593018E+01    0.830599521668531615E+01    0.166720604896545410E+01    0.796895740244680972E+01    0.100594038549913147E+02   -0.650393188679708301E+00
    0.504716430988284056E-02    0.288769779205322266E+02    0.833701986114748550E+01    0.761564021868088048E+01    0.499001741409301758E+00    0.730680223841898968E+01    0.980823415041999347E+01   -0.109220734833620869E+01
    0.501868719407278126E-02    0.288732566833496094E+02    0.818173225443133845E+01    0.806770768865304788E+01    0.428021013736724854E+00    0.686906701470973591E+01    0.956930698313214911E+01   -0.160813612270476547E+01
    0.498501002787637548E-02    0.288716850280761719E+02    0.855026758514819107E+01    0.845803283950634999E+01    0.468071460723876953E+00    0.780384688029153661E+01    0.859873081935274541E+01   -0.951077109849957969E+00
    0.496717604419764664E-02    0.288638153076171875E+02    0.812515348780906876E+01    0.754091963825694034E+01    0.438550084829330444E+00    0.666828475733098536E+01    0.885683566211775286E+01   -0.323556154661810647E+00
    0.495458654449624971E-02    0.288538532257080078E+02    0.792823475532204203E+01    0.560216950409324621E+01    0.574450075626373291E+00    0.640303346645191329E+01    0.857938411513432087E+01    0.774768868102557740E-01
    0.492419859976625865E-02    0.288511199951171875E+02    0.959433600208360815E+01    0.711211530889279331E+01    0.194490063190460205E+01    0.811668844764372466E+01    0.758658009783147591E+01   -0.944323780724636297E+00
    0.490457984655387827E-02    0.288440666198730469E+02    0.836591455750403235E+01    0.660576963306143039E+01    0.680874407291412354E+00    0.704148731950076456E+01    0.781592725062492022E+01   -0.554163638541108838E+00
    0.488315749042178126E-02    0.288377838134765625E+02    0.863944768163177912E+01    0.817910523860075322E+01    0.601674556732177734E+00    0.763215863867727151E+01    0.848787854276215725E+01   -0.267929204289138800E+00
    0.485864440168420376E-02    0.288328113555908203E+02    0.899693100111013422E+01    0.799087772064178381E+01    0.111181759834289551E+01    0.802173776653988035E+01    0.992425165214601179E+01   -0.168756757573151317E+01
    0.482288031686722244E-02    0.288325500488281250E+02    0.870087015923454032E+01    0.767434004144856452E+01    0.667742967605590820E+00    0.769199720617495419E+01    0.872479784943232950E+01    0.106498233389912489E+00
    0.479169592611543380E-02    0.288304862976074219E+02    0.816612456178595814E+01    0.650352164901699403E+01    0.542267441749572754E+00    0.609946643414011191E+01    0.840801437131141682E+01   -0.314869315684756179E+00
    0.475642917964416798E-02    0.288302230834960938E+02    0.887000224887065514E+01    0.823132390441385375E+01    0.246992692351341248E+00    0.856771584547595566E+01    0.104506914877617572E+02   -0.103080238443894778E+01
    0.472664801628799175E-02    0.288277473449707031E+02    0.912085253342423741E+01    0.706571482763083214E+01    0.114079165458679199E+01    0.824571455368123196E+01    0.998917563225583116E+01   -0.560527888709524635E+00
    0.469671737264123947E-02    0.288254146575927734E+02    0.824586941649284277E+01    0.708193078006601517E+01    0.514396309852600098E+00    0.723355290321162059E+01    0.985764511496810236E+01   -0.173194920496559623E+01
    0.469508263685243423E-02    0.288110733032226562E+02    0.930275414158275105E+01    0.821176861823290771E+01    0.117103314399719238E+01    0.786741715439181277E+01    0.726759478545087134E+01   -0.103127144818146110E+00
    0.466588581296455748E-02    0.288085117340087891E+02    0.844282418508197630E+01    0.743959121024138348E+01    0.604664146900177002E+00    0.759622979582057400E+01    0.869403383093164628E+01   -0.139718628636014741E+01
    0.463248152096750344E-02    0.288078441619873047E+02    0.874416115811232153E+01    0.794122015647251356E+01    0.448170810937881470E+00    0.812092786318999416E+01    0.936441230151739745E+01    0.813245519241756476E-01
    0.460457850056076277E-02    0.288048896789550781E+02    0.941559091540611171E+01    0.835049950124803964E+01    0.179410600662231445E+01    0.824689275766670526E+01    0.992315318231765353E+01   -0.137638781258336174E+01
    0.457267704588940234E-02    0.288037567138671875E+02    0.908513005849804145E+01    0.711984081512910993E+01    0.138891661167144775E+01    0.780620021504569905E+01    0.977006824471481039E+01    0.194981403063744452E+00
    0.455994356732716821E-02    0.287942962646484375E+02    0.913313236972981279E+01    0.765096935200501527E+01    0.169640767574310303E+01    0.803083870785759935E+01    0.890583820118456160E+01   -0.128916333354075219E+01
    0.453300484439746274E-02    0.287911090850830078E+02    0.974249991186820452E+01    0.816910437697298519E+01    0.267690539360046387E+01    0.803821998806375682E+01    0.790879338114511565E+01   -0.166569802993478788E+01
    0.450110559176427390E-02    0.287901954650878906E+02    0.863786849560816883E+01    0.832430803270036890E+01    0.665874481201171875E+00    0.761304697109387263E+01    0.827660857885685886E+01   -0.187638351973520212E+01
    0.446854859181076026E-02    0.287896766662597656E+02    0.911912026083499150E+01    0.826048975529318774E+01    0.150105226039886475E+01    0.745253991972405050E+01    0.887717751786724918E+01   -0.939917453157292027E+00
    0.445106357074897055E-02    0.287824802398681641E+02    0.858238445253111770E+01    0.758100153043397729E+01    0.594479501247406006E+00    0.792060907381004498E+01    0.887835832483617793E+01   -0.135161853814906485E+01
    0.442114897989338753E-02    0.287809295654296875E+02    0.897032413487939984E+01    0.850823293629735744E+01    0.100132763385772705E+01    0.777490927087429906E+01    0.969731518265087900E+01   -0.832424941362019055E+00
    0.438861781908066531E-02    0.287806625366210938E+02    0.932212686390151291E+01    0.683822687325242562E+01    0.149126255512237549E+01    0.784742852808804425E+01    0.703215611798387918E+01    0.619873933737697946E-01
    0.436579197357217941E-02    0.287760543823242188E+02    0.906312684003048119E+01    0.771265432162923226E+01    0.408310204744338989E+00    0.859496671393236156E+01    0.949983325045748117E+01   -0.734017420157305756E+00
    0.434089020243147872E-02    0.287724571228027344E+02    0.918200136901200459E+01    0.755342479069742634E+01    0.154843926429748535E+01    0.802504309182113751E+01    0.968442147689217236E+01   -0.265749071918506719E+00
    0.431120620736049395E-02    0.287711429595947266E+02    0.954832423704878153E+01    0.556979024509882148E+01    0.361031007766723633E+01    0.766801385144155923E+01    0.737444889034716144E+01   -0.961738358852582298E+00
    0.429236332404564144E-02    0.287648658752441406E+02    0.901582124822819786E+01    0.822193363293623491E+01    0.636120021343231201E+00    0.841543083001120173E+01    0.989093542915516721E+01   -0.142183694634585023E+01
    0.428232945698902353E-02    0.287545089721679688E+02    0.959874330684635346E+01    0.798284916675908640E+01    0.240397691726684570E+01    0.801733500822668077E+01    0.837541808935480958E+01   -0.782533865438247878E+00
    0.425188199498657566E-02    0.287537422180175781E+02    0.886054668280952207E+01    0.818686735693612455E+01    0.412582546472549438E+00    0.831791688170408605E+01    0.972826703157610595E+01   -0.273448923024549373E+00
    0.422282679425318389E-02    0.287524185180664062E+02    0.889172255075037299E+01    0.772849453692954036E+01    0.446633279323577881E+00    0.839120728435546859E+01    0.817175810244030210E+01   -0.116835787957654502E+01
    0.419391414682699411E-02    0.287511215209960938E+02    0.896060583087503737E+01    0.782192572835401645E+01    0.981996595859527588E+00    0.782919680726129030E+01    0.745235798579198416E+01   -0.103797854644945642E+01
    0.416784978655164885E-02    0.287485523223876953E+02    0.887332233882299803E+01    0.839978238493473484E+01    0.109160315990447998E+01    0.764777886869601708E+01    0.800830723708696723E+01   -0.160354794622666019E+01
    0.414389130109374133E-02    0.287450447082519531E+02    0.825952889268398494E+01    0.828585644117808684E+01    0.318259716033935547E+00    0.751051339184622080E+01    0.950587480052134381E+01   -0.746815825072600248E+00
    0.411335315015829307E-02    0.287448005676269531E+02    0.870186687962660343E+01    0.791255527529315561E+01    0.553967714309692383E+00    0.791673934660382539E+01    0.834807968064716199E+01   -0.930348474856219854E+00
    0.410864836575523112E-02    0.287320518493652344E+02    0.905951955401899589E+01    0.856248903452193488E+01    0.208337262272834778E+00    0.860531975805531602E+01    0.852024590747525679E+01   -0.948117819965664355E+00
    0.409018367419372152E-02    0.287260227203369141E+02    0.956335823335985857E+01    0.753743763176436499E+01    0.247952914237976074E+01    0.733928438308795617E+01    0.823957418545962739E+01   -0.522050000932523295E+00
    0.409545289724507627E-02    0.287084102630615234E+02    0.876259724612553192E+01    0.713053261819880646E+01    0.949779272079467773E+00    0.736949567349427781E+01    0.841875625312030529E+01   -0.618005448525773105E+00
    0.406485689816051248E-02    0.287083702087402344E+02    0.943018121703055101E+01    0.659631349385108301E+01    0.223728775978088379E+01    0.812379015737016097E+01    0.981182644118674929E+01   -0.616114012304018965E+00
    0.403527445785766426E-02    0.287079410552978516E+02    0.926993656078937533E+01    0.785560146086528199E+01    0.156942224502563477E+01    0.787858555318001930E+01    0.913230509837205062E+01    0.195870086166269441E+00
    0.400772619732186856E-02    0.287066040039062500E+02    0.812499475144692695E+01    0.550069003396485279E+01    0.633031845092773438E+00    0.717849092829110269E+01    0.839777139748909995E+01   -0.805358754585052239E+00
    0.398239736858628512E-02    0.287042465209960938E+02    0.930626481169027997E+01    0.720066629149569781E+01    0.899135589599609375E+00    0.861844624383919822E+01    0.994406381406518847E+01   -0.666459135709784434E+00
    0.395394668038916066E-02    0.287035484313964844E+02    0.844600569043676686E+01    0.729352109340122201E+01    0.659601926803588867E+00    0.639345167078689158E+01    0.700922818867294684E+01   -0.616638061572749807E+00
    0.392592013975049184E-02    0.287027378082275391E+02    0.826520248650440159E+01    0.782164314757731827E+01    0.417475163936614990E+00    0.742877792849873764E+01    0.953263273428833990E+01   -0.187406661002198183E+01
    0.391423729099618905E-02    0.286936607360839844E+02    0.808485069083286234E+01    0.785762884163785724E+01    0.366642415523529053E+00    0.703031137392012706E+01    0.918847089388024152E+01   -0.165708701021732407E+01
    0.389615952013414209E-02    0.286878814697265625E+02    0.897876338681052566E+01    0.767829836760849727E+01    0.916111230850219727E+00    0.835533722585048721E+01    0.104827948308870518E+02   -0.178517814561552113E+01
    0.387317546970335864E-02    0.286846771240234375E+02    0.829875912405040772E+01    0.779353728170510873E+01    0.274472475051879883E+00    0.763574199864754100E+01    0.737751159155866443E+01   -0.581643120130716840E+00
    0.384803271584268454E-02    0.286826648712158203E+02    0.945021156113236493E+01    0.586108795584851716E+01    0.264423155784606934E+01    0.823237857221999647E+01    0.926872005527954634E+01   -0.624372119566090067E+00
    0.381923413207844792E-02    0.286826515197753906E+02    0.908553324216481961E+01    0.761785117374269749E+01    0.143333625793457031E+01    0.734720439791855906E+01    0.927473671657013554E+01   -0.212715657045347983E+01
    0.379420633319906301E-02    0.286807632446289062E+02    0.862912636228194607E+01    0.844188455698660789E+01    0.597731649875640869E+00    0.774411883270536094E+01    0.931458266753233310E+01   -0.112506877240720460E+01
    0.376694921700120467E-02    0.286801452636718750E+02    0.846158105424108697E+01    0.722442756872867164E+01    0.685291707515716553E+00    0.666636197662225971E+01    0.718637538731717740E+01   -0.112943662630934005E+01
    0.374019822272863341E-02    0.286793613433837891E+02    0.822747596050285424E+01    0.663169968035471147E+01    0.631452858448028564E+00    0.668504583301328381E+01    0.716124692281688358E+01   -0.176098007576931614E+00
    0.371381074314850292E-02    0.286784839630126953E+02    0.821271944707952528E+01    0.661798927911679513E+01    0.585215449333190918E+00    0.713346244190153023E+01    0.980794588347300866E+01   -0.120511792304958743E+01
    0.369111028516440126E-02    0.286757087707519531E+02    0.929742924856942210E+01    0.805542243228233446E+01    0.188358449935913086E+01    0.774302400222960774E+01    0.103853724061515553E+02   -0.508417638741863076E+00
    0.368144956214779299E-02    0.286659126281738281E+02    0.874141916258474438E+01    0.785050996000817758E+01    0.776401102542877197E+00    0.741172791971027145E+01    0.936230725544065834E+01   -0.437851376561887440E+00
    0.365755139876338103E-02    0.286639003753662109E+02    0.954314894062971319E+01    0.640814073040408516E+01    0.216172385215759277E+01    0.836768203122628407E+01    0.866793083498935957E+01   -0.379795272373223636E+00
    0.363694250595431295E-02    0.286601638793945312E+02    0.889619220359240437E+01    0.729369784622174411E+01    0.887162148952484131E+00    0.821073421890230293E+01    0.944831461184475252E+01   -0.993664569501868433E+00
    0.361953783316353635E-02    0.286547203063964844E+02    0.851627325894025944E+01    0.702034299338926626E+01    0.720804691314697266E+00    0.728104193602744765E+01    0.924802711285786927E+01   -0.866896574001052134E+00
    0.359416614903052597E-02    0.286537513732910156E+02    0.907451410415478321E+01    0.803174371331579451E+01    0.111252129077911377E+01    0.722674235064507808E+01    0.783950525249428321E+01   -0.184389337427440414E+01
    0.357080393813023235E-02    0.286517562866210938E+02    0.847303550660385874E+01    0.836833152341352182E+01    0.420498996973037720E+00    0.770973118338043761E+01    0.965386093538283951E+01   -0.515282448098929535E+00
    0.355098521806857101E-02    0.286478500366210938E+02    0.956327017929344336E+01    0.820895389271074549E+01    0.143950629234313965E+01    0.850254175506841925E+01    0.103119011923174746E+02   -0.371254748780106780E+00
    0.352737886633596592E-02    0.286461524963378906E+02    0.967583220977436298E+01    0.725570481368631448E+01    0.311301660537719727E+01    0.749635312841359536E+01    0.851699808566977978E+01   -0.549160768403987642E+00
    0.351082661970060494E-02    0.286405220031738281E+02    0.961662015886418153E+01    0.803097052491986219E+01    0.245057916641235352E+01    0.764334578630902772E+01    0.875688942111759161E+01   -0.731607078512270359E+00
    0.349010905106503927E-02    0.286373214721679688E+02    0.927956774569034692E+01    0.727608109612519005E+01    0.127885031700134277E+01    0.856929356105945139E+01    0.931245879060458392E+01   -0.137808665573250644E+01
    0.347321162123270192E-02    0.286319904327392578E+02    0.907553725104585141E+01    0.788044244481300016E+01    0.833414375782012939E+00    0.816826933816245493E+01    0.890872701851655791E+01    0.178243048340790189E+00
    0.344838874651769286E-02    0.286312980651855469E+02    0.910805878006833325E+01    0.711125308036562398E+01    0.137377786636352539E+01    0.813347915868093807E+01    0.938161297092495872E+01   -0.738752078260453082E+00
    0.342929524248797258E-02    0.286273651123046875E+02    0.915201755569851727E+01    0.573311555795608552E+01    0.216087675094604492E+01    0.794197643903638095E+01    0.889368493468548316E+01   -0.974297541664652655E-01
    0.340781708854608588E-02    0.286248931884765625E+02    0.973929451894672482E+01    0.723687092238812291E+01    0.284094929695129395E+01    0.735984495373334280E+01    0.794823546356745148E+01   -0.540318078017110182E+00
    0.338829866687463503E-02    0.286213436126708984E+02    0.807081143962900960E+01    0.571993608020517730E+01    0.687963604927062988E+00    0.683880574802146235E+01    0.811360409113541436E+01   -0.121096665809751047E+01
    0.336317485172611935E-02    0.286211910247802734E+02    0.913741247551075730E+01    0.832650805042209541E+01    0.106886470317840576E+01    0.805628155373363875E+01    0.776261789035799499E+01   -0.102653714820467035E+01
    0.336995876821122829E-02    0.286021232604980469E+02    0.925722050367711802E+01    0.707483149048618287E+01    0.127660524845123291E+01    0.824191834605770168E+01    0.805948386915907555E+01   -0.371098927135908863E+00
    0.338400665389642806E-02    0.285787658691406250E+02    0.799666165303340115E+01    0.765026778847545774E+01    0.338177800178527832E+00    0.694199876318652720E+01    0.962124513537618675E+01   -0.775492687213066301E+00
    0.336185659026628321E-02    0.285768623352050781E+02    0.881825438807549133E+01    0.743114155077075544E+01    0.602988719940185547E+00    0.811651505990719535E+01    0.818964711298215065E+01   -0.183285644609101794E+00
    0.333741895670502898E-02    0.285764160156250000E+02    0.903814421610494989E+01    0.836464586926619447E+01    0.111574411392211914E+01    0.756646934085405753E+01    0.755550758251005128E+01   -0.547771596249489567E+00
    0.331284301007351211E-02    0.285761604309082031E+02    0.889332479938753195E+01    0.744978658247114645E+01    0.954767286777496338E+00    0.783154002316587139E+01    0.995217114295772731E+01   -0.620542763235080841E+00
    0.329000391250924406E-02    0.285749588012695312E+02    0.955059167247133267E+01    0.816296195431369398E+01    0.259254527091979980E+01    0.772714227918715313E+01    0.907273435004975681E+01   -0.167479930147978018E+01
    0.326710104438586967E-02    0.285738925933837891E+02    0.940049328393574335E+01    0.697643484184932827E+01    0.171941041946411133E+01    0.793392435885432956E+01    0.726188227920588325E+01    0.328031341934664766E-01
    0.325804979399515202E-02    0.285644035339355469E+02    0.809616708489063974E+01    0.568389734829708715E+01    0.692460656166076660E+00    0.655700539449034547E+01    0.927074075360670413E+01   -0.108787378444020821E+01
    0.323688469935860465E-02    0.285624008178710938E+02    0.799818009190398804E+01    0.569102568779540086E+01    0.511817932128906250E+00    0.614873850290175827E+01    0.716964051278149217E+01   -0.178746793192915221E+01
    0.321594297218993040E-02    0.285603446960449219E+02    0.913374809996258641E+01    0.746383048446895714E+01    0.132777404785156250E+01    0.769590249357319589E+01    0.102325250425999581E+02    0.194716405070814780E+00
    0.319308363320560491E-02    0.285595741271972656E+02    0.917167763117536872E+01    0.795563590074343985E+01    0.123699831962585449E+01    0.783489886505744515E+01    0.785992108564501546E+01    0.566744956843097114E-01
    0.317727880867766082E-02    0.285544605255126953E+02    0.937057871390710417E+01    0.673335818856243407E+01    0.246676611900329590E+01    0.773181324950606275E+01    0.816102814520183806E+01   -0.309302429103851084E+00
    0.315533217685061949E-02    0.285532855987548828E+02    0.958763556556403174E+01    0.788687456309748924E+01    0.214818906784057617E+01    0.795387313225511594E+01    0.854708571690676067E+01   -0.396276096434768244E+00
    0.313282299850121916E-02    0.285525665283203125E+02    0.960471359449647721E+01    0.816532117222535270E+01    0.218688416481018066E+01    0.832080550467146551E+01    0.926294821209925523E+01   -0.165482545228653954E+01
    0.311281574799423394E-02    0.285503425598144531E+02    0.886526054423453047E+01    0.810556969181394571E+01    0.995611190795898438E+00    0.785356012036519058E+01    0.958460123547627063E+01   -0.170958491798413359E+01
    0.309112866103619091E-02    0.285492877960205078E+02    0.885216945565793090E+01    0.763402297802761076E+01    0.749992132186889648E+00    0.794778746952760162E+01    0.781411385904048483E+01   -0.111353696025264348E+00
    0.307847549339935198E-02    0.285424537658691406E+02    0.885120974055857701E+01    0.717873167882986341E+01    0.108906912803649902E+01    0.733263432784510449E+01    0.942519801436382743E+01   -0.210565961593218720E+00
    0.305855862892438551E-02    0.285403976440429688E+02    0.977946573495864868E+01    0.793093711137771606E+01    0.322461533546447754E+01    0.762897407610067191E+01    0.784305229783058167E+01   -0.156081349217934573E+01
    0.304157717774257820E-02    0.285364952087402344E+02    0.822127364039480568E+01    0.778610031388344659E+01    0.432241946458816528E+00    0.620731019928592165E+01    0.872066178945839354E+01   -0.138029109754835400E+00
    0.301971245858874675E-02    0.285358867645263672E+02    0.969669595391540540E+01    0.796542533535740027E+01    0.212731623649597168E+01    0.819292213781731959E+01    0.942440979848126759E+01   -0.186084631558085523E+00
    0.301558552955414000E-02    0.285235843658447266E+02    0.940676090146780020E+01    0.815499405466945326E+01    0.165194594860076904E+01    0.808580700142631947E+01    0.988267437693375328E+01   -0.932451439884206534E+00
    0.300735727450184877E-02    0.285140113830566406E+02    0.807659826739918074E+01    0.881953363576394445E+01    0.323246181011199951E+00    0.668149490822832970E+01    0.832489724074939019E+01   -0.577383547845626177E+00
    0.299333943498570221E-02    0.285083179473876953E+02    0.915737152472776295E+01    0.782134765349508143E+01    0.762675821781158447E+00    0.830590175769621197E+01    0.898989661741365076E+01    0.237370460420516682E+00
    0.298178601244098763E-02    0.285010147094726562E+02    0.912978856654285309E+01    0.848996656963248242E+01    0.131420481204986572E+01    0.744985455066304869E+01    0.930168918995058291E+01   -0.190521319316093152E+01
    0.296772603693211965E-02    0.284954299926757812E+02    0.916617854921878106E+01    0.791071994767070841E+01    0.135642313957214355E+01    0.779745283602423367E+01    0.986115392373925737E+01    0.172306950186216223E+00
    0.295541170707184359E-02    0.284887084960937500E+02    0.821797676297371993E+01    0.575497586921038451E+01    0.751150012016296387E+00    0.665544768483667148E+01    0.781961274725597999E+01   -0.176239226701218299E+01
    0.293689034837428574E-02    0.284862442016601562E+02    0.917949015320059658E+01    0.820521004929545406E+01    0.108461999893188477E+01    0.805614703883077610E+01    0.976047319695541660E+01   -0.375685812510856865E+00
    0.292322605816677013E-02    0.284805335998535156E+02    0.918111225339542258E+01    0.735588534119783954E+01    0.167876064777374268E+01    0.761123440279555386E+01    0.818840882066487730E+01   -0.868305713308104021E+00
    0.290270205511114531E-02    0.284795875549316406E+02    0.834397704906635340E+01    0.616459834926059980E+01    0.754292428493499756E+00    0.648979257335263426E+01    0.793024811932722429E+01   -0.123219535565257665E+01
    0.288405441350683125E-02    0.284774398803710938E+02    0.885665002588585004E+01    0.818889297717791997E+01    0.555635154247283936E+00    0.822086658784241031E+01    0.925159388929580118E+01   -0.917946063413525692E+00
    0.286422059802812464E-02    0.284762039184570312E+02    0.836017332180793282E+01    0.639846401637644924E+01    0.675982117652893066E+00    0.713192003106718175E+01    0.826490053428576310E+01   -0.663374153186019999E+00
    0.284625444119501313E-02    0.284737510681152344E+02    0.976982083753439312E+01    0.821044961826561348E+01    0.154875814914703369E+01    0.862578167656025130E+01    0.987131987973691061E+01   -0.639384726175539875E+00
    0.282954759520532249E-02    0.284704875946044922E+02    0.974050512587853845E+01    0.793954250515444393E+01    0.175806033611297607E+01    0.840331185867917263E+01    0.900081121128908990E+01    0.163049937271404488E+00
    0.280928744772825133E-02    0.284698219299316406E+02    0.917310616587581862E+01    0.731691396232734892E+01    0.668858587741851807E+00    0.861209120860597110E+01    0.985466888150973475E+01   -0.758560052663116435E+00
    0.279160463232028125E-02    0.284674129486083984E+02    0.808451490090029168E+01    0.786854593904505784E+01    0.263104677200317383E+00    0.746340494667187748E+01    0.933020070265725820E+01   -0.954483719044802115E+00
    0.277233521319024618E-02    0.284662284851074219E+02    0.836440420490416159E+01    0.731289645980059788E+01    0.603430390357971191E+00    0.716138118255806955E+01    0.102772138703022939E+02   -0.831404736248261722E+00
    0.275307540074825165E-02    0.284651336669921875E+02    0.864678863984426194E+01    0.752568517823222560E+01    0.484544992446899414E+00    0.798530611053677930E+01    0.799428970010992579E+01   -0.706469690556958740E+00
    0.273674062101517341E-02    0.284619979858398438E+02    0.952779623202745185E+01    0.814730105044609765E+01    0.130160021781921387E+01    0.820803627367942745E+01    0.784451475173017432E+01   -0.259639490731343292E+00
    0.273894423481453684E-02    0.284453506469726562E+02    0.929113667700982759E+01    0.828931310280010436E+01    0.104137706756591797E+01    0.824619106342206365E+01    0.847611963529842427E+01   -0.722934961534292375E+00
    0.272583695359652871E-02    0.284399070739746094E+02    0.799511302825446446E+01    0.792182274523539931E+01    0.269044488668441772E+00    0.717984483246519378E+01    0.101997738340089867E+02   -0.112175750575860000E+01
    0.272121877304378488E-02    0.284282608032226562E+02    0.849447662505074064E+01    0.807557251581373237E+01    0.562241911888122559E+00    0.746519015565155009E+01    0.756802338413172215E+01   -0.745826990747946450E+00
    0.270503947109301856E-02    0.284251499176025391E+02    0.902038932028293949E+01    0.806704135369406572E+01    0.116403830051422119E+01    0.777655230695319943E+01    0.818716142054479157E+01   -0.232127228911045647E+00
    0.268764371846169116E-02    0.284230155944824219E+02    0.793278208402148088E+01    0.634334245594126056E+01    0.419917315244674683E+00    0.674940503754823595E+01    0.824618123150138338E+01   -0.172211047269513706E+01
    0.266949665959555433E-02    0.284215278625488281E+02    0.858087208578682947E+01    0.828116010277219594E+01    0.571455895900726318E+00    0.755096540148443118E+01    0.954795420477796775E+01   -0.548845807686699994E+00
    0.265241295154864266E-02    0.284193305969238281E+02    0.895029684917475166E+01    0.772539026003607265E+01    0.383648723363876343E+00    0.850658855954892346E+01    0.874044900209589670E+01   -0.453314977269372976E+00
    0.263363209309006767E-02    0.284185047149658203E+02    0.839838620418697701E+01    0.731332381210963689E+01    0.582695662975311279E+00    0.710673852716331300E+01    0.855668885587665784E+01   -0.137164089383323118E+01
    0.261661070711748361E-02    0.284164352416992188E+02    0.957953596810488506E+01    0.820605140417081458E+01    0.171832025051116943E+01    0.828437223885023322E+01    0.104258737588700932E+02   -0.729194792286483873E+00
    0.259783559178300124E-02    0.284158000946044922E+02    0.919090370576465432E+01    0.734776964784891629E+01    0.789252877235412598E+00    0.827184893305297742E+01    0.811067603709040164E+01    0.212748197753650725E+00
    0.258069605556399519E-02    0.284140014648437500E+02    0.864008889261341295E+01    0.790759674386390810E+01    0.698747336864471436E+00    0.783066362184638987E+01    0.852876176396825514E+01   -0.151278878305452613E+01
    0.256803257500832702E-02    0.284088020324707031E+02    0.827297341414200815E+01    0.773675487487837987E+01    0.423818290233612061E+00    0.705185245608454903E+01    0.867488400580947072E+01   -0.188860349644908987E+01
    0.255399621530856547E-02    0.284047260284423828E+02    0.953766762643299870E+01    0.685279876285497025E+01    0.160336303710937500E+01    0.814966147544124375E+01    0.748845753570144179E+01    0.279161427978560361E-01
    0.253807521544051340E-02    0.284021949768066406E+02    0.904027583310681848E+01    0.735943132656134313E+01    0.125440311431884766E+01    0.752023585244054615E+01    0.969445070765194572E+01    0.208084517116328804E+00
    0.252433259253655824E-02    0.283980159759521484E+02    0.927789178770584755E+01    0.787456400231907150E+01    0.105946135520935059E+01    0.862706207700511207E+01    0.966093229846996948E+01   -0.160175060719678308E+01
    0.251849173480309585E-02    0.283876113891601562E+02    0.918311096758354850E+01    0.813862857944457296E+01    0.131803655624389648E+01    0.785102057389278940E+01    0.104893463487116492E+02   -0.281209518431882133E+00
    0.250775445879301275E-02    0.283811187744140625E+02    0.888210682052873679E+01    0.789340632910421292E+01    0.790549933910369873E+00    0.802133713477748422E+01    0.822490031990051840E+01   -0.650762995489660767E+00
    0.248948026001301337E-02    0.283807086944580078E+02    0.871569705133594574E+01    0.788519131536030127E+01    0.721214234828948975E+00    0.782279299051665422E+01    0.928871299292288555E+01   -0.106164789453487773E+01
    0.247560881410725450E-02    0.283768463134765625E+02    0.964210911713227858E+01    0.766772575804088330E+01    0.236084961891174316E+01    0.814970676132963412E+01    0.816619075940682393E+01   -0.119383525327441764E+01
    0.245894970214378819E-02    0.283753128051757812E+02    0.933468571191287388E+01    0.780966063308221159E+01    0.121989142894744873E+01    0.841102816000524989E+01    0.863376208960542613E+01   -0.729078454029187251E+00
    0.246647932566604810E-02    0.283541603088378906E+02    0.965656076220531645E+01    0.640255830137502802E+01    0.288405919075012207E+01    0.823461887757239097E+01    0.957791236845123706E+01   -0.716505785072276247E+00
    0.244926491964984113E-02    0.283531303405761719E+02    0.949553921030871884E+01    0.786655528233218782E+01    0.235167336463928223E+01    0.737474706451922213E+01    0.930079734854756168E+01   -0.948727850637239856E+00
    0.243255572614516731E-02    0.283517837524414062E+02    0.910696276519435344E+01    0.777569383845819573E+01    0.102548003196716309E+01    0.832560748068966916E+01    0.862368457760033102E+01   -0.162300379448957122E+01
    0.241490320216116968E-02    0.283513126373291016E+02    0.901707624826618748E+01    0.761887485219190008E+01    0.761421263217926025E+00    0.825440853466769475E+01    0.932682212334607286E+01    0.685482945882651684E-01
    0.240392199018532116E-02    0.283453903198242188E+02    0.945040490676703016E+01    0.818013657337019495E+01    0.116114234924316406E+01    0.844149406217412768E+01    0.104927462518264036E+02   -0.566476129822664820E+00
    0.238772023198229218E-02    0.283438777923583984E+02    0.898303624272526946E+01    0.759923424782161572E+01    0.106355309486389160E+01    0.802587031394525496E+01    0.884518136463294802E+01   -0.394647165534321109E+00
    0.236988449275047763E-02    0.283438358306884766E+02    0.923554040962254597E+01    0.814843395758161648E+01    0.727263569831848145E+00    0.849023780292142760E+01    0.929060994824464359E+01   -0.342651974080683486E+00
    0.235725936497560183E-02    0.283394813537597656E+02    0.837700413243012143E+01    0.776402626022562803E+01    0.541417956352233887E+00    0.721597041330972022E+01    0.946717935340796046E+01   -0.562429022305995119E+00
    0.235043509914685750E-02    0.283302421569824219E+02    0.819007300558682161E+01    0.583534738839874390E+01    0.598046243190765381E+00    0.652240108342770153E+01    0.945978749435150235E+01   -0.207329163395123572E+01
    0.233317601458194737E-02    0.283299446105957031E+02    0.968161448625391330E+01    0.708559589113927490E+01    0.265243649482727051E+01    0.837013097979525611E+01    0.934695801728637576E+01   -0.106477366541259255E+01
    0.232077964331684535E-02    0.283255615234375000E+02    0.851170933737542157E+01    0.776157764805555317E+01    0.650515377521514893E+00    0.727863200210604333E+01    0.101901176524943047E+02   -0.809601280577060489E+00
    0.230462608224087356E-02    0.283244934082031250E+02    0.968126043716624807E+01    0.787423625637824287E+01    0.238520169258117676E+01    0.790402484733867450E+01    0.104764261754186663E+02    0.136091451537116548E+00
    0.228758992332931321E-02    0.283242950439453125E+02    0.959005971931625467E+01    0.721113701858142964E+01    0.147550535202026367E+01    0.860011629148589840E+01    0.100706408151878897E+02   -0.309829941308847223E+00
    0.227080746582725623E-02    0.283239841461181641E+02    0.919702540503329757E+01    0.828330242505542991E+01    0.131991672515869141E+01    0.817083721998957380E+01    0.967088074746651216E+01   -0.145840277851703770E+01
    0.225657432204381253E-02    0.283215217590332031E+02    0.939795384397541156E+01    0.744580097309779187E+01    0.139178490638732910E+01    0.826594910507804848E+01    0.785067915195206556E+01   -0.825188833854220150E+00
    0.224373100424825073E-02    0.283178997039794922E+02    0.946300347706350387E+01    0.834245706558826150E+01    0.198289155960083008E+01    0.776176345978105164E+01    0.987185788191034419E+01   -0.654001934059946999E+00
    0.222738501299561036E-02    0.283174858093261719E+02    0.989677082736445080E+01    0.773660445751630022E+01    0.209353518486022949E+01    0.868937553873960766E+01    0.918650000828218261E+01   -0.660481355375058810E+00
    0.221363302338709782E-02    0.283148345947265625E+02    0.907486023162526223E+01    0.793116166334342410E+01    0.813788235187530518E+00    0.794939086416417151E+01    0.739921810504757094E+01   -0.875092970396138314E+00
    0.220230861063243919E-02    0.283100547790527344E+02    0.913944016349668154E+01    0.754062470432248411E+01    0.878033578395843506E+00    0.841539549021123712E+01    0.101190471523507437E+02   -0.194899305744906659E+00
    0.218923751134123337E-02    0.283069229125976562E+02    0.863724575769265002E+01    0.758904014397883309E+01    0.710419416427612305E+00    0.787596386607831178E+01    0.941466503602683247E+01   -0.103537493130441671E+01
    0.217757682413892775E-02    0.283025665283203125E+02    0.968789352758273914E+01    0.809058879515407803E+01    0.198997890949249268E+01    0.838227493847388239E+01    0.952403225379633689E+01   -0.627344121567020130E+00
    0.216379803053032760E-02    0.283002243041992188E+02    0.982253112145790830E+01    0.675257713099870038E+01    0.299113273620605469E+01    0.819917757510357426E+01    0.912187245481961817E+01   -0.207036628718433313E-01
    0.215573214383585126E-02    0.282926559448242188E+02    0.925941552630564146E+01    0.804852001798663608E+01    0.109071266651153564E+01    0.844292002525300944E+01    0.920922026333383847E+01   -0.120982859927592212E+01
    0.214170755138596560E-02    0.282906723022460938E+02    0.924964427721890559E+01    0.758147702468311202E+01    0.127933990955352783E+01    0.842989732689753879E+01    0.980151081512790689E+01   -0.995560960927336147E+00
    0.212854746607354841E-02    0.282879619598388672E+02    0.945506614957140101E+01    0.626443884879916446E+01    0.244637012481689453E+01    0.807823360173427751E+01    0.911009679073045575E+01    0.100269778012517019E+00
    0.211334290249451991E-02    0.282872619628906250E+02    0.934906314583891884E+01    0.823267126741589728E+01    0.867354393005371094E+00    0.861107654207004813E+01    0.988370855514066804E+01   -0.887080535254941127E+00
    0.209833699652861669E-02    0.282864761352539062E+02    0.906371754407882690E+01    0.791708707809448242E+01    0.123241305351257324E+01    0.769629213685210090E+01    0.751684114336967468E+01   -0.180135494008811570E+00
    0.208608391177476232E-02    0.282831516265869141E+02    0.901312299758198598E+01    0.797590325331475469E+01    0.125344967842102051E+01    0.737574213049213601E+01    0.799395134596406898E+01   -0.747019630409980984E+00
    0.207621376753027755E-02    0.282775993347167969E+02    0.939225243087109618E+01    0.808958627020200183E+01    0.124436998367309570E+01    0.842786992075467722E+01    0.104612871674495640E+02   -0.550102222599299084E+00
    0.206369818148613611E-02    0.282746543884277344E+02    0.845873838598766170E+01    0.747665830057517855E+01    0.549060821533203125E+00    0.763910007789921863E+01    0.919548472708013342E+01   -0.620130510493873910E+00
    0.205396725318734898E-02    0.282690696716308594E+02    0.837655551791457675E+01    0.802728025213155405E+01    0.511502504348754883E+00    0.735611998412799561E+01    0.868729565341268639E+01   -0.116835992080645368E+01
    0.204104846747899535E-02    0.282666511535644531E+02    0.936667448903735789E+01    0.568428323190096307E+01    0.320277976989746094E+01    0.751952962730923602E+01    0.700056873739312291E+01    0.102390276940009350E+00
    0.202871003531892354E-02    0.282637405395507812E+02    0.874563516320628764E+01    0.805815230023779527E+01    0.788135290145874023E+00    0.759472166424562634E+01    0.764143510007058779E+01   -0.421855689374228460E+00
    0.201489297864729938E-02    0.282623710632324219E+02    0.924842424255939655E+01    0.772098040004283170E+01    0.154245448112487793E+01    0.810202109597295994E+01    0.875565799286531288E+01   -0.604122624070902559E+00
    0.200275085926382261E-02    0.282594223022460938E+02    0.899731692913418080E+01    0.836928109037616075E+01    0.105907201766967773E+01    0.735122608718665571E+01    0.827741047615098857E+01   -0.170316350099818115E+01
    0.200042008325682823E-02    0.282467136383056641E+02    0.932245015202027716E+01    0.796453972589368142E+01    0.127109897136688232E+01    0.828761925656417375E+01    0.899236211814205255E+01   -0.301503155349035268E+00
    0.198560804573661310E-02    0.282465400695800781E+02    0.799676569752130195E+01    0.788826608121885364E+01    0.274835973978042603E+00    0.720450432272011110E+01    0.865838298583890165E+01   -0.868474764472147776E+00
    0.197289342454631507E-02    0.282443504333496094E+02    0.903488041350389359E+01    0.776122019492164750E+01    0.797560691833496094E+00    0.824649319156475613E+01    0.973731326932394659E+01   -0.900108715830141293E-01
    0.196058740104528267E-02    0.282418270111083984E+02    0.960694514477688166E+01    0.748306632704778796E+01    0.207850646972656250E+01    0.818353651457627151E+01    0.993369957676243409E+01   -0.471333215167031083E+00
    0.195028221900697902E-02    0.282373294830322266E+02    0.942342830300117740E+01    0.768900639055885282E+01    0.130486774444580078E+01    0.868749935235527460E+01    0.947617423618990529E+01   -0.117158057447701180E+01
    0.193979994680729888E-02    0.282330703735351562E+02    0.808514406376566441E+01    0.619485384865224642E+01    0.605112195014953613E+00    0.666733242575035590E+01    0.852886772261519077E+01   -0.873666025511785627E+00
    0.193393891216428514E-02    0.282240848541259766E+02    0.802941012638726903E+01    0.606033752231722911E+01    0.526154160499572754E+00    0.682047577534669536E+01    0.834549959118763240E+01   -0.653093601526669731E+00
    0.191950563253461166E-02    0.282240295410156250E+02    0.978671868145334933E+01    0.773714529284260788E+01    0.275692677497863770E+01    0.793747316025909466E+01    0.969947380548324567E+01   -0.440715325740707486E+00
    0.191036351802096227E-02    0.282185401916503906E+02    0.823815309918837002E+01    0.643731560518047541E+01    0.639612913131713867E+00    0.665245837473967860E+01    0.826637077498103778E+01   -0.153310817036595814E+01
    0.189782300802654479E-02    0.282166748046875000E+02    0.959206456682799313E+01    0.724832368624724666E+01    0.210534310340881348E+01    0.816656343467825252E+01    0.104590952412482174E+02    0.424896664842795424E-01
    0.188709171317569236E-02    0.282129783630371094E+02    0.956975740704809930E+01    0.533333634977496729E+01    0.373825693130493164E+01    0.773610203368449945E+01    0.837541339878179691E+01   -0.597835643732029576E+00
    0.188129843086325284E-02    0.282040901184082031E+02    0.882892179532829324E+01    0.789254517750873585E+01    0.832771897315979004E+00    0.775410620676111595E+01    0.888868673566498657E+01   -0.747128010959572819E+00
    0.186919648317631607E-02    0.282019596099853516E+02    0.870583356462550739E+01    0.733691599220117396E+01    0.105234503746032715E+01    0.757160532363659033E+01    0.912646620654982144E+01   -0.113929373207033557E+01
    0.186164456951251720E-02    0.281950187683105469E+02    0.936251184926190838E+01    0.759911092904822993E+01    0.190648806095123291E+01    0.763672293279377712E+01    0.918319074887646636E+01   -0.880114302387582370E-01
    0.184814736039134661E-02    0.281945343017578125E+02    0.963353551905666450E+01    0.618904563750772585E+01    0.274230170249938965E+01    0.818911038055245477E+01    0.958130727848575603E+01    0.137190273349034442E+00
    0.183961526389254211E-02    0.281887512207031250E+02    0.897317356126805166E+01    0.747188460347241090E+01    0.129441952705383301E+01    0.764302798688558482E+01    0.848257997440321532E+01   -0.912883982459118393E-01
    0.183122384427591620E-02    0.281828575134277344E+02    0.894762862496455824E+01    0.731303533877784329E+01    0.108757698535919189E+01    0.788758438546957130E+01    0.103255962212459522E+02   -0.519165940225090772E+00
    0.181967306970129503E-02    0.281804752349853516E+02    0.949625036963595903E+01    0.728997290484302862E+01    0.131500411033630371E+01    0.833053263686776724E+01    0.811098423672968494E+01    0.839128230075041337E-01
    0.180879535469984911E-02    0.281774291992187500E+02    0.945923644491233873E+01    0.810578039888941149E+01    0.215815162658691406E+01    0.747550726293855128E+01    0.965826228414718457E+01   -0.555671648728110590E+00
    0.179609578215628868E-02    0.281764831542968750E+02    0.925209814743808323E+01    0.818950360471375660E+01    0.157876586914062500E+01    0.810631852851040691E+01    0.964338339840654335E+01   -0.134004187147550047E+01
    0.179124282856967009E-02    0.281668567657470703E+02    0.924279018100293470E+01    0.820196014592306000E+01    0.172056818008422852E+01    0.792615339671249863E+01    0.936609190977037187E+01   -0.137062782678189143E+01
    0.177946222040085522E-02    0.281650161743164062E+02    0.939911933294515833E+01    0.787392794449248168E+01    0.974927067756652832E+00    0.851175759481352578E+01    0.102294674168763180E+02    0.102057551061404350E+00
    0.176646313466325214E-02    0.281646423339843750E+02    0.896825594898227862E+01    0.775159341483447051E+01    0.101711082458496094E+01    0.783682299059644194E+01    0.102000762112651930E+02   -0.255680161776858261E+00
    0.175423475722283166E-02    0.281634979248046875E+02    0.951160066245395264E+01    0.507930911735875856E+01    0.384261226654052734E+01    0.756594114255340333E+01    0.845158389465828108E+01   -0.295240943523604082E+00
    0.176954547732430939E-02    0.281460990905761719E+02    0.871783027743241057E+01    0.793853367696593093E+01    0.816510975360870361E+00    0.754900966806953466E+01    0.982201706954394282E+01   -0.106105611376342401E+01
    0.177024426927456144E-02    0.281453094482421875E+02    0.843799215932701330E+01    0.798093636532600215E+01    0.467556178569793701E+00    0.762865137204504684E+01    0.970147548014218053E+01   -0.573495426506045236E+00
    0.178370484956020788E-02    0.281301593780517578E+02    0.862079293981408767E+01    0.788996708207221165E+01    0.707312285900115967E+00    0.748490816161212802E+01    0.837596816173681091E+01   -0.103036158966653102E+01
    0.187449973530481092E-02    0.280308609008789062E+02    0.858842022389122306E+01    0.765302656343463816E+01    0.715017616748809814E+00    0.730575244615210195E+01    0.800820950982429913E+01   -0.671291831720240983E+00
    0.193459304512615332E-02    0.279677505493164062E+02    0.966796814705489815E+01    0.719677602231237490E+01    0.193456232547760010E+01    0.853340733633444337E+01    0.827495174786234955E+01   -0.129998265329689078E+01
    0.264057831411273602E-02    0.273455486297607422E+02    0.960076002354039026E+01    0.771776596648003554E+01    0.110143840312957764E+01    0.867364060996618669E+01    0.858129387707428748E+01   -0.784835673421429680E+00
    0.251370280091757882E-02    0.274440307617187500E+02    0.960648685842889627E+01    0.731698890717887007E+01    0.286360287666320801E+01    0.756757581144343039E+01    0.853936279445886903E+01   -0.763655580615577589E+00
    0.203443781841260900E-02    0.278671054840087891E+02    0.806427819069822505E+01    0.573788582380388501E+01    0.628937125205993652E+00    0.680806546591899142E+01    0.836879075459207300E+01   -0.116101242960569206E+01
    0.225561428091146723E-02    0.276606998443603516E+02    0.820647951696384581E+01    0.627540942074427388E+01    0.627105355262756348E+00    0.678499637225040519E+01    0.855373353020415728E+01   -0.161987814545959852E+01
    0.196125037879972715E-02    0.279403800964355469E+02    0.812094706208090855E+01    0.604587265373256955E+01    0.579337596893310547E+00    0.667681360365019216E+01    0.971639903372184577E+01   -0.168326700919682537E+01
    0.176683562924179432E-02    0.281491641998291016E+02    0.820669454425042666E+01    0.644325128361874100E+01    0.587077021598815918E+00    0.707347163238328314E+01    0.101527059996111912E+02   -0.142424276697203922E+01
    0.180819510182452740E-02    0.281028861999511719E+02    0.828242897402907552E+01    0.598078497286720800E+01    0.732110798358917236E+00    0.663774249251478210E+01    0.964980587002799339E+01   -0.149128970840559716E+01
    0.209060920515415300E-02    0.278126335144042969E+02    0.808374409821840700E+01    0.573522341555889614E+01    0.617527127265930176E+00    0.662946568018799542E+01    0.956007366650666413E+01   -0.168120272006320337E+01
    0.198913038698743383E-02    0.279121494293212891E+02    0.806707664012518499E+01    0.618217713817260694E+01    0.574001133441925049E+00    0.690037766254483387E+01    0.902852194258840868E+01   -0.142230981734866635E+01
    0.179125483778961583E-02    0.281217117309570312E+02    0.838224791054766882E+01    0.795980990090559359E+01    0.494879424571990967E+00    0.730839902608154723E+01    0.823503051072350445E+01   -0.162036523867020121E+01
    0.186486583776664517E-02    0.280411663055419922E+02    0.819642740825142724E+01    0.579565500195458227E+01    0.719720661640167236E+00    0.684112999595402993E+01    0.757792276934505260E+01   -0.121417724427401685E+01
    0.199825868168231145E-02    0.279029922485351562E+02    0.805325224542566254E+01    0.585414041063001900E+01    0.575120270252227783E+00    0.698029970625380081E+01    0.773759132165293195E+01   -0.125007991993842982E+01
    0.182919724878441415E-02    0.280797901153564453E+02    0.829728948023491064E+01    0.544032067536103892E+01    0.836187779903411865E+00    0.702757873919625453E+01    0.772583701603634498E+01   -0.158009793860854142E+01
    0.178919243133422311E-02    0.281240158081054688E+02    0.799832456950396864E+01    0.577457434376694767E+01    0.540395498275756836E+00    0.672279320414064774E+01    0.723319857043340164E+01   -0.172297621546089363E+01
    0.188470277645526796E-02    0.280200042724609375E+02    0.832197619177573955E+01    0.607497725753595486E+01    0.695388436317443848E+00    0.714496100764767927E+01    0.784157634016592286E+01   -0.182612221639676831E+01
    0.191367793703082632E-02    0.279894905090332031E+02    0.826820963770803807E+01    0.544517983549686058E+01    0.759514629840850830E+00    0.691846478369802931E+01    0.710786394162935053E+01   -0.191225781725296651E+01
    0.212089032307781304E-02    0.277838726043701172E+02    0.926163573102148874E+01    0.781200771766047986E+01    0.183422207832336426E+01    0.793382279744726304E+01    0.864001414379623967E+01   -0.122090555394846767E+01
    0.227491667250495850E-02    0.276436576843261719E+02    0.965585190298421026E+01    0.734724772022177763E+01    0.250435662269592285E+01    0.826775806154996395E+01    0.833098936765168219E+01   -0.146042273458408012E+01
    0.185424137625511665E-02    0.280525932312011719E+02    0.952536285633441260E+01    0.756135649435467982E+01    0.170744514465332031E+01    0.845329531593679384E+01    0.843929944894868278E+01   -0.165123549350485321E+01
    0.189788762134171702E-02    0.280060615539550781E+02    0.931310283302414099E+01    0.734674754949625353E+01    0.189514482021331787E+01    0.816453021393435030E+01    0.862032867785732115E+01   -0.134698343716789415E+01
    0.296553723566219361E-02    0.271134281158447266E+02    0.946327837716265208E+01    0.781017823999070071E+01    0.228890299797058105E+01    0.733733128911202126E+01    0.785509559900810750E+01   -0.115649520562327135E+01
    0.237147965588616842E-02    0.275605163574218750E+02    0.926009693955366764E+01    0.821122190056755308E+01    0.173137497901916504E+01    0.735848423283069586E+01    0.817819408137937032E+01   -0.117184934591504764E+01
    0.234283648784970036E-02    0.275848197937011719E+02    0.915152109362470689E+01    0.756934901351329259E+01    0.179885983467102051E+01    0.759132658011047212E+01    0.853037416717244668E+01   -0.127954528560362779E+01
    0.187324521638685803E-02    0.280321998596191406E+02    0.900664643680971366E+01    0.782480528691047361E+01    0.134680342674255371E+01    0.792443253748707921E+01    0.858311249720863145E+01   -0.133613922106407323E+01
    0.182172707284971994E-02    0.280879745483398438E+02    0.894799023936601223E+01    0.766822539044144680E+01    0.118657636642456055E+01    0.797869705014291242E+01    0.840769707692248147E+01   -0.131705805354036776E+01
    0.177093151489436489E-02    0.281445331573486328E+02    0.896110233917805843E+01    0.754881092692217237E+01    0.120777404308319092E+01    0.793552388700841682E+01    0.827326840404193220E+01   -0.115997463686234625E+01
    0.232926901989218438E-02    0.275964355468750000E+02    0.887807837239020614E+01    0.785371953891199936E+01    0.121729135513305664E+01    0.739971515100929711E+01    0.749473610944683077E+01   -0.133770198058988532E+01
    0.198299932273490048E-02    0.279183235168457031E+02    0.885982869643531856E+01    0.766912188113533411E+01    0.116111564636230469E+01    0.772829608908297150E+01    0.889715006504951589E+01   -0.133884033888260934E+01
    0.267126385911275587E-02    0.273224411010742188E+02    0.933589793451663397E+01    0.775240589241161704E+01    0.206629896163940430E+01    0.747041267020629451E+01    0.908559424154905138E+01   -0.171768870279860231E+01
    0.220952210257896377E-02    0.277019920349121094E+02    0.925462683324987267E+01    0.757832918295421809E+01    0.199468696117401123E+01    0.750824158698617872E+01    0.812620369056918967E+01   -0.194786149345680171E+01
    0.219576109890078780E-02    0.277144870758056641E+02    0.912467020150028674E+01    0.792202603026176444E+01    0.155074369907379150E+01    0.740828940665601898E+01    0.903976205905370200E+01   -0.177915072057830193E+01
    0.230411339273814018E-02    0.276181526184082031E+02    0.903883390115124641E+01    0.749038832042193548E+01    0.131040835380554199E+01    0.735494225407292124E+01    0.793469961635995968E+01   -0.211350761084007788E+01
    0.184402385543021817E-02    0.280636444091796875E+02    0.903726163794961224E+01    0.816029720132169878E+01    0.137876093387603760E+01    0.759205154948567973E+01    0.893922850787960677E+01   -0.175227180115291303E+01
    0.176720130898883163E-02    0.281487503051757812E+02    0.928997978001056524E+01    0.780610899141989201E+01    0.178647255897521973E+01    0.731464143533329114E+01    0.964528082787799335E+01   -0.177312468739071161E+01
    0.179494851211395995E-02    0.281175918579101562E+02    0.902663887580714430E+01    0.837968018840441431E+01    0.122691178321838379E+01    0.737077164682938246E+01    0.743632357040583347E+01   -0.176643594293503647E+01
    0.241027731628818418E-02    0.275280609130859375E+02    0.940914510547921168E+01    0.754123022267871512E+01    0.234278941154479980E+01    0.745816046053795212E+01    0.783085909978324235E+01   -0.173884974187997510E+01
    0.219675389869470163E-02    0.277135829925537109E+02    0.924873118734962674E+01    0.773614533444252750E+01    0.193208765983581543E+01    0.742954718060666330E+01    0.785163288484961974E+01   -0.193232170652702551E+01
    0.228965190482156855E-02    0.276307449340820312E+02    0.930403590920638912E+01    0.757534909841502113E+01    0.201172113418579102E+01    0.735680322835362865E+01    0.933054819248623879E+01   -0.151982421627062481E+01
    0.202290515110667467E-02    0.278784751892089844E+02    0.894626360874060111E+01    0.813381344095103920E+01    0.125068628787994385E+01    0.758474642262178822E+01    0.811540101091336474E+01   -0.126303091803838297E+01
    0.216985065869388510E-02    0.277382278442382812E+02    0.938473247967431234E+01    0.754391304953453457E+01    0.231593561172485352E+01    0.750470937971258945E+01    0.965282518107466103E+01   -0.198774265562605978E+01
    0.226986944535262358E-02    0.276480998992919922E+02    0.947158016984896634E+01    0.754175986374026319E+01    0.199922001361846924E+01    0.828635749594588411E+01    0.881057515836109317E+01   -0.137749420382618126E+01
    0.182696744662145518E-02    0.280822296142578125E+02    0.895973399152890160E+01    0.766556322367759169E+01    0.125872528553009033E+01    0.752110917727909722E+01    0.835972790950479272E+01   -0.176005222207225032E+00
    0.202519446806439076E-02    0.278762130737304688E+02    0.908655105457401469E+01    0.795122777905073796E+01    0.136393713951110840E+01    0.760018708375308005E+01    0.827039985854564996E+01   -0.296973522078743501E+00
    0.235054631967319743E-02    0.275782489776611328E+02    0.891601398800303180E+01    0.784809071802584945E+01    0.116737377643585205E+01    0.754487547385822044E+01    0.752701823304109574E+01   -0.810965857235859566E+00
    0.204312313890909862E-02    0.278585853576660156E+02    0.883204285708571391E+01    0.753861020453278652E+01    0.110118448734283447E+01    0.757921743920400015E+01    0.865223676235311956E+01   -0.747961616212007074E+00
    0.228746063750217155E-02    0.276326599121093750E+02    0.881313548179280204E+01    0.756468334627177441E+01    0.102338218688964844E+01    0.740623705309917924E+01    0.857211584041760766E+01   -0.102334481166952607E+01
    0.287555570714690149E-02    0.271750526428222656E+02    0.918011842250771437E+01    0.761896392341380668E+01    0.168716752529144287E+01    0.754172521853345756E+01    0.848454954580142662E+01   -0.673170809923087310E+00
    0.189213342815520861E-02    0.280121345520019531E+02    0.937843118420968480E+01    0.710958475418971503E+01    0.238079047203063965E+01    0.765144168376479872E+01    0.799332347756673123E+01   -0.460178799878372402E+00
    0.181669229889086774E-02    0.280935096740722656E+02    0.925348596397256173E+01    0.809350338895634813E+01    0.156356990337371826E+01    0.739922059201976801E+01    0.805137459762154251E+01   -0.393904329319256785E+00
    0.211446605897156782E-02    0.277899398803710938E+02    0.967104771899221483E+01    0.713619315401868803E+01    0.299952769279479980E+01    0.775307929921392880E+01    0.748254977236505958E+01   -0.662608096340491892E+00
    0.197795830034441355E-02    0.279234142303466797E+02    0.944542297920133045E+01    0.710175443659065841E+01    0.265025544166564941E+01    0.754643837847627719E+01    0.741172661553901779E+01   -0.590068781467987025E+00
    0.192536811127151479E-02    0.279773101806640625E+02    0.927680036775494443E+01    0.751204296626172052E+01    0.128873419761657715E+01    0.806745091038076723E+01    0.784026899266895860E+01   -0.382419918647999069E+00
    0.207202274763205845E-02    0.278304939270019531E+02    0.914349414856870801E+01    0.767982971027567185E+01    0.144372189044952393E+01    0.785127735977311492E+01    0.770170588720531413E+01   -0.450727577283862590E+00
    0.269594542797232028E-02    0.273040466308593750E+02    0.942935440827308646E+01    0.757425726570935787E+01    0.220903897285461426E+01    0.750438345332727685E+01    0.769311102207270725E+01   -0.397317243432022016E+00
    0.221860574519538740E-02    0.276937866210937500E+02    0.905520054835715982E+01    0.741188316620128873E+01    0.141132569313049316E+01    0.763829369766378186E+01    0.789222637034646457E+01   -0.453280508919477798E+00
    0.190916814621805517E-02    0.279942092895507812E+02    0.916257449476684194E+01    0.789458150122989810E+01    0.130463957786560059E+01    0.781439850858481488E+01    0.732483870817235783E+01   -0.819655810576693566E+00
    0.177023751634146809E-02    0.281453170776367188E+02    0.919888736256785755E+01    0.804587733224506252E+01    0.112588787078857422E+01    0.818692148373586903E+01    0.803184726626533063E+01   -0.109368277395022173E+01
    0.176801045473361077E-02    0.281478347778320312E+02    0.930574042541979729E+01    0.758331548594659122E+01    0.914387643337249756E+00    0.829765009554523836E+01    0.779272973688886772E+01   -0.106939148991565403E+01
    0.186147381828565342E-02    0.280448074340820312E+02    0.887270861291026236E+01    0.794513058227760816E+01    0.955162286758422852E+00    0.762403463755232735E+01    0.804160729732069157E+01   -0.757938547102340099E+00
    0.179019602113357924E-02    0.281228942871093750E+02    0.967937371602707231E+01    0.617195954830078630E+01    0.281508898735046387E+01    0.819012209217208031E+01    0.854942915994116248E+01    0.207331714294350711E+00
    0.176161820705600554E-02    0.281550788879394531E+02    0.958823004720801819E+01    0.540879899227144811E+01    0.373320245742797852E+01    0.785800463445224118E+01    0.924467700802232528E+01   -0.776202918821317978E+00
    0.182375219210994003E-02    0.280857524871826172E+02    0.971152760896697842E+01    0.737750510572338758E+01    0.289547395706176758E+01    0.813624196912335407E+01    0.100032824400471849E+02   -0.985617821645894399E+00
    0.180938189843578355E-02    0.281015739440917969E+02    0.987904947030753178E+01    0.694728398461121799E+01    0.310431098937988281E+01    0.825647698251999707E+01    0.103627634211123105E+02   -0.826516642069346164E+00
    0.177234061103868088E-02    0.281429424285888672E+02    0.980650261018982228E+01    0.741070061027995752E+01    0.301081299781799316E+01    0.787977432501982555E+01    0.950776364396135953E+01   -0.555084751827160661E+00
    0.182421315574635579E-02    0.280852470397949219E+02    0.962017661146841618E+01    0.795461674658655138E+01    0.228369927406311035E+01    0.799122491862148543E+01    0.950787992705384788E+01   -0.628487981548524033E+00
    0.177037595661887030E-02    0.281451606750488281E+02    0.971499931859685617E+01    0.675064865567282268E+01    0.275054240226745605E+01    0.829378023028326439E+01    0.951008804878810743E+01   -0.851562072720510876E+00
    0.199949013541297124E-02    0.279017601013183594E+02    0.940089804088293590E+01    0.777058339523456532E+01    0.176857900619506836E+01    0.803917391307542140E+01    0.100589389282339337E+02   -0.772520762699404395E+00
    0.210640332332849480E-02    0.277975807189941406E+02    0.931823755814896515E+01    0.731316048790117268E+01    0.194272589683532715E+01    0.744422353390563440E+01    0.931696446898066810E+01   -0.820106638168005997E+00
    0.187454621509964940E-02    0.280308113098144531E+02    0.933518517129312109E+01    0.813978835915889043E+01    0.173744332790374756E+01    0.794969237503404624E+01    0.101121878286913223E+02   -0.770243550955558520E+00
    0.195982939429450520E-02    0.279418296813964844E+02    0.902870998678664449E+01    0.725444203202803095E+01    0.143518447875976562E+01    0.774174237163378010E+01    0.939045637794421495E+01   -0.686592792209891556E+00
    0.232132345532387509E-02    0.276032695770263672E+02    0.932143003393520608E+01    0.792910627295142323E+01    0.184902048110961914E+01    0.767613419391310714E+01    0.990879015548541986E+01   -0.745831031696231106E+00
    0.269487608167858460E-02    0.273048400878906250E+02    0.938994853700403276E+01    0.771379075452481988E+01    0.217205190658569336E+01    0.754344353775319831E+01    0.952026131107203533E+01   -0.701331940877737203E+00
    0.184978521162204048E-02    0.280574054718017578E+02    0.958454646246437392E+01    0.523981510742460266E+01    0.378329920768737793E+01    0.791242469559526107E+01    0.817672618865358025E+01   -0.290484236579668487E+00
    0.202518674257532632E-02    0.278762207031250000E+02    0.949629374363874668E+01    0.717228732483290354E+01    0.253549647331237793E+01    0.757482463355283642E+01    0.914562780324726177E+01   -0.125128615792217790E+00
    0.200337436827176252E-02    0.278978786468505859E+02    0.970894900480070433E+01    0.717949643217354083E+01    0.236741304397583008E+01    0.825467794041153802E+01    0.944479210756510135E+01    0.568056767038704891E-01
    0.216067813322758442E-02    0.277467002868652344E+02    0.955655273856077514E+01    0.742231749821664444E+01    0.189950954914093018E+01    0.825833707811536577E+01    0.917708069520151071E+01   -0.334439630714448599E+00
    0.188608367963673446E-02    0.280185394287109375E+02    0.929388751863062978E+01    0.759513134209320384E+01    0.954885005950927734E+00    0.831581269367416276E+01    0.811984002386129866E+01    0.778612048992628480E-01
    0.202354574448574938E-02    0.278778419494628906E+02    0.924886305067162695E+01    0.767367213222099487E+01    0.160448074340820312E+01    0.783680285999709092E+01    0.892962945331064617E+01    0.826353491195885859E-01
    0.182252642195780885E-02    0.280870971679687500E+02    0.879374804002011423E+01    0.750882438173434785E+01    0.952915191650390625E+00    0.770481710882131043E+01    0.905655296737224447E+01   -0.300464131418756830E+00
    0.214276800509345796E-02    0.277633476257324219E+02    0.978753543467266773E+01    0.776278747057984653E+01    0.163597452640533447E+01    0.855562325253895217E+01    0.866395958968343827E+01    0.558542036763935990E-01
    0.196044253496447654E-02    0.279412040710449219E+02    0.916450882042963144E+01    0.761279108904834345E+01    0.148192894458770752E+01    0.795047333665249578E+01    0.881593207231652976E+01   -0.292546429117290119E+00
    0.209716297764337214E-02    0.278063735961914062E+02    0.963127084675634038E+01    0.758765359612788526E+01    0.260225510597229004E+01    0.775962961811398166E+01    0.909968041212651357E+01   -0.176340144794404630E+00
    0.184398340811545137E-02    0.280636882781982422E+02    0.930776631920697106E+01    0.785353304047859702E+01    0.166011118888854980E+01    0.753575031590409949E+01    0.877618525340306199E+01    0.169370984437269279E+00
    0.201971870784697612E-02    0.278816280364990234E+02    0.938455741872521187E+01    0.721423525782864150E+01    0.188162398338317871E+01    0.809946911871420028E+01    0.905196117035387005E+01   -0.337353205910298604E+00
    0.204986426483116978E-02    0.278519973754882812E+02    0.931891206645860137E+01    0.732440268449230381E+01    0.178535401821136475E+01    0.799353949543302367E+01    0.835090105552931483E+01   -0.149951503909172335E+00
    0.179521899630645390E-02    0.281172904968261719E+02    0.983659779211989260E+01    0.779107480769449534E+01    0.180341458320617676E+01    0.868210202602668346E+01    0.904228973807359537E+01   -0.303038978919429880E+00
    0.186038768853563304E-02    0.280459747314453125E+02    0.950883101570887312E+01    0.708370276349166961E+01    0.160508918762207031E+01    0.828618131275500325E+01    0.797986729086428248E+01   -0.356901901871212068E+00
    0.232869597847052551E-02    0.275969276428222656E+02    0.945836914847349419E+01    0.771143909293885876E+01    0.190833520889282227E+01    0.809349927497424915E+01    0.101821519596379932E+02   -0.281359317471030268E+00
    0.194329684774735166E-02    0.279587726593017578E+02    0.953400320572572291E+01    0.739913088905185123E+01    0.209387946128845215E+01    0.816947998038975953E+01    0.104582813057635473E+02    0.113769333105175896E-01
    0.199522522552813370E-02    0.279060306549072266E+02    0.970419931856285167E+01    0.763090244633164883E+01    0.166687619686126709E+01    0.855232454460054647E+01    0.101907997009807936E+02   -0.229222907236798168E+00
    0.184962115828104503E-02    0.280575828552246094E+02    0.942373852716143290E+01    0.788281968982243697E+01    0.189516186714172363E+01    0.789218908203066150E+01    0.968829412897696329E+01   -0.190151453241484081E+00
    0.247598733647950986E-02    0.274742660522460938E+02    0.952912745401923544E+01    0.758307311390790861E+01    0.166918933391571045E+01    0.836675025940388473E+01    0.981021360597935832E+01   -0.562216201281343864E+00
    0.218598490930976440E-02    0.277234115600585938E+02    0.937157642859621554E+01    0.730715981728448050E+01    0.155096375942230225E+01    0.831886297718532397E+01    0.100138129899763761E+02   -0.443117328312371273E+00
    0.176539555360874035E-02    0.281507949829101562E+02    0.954365782383609051E+01    0.722046897706190904E+01    0.183915376663208008E+01    0.832682248552499793E+01    0.102132912931989956E+02   -0.162507403622123903E+00
    0.208980786712883396E-02    0.278134002685546875E+02    0.973462507375382557E+01    0.753157140531015123E+01    0.209729647636413574E+01    0.837858828904359498E+01    0.958621855099531572E+01   -0.240070968044062472E+00
    0.234517920790059623E-02    0.275828208923339844E+02    0.943920116445978152E+01    0.787209751995174933E+01    0.213141083717346191E+01    0.770827222056551076E+01    0.973491693733789631E+01   -0.371765052523062023E+00
    0.234730488099416535E-02    0.275810089111328125E+02    0.972616424285267911E+01    0.764462493566422996E+01    0.252514266967773438E+01    0.814595381824204701E+01    0.966795611099132124E+01   -0.430808815036998416E+00
    0.182191471461946235E-02    0.280877685546875000E+02    0.899184996232056122E+01    0.806832220985744542E+01    0.108248209953308105E+01    0.785101792490640094E+01    0.997275553038461382E+01   -0.534432804291621988E+00
    0.209967649585686813E-02    0.278039779663085938E+02    0.931440079348122829E+01    0.749375767044713470E+01    0.154837930202484131E+01    0.809893165667127768E+01    0.100858789225614967E+02   -0.313101923897511680E+00
    0.175830498687323377E-02    0.281588439941406250E+02    0.900918124784328000E+01    0.747170028618264048E+01    0.136922144889831543E+01    0.771140492938771871E+01    0.100790191673009240E+02   -0.159261311230298741E+00
    0.183948698652726264E-02    0.280685710906982422E+02    0.919779183609086814E+01    0.776618792884116438E+01    0.102172732353210449E+01    0.831695872391788349E+01    0.998678843615886791E+01   -0.149969879754282776E+00
    0.229192614262391280E-02    0.276287593841552734E+02    0.944388018277429531E+01    0.739869320614854953E+01    0.127653312683105469E+01    0.852271231353900127E+01    0.104781495458400418E+02   -0.425720414767897903E+00
    0.228347198785671182E-02    0.276361503601074219E+02    0.922623943898781462E+01    0.773682491752418144E+01    0.150949704647064209E+01    0.792680162601548854E+01    0.980931458579344095E+01   -0.290047887833606799E+00
    0.200487854865427162E-02    0.278963775634765625E+02    0.924815884467217764E+01    0.751348773864030584E+01    0.947572112083435059E+00    0.853723539617416449E+01    0.932121096954535489E+01   -0.741823205981472222E+00
    0.180593578777430265E-02    0.281053867340087891E+02    0.920263716100844498E+01    0.753017002375370748E+01    0.895399451255798340E+00    0.836168748349018465E+01    0.985699701052187649E+01    0.186763910538929601E+00
    0.205016925237022423E-02    0.278516998291015625E+02    0.907370763261288360E+01    0.764154334062873186E+01    0.105815196037292480E+01    0.819277378234863463E+01    0.101546999618616667E+02   -0.984815038393938025E+00
    0.225176061593111839E-02    0.276641197204589844E+02    0.909155170242850907E+01    0.762674209664994862E+01    0.121224820613861084E+01    0.799791810922217561E+01    0.101474918064018880E+02   -0.347387338600878559E+00
    0.238940708551238197E-02    0.275454540252685547E+02    0.903703853136028279E+01    0.757069896716557889E+01    0.123936116695404053E+01    0.787973584963078721E+01    0.102413830005583417E+02   -0.662614986460863697E+00
    0.191244096969208342E-02    0.279907836914062500E+02    0.918005475615488464E+01    0.765219421501602426E+01    0.155981290340423584E+01    0.762641586322801679E+01    0.963946749996901886E+01    0.104579132475776770E+00
    0.232452458206701624E-02    0.276005134582519531E+02    0.913641525652288777E+01    0.756443935529530442E+01    0.157148921489715576E+01    0.754077082097064455E+01    0.900199343724049506E+01   -0.161649301306618920E+00
    0.234259966370360066E-02    0.275850219726562500E+02    0.965401609275485839E+01    0.741649998402722410E+01    0.189200091361999512E+01    0.845532503347628506E+01    0.956830481841568492E+01   -0.111966883253944438E+00
    0.223189043956673831E-02    0.276818466186523438E+02    0.943829805146856593E+01    0.750525761151455129E+01    0.146136641502380371E+01    0.841541594727950226E+01    0.992100363208743730E+01   -0.182441973145130998E+00
    0.229398604528737154E-02    0.276269626617431641E+02    0.922593916504735745E+01    0.765753862234492821E+01    0.146353936195373535E+01    0.814956192056536466E+01    0.869662128539312285E+01   -0.104686297946712159E+01
    0.222951204853490906E-02    0.276839790344238281E+02    0.933019215933428292E+01    0.752961261556959105E+01    0.223162817955017090E+01    0.789452466057682845E+01    0.884161799837980311E+01   -0.121681739643459697E+01
    0.202895641538858610E-02    0.278725013732910156E+02    0.970148874695659735E+01    0.748650368210380535E+01    0.194786143302917480E+01    0.856279836278020490E+01    0.888094524861302759E+01   -0.115906359869341635E+01
    0.249554953824608714E-02    0.274585266113281250E+02    0.957492505294502472E+01    0.756441568890910609E+01    0.260638570785522461E+01    0.796272810617553084E+01    0.963856353974597724E+01   -0.109769929724588233E+01
    0.221007846403651308E-02    0.277014884948730469E+02    0.950623227575343677E+01    0.768184113317622419E+01    0.159668648242950439E+01    0.859324369286537504E+01    0.102373465229466820E+02   -0.110358870278930921E+01
    0.191354288990926527E-02    0.279896316528320312E+02    0.941413642222870095E+01    0.803250026680992768E+01    0.191989207267761230E+01    0.815574283204657213E+01    0.956569667110436583E+01   -0.114396776997947769E+01
    0.252816371932454995E-02    0.274325580596923828E+02    0.979092908614300939E+01    0.751336616078997910E+01    0.218774938583374023E+01    0.869696283723986774E+01    0.103461581993922884E+02   -0.151780874251786946E+01
    0.214359987217040008E-02    0.277625713348388672E+02    0.901716980875227136E+01    0.751036938484354621E+01    0.130061054229736328E+01    0.796459224594367310E+01    0.101534283257050966E+02   -0.102943004897681822E+01
    0.180862626052752298E-02    0.281024093627929688E+02    0.949859844317615476E+01    0.805052127396577966E+01    0.235090470314025879E+01    0.735487730104880733E+01    0.931262254321409344E+01   -0.128701284230531154E+01
    0.181334466862612467E-02    0.280971984863281250E+02    0.964721940976671632E+01    0.798175440368963862E+01    0.277183747291564941E+01    0.752072335596009545E+01    0.980753644455030837E+01   -0.173453664901676952E+01
    0.189036406200187483E-02    0.280140056610107422E+02    0.901168500523610305E+01    0.822893582330373263E+01    0.123033750057220459E+01    0.747519663149356273E+01    0.999883923386643580E+01   -0.128114894352463482E+01
    0.218852557072371674E-02    0.277210884094238281E+02    0.934775141227805584E+01    0.767405265548061521E+01    0.186230349540710449E+01    0.734839820674529332E+01    0.915423424607531011E+01   -0.883842408612622865E+00
    0.259792489464399576E-02    0.273781185150146484E+02    0.903621939598493995E+01    0.750547587327669063E+01    0.142416274547576904E+01    0.743981791117194646E+01    0.966311922830272962E+01   -0.891481120215113165E+00
    0.190035802230807335E-02    0.280034599304199219E+02    0.936011010147049305E+01    0.826357843361103939E+01    0.195714747905731201E+01    0.754574780366978981E+01    0.944051555036266876E+01   -0.109288121275723338E+01
    0.248774840900201685E-02    0.274647884368896484E+02    0.901688538157584674E+01    0.793647802998389906E+01    0.131534945964813232E+01    0.755561805390283858E+01    0.957818190780344736E+01   -0.966359346705333966E+00
    0.201874238389257400E-02    0.278825950622558594E+02    0.932729382317222999E+01    0.728198132835787160E+01    0.218570613861083984E+01    0.796859174973701823E+01    0.944541905939399307E+01   -0.108331262498735059E+01


    0.497290034076167189E-01    0.290125846862792969E+02    0.846691650237546689E+01    0.211509332776378578E+01    0.109981131553649902E+01    0.848669252088173742E+01    0.726037443096673840E+01   -0.204129864955891716E+01
    0.469390562338129549E-01    0.290104141235351562E+02    0.867322342997480789E+01    0.193564556083487838E+01    0.120060288906097412E+01    0.898760861761709862E+01    0.768252656012385149E+01   -0.145573696023410237E+01
    0.446343936399601904E-01    0.289934577941894531E+02    0.884286199852828503E+01    0.183166397322704189E+01    0.912174940109252930E+00    0.924078236366647410E+01    0.730678407931289708E+01   -0.117630746626167282E+01
    0.426329046797327069E-01    0.289675674438476562E+02    0.831462110018043887E+01    0.194559698691914185E+01    0.343409419059753418E+00    0.871755401095104432E+01    0.747389933268762263E+01   -0.975165271910392928E+00
    0.403808890969002757E-01    0.289584598541259766E+02    0.835910391732460845E+01    0.183948456953800821E+01    0.866445362567901611E+00    0.864114178617815121E+01    0.705866120389645246E+01   -0.876590872795786957E+00
    0.382729363719877883E-01    0.289480400085449219E+02    0.856705819781245914E+01    0.199299132677174007E+01    0.177463197708129883E+01    0.900932578434411013E+01    0.854265983523420047E+01   -0.159566711801140393E+01
    0.361137562114247704E-01    0.289465312957763672E+02    0.895704890172525126E+01    0.197180209605147416E+01    0.116251564025878906E+01    0.925679338600997959E+01    0.787520169166760020E+01   -0.193961202416828815E+01
    0.345191612163460934E-01    0.289192028045654297E+02    0.859001597442968645E+01    0.179173966707888876E+01    0.260804355144500732E+00    0.907960463656088201E+01    0.771615637511778907E+01   -0.141402552556247674E+00
    0.325839614879883457E-01    0.289169445037841797E+02    0.872454015391659432E+01    0.213980529373956596E+01    0.150106206536293030E+00    0.907735672662314741E+01    0.809767084971049300E+01   -0.609938641249866187E+00
    0.309050896476785013E-01    0.289050960540771484E+02    0.883645984118816585E+01    0.178561754892708002E+01    0.399581730365753174E+00    0.933797114137299289E+01    0.771464061441176341E+01   -0.723303249653387326E+00
    0.293202416174821213E-01    0.288927345275878906E+02    0.835582047988466670E+01    0.195444741324027738E+01    0.659987688064575195E+00    0.889623555618158512E+01    0.827693505920962203E+01    0.534498972052550592E-01
    0.279751703375495063E-01    0.288690090179443359E+02    0.879641618559523586E+01    0.202463601914976588E+01    0.488993257284164429E+00    0.924053775538893696E+01    0.829137752594842503E+01   -0.757667692436956308E+00
    0.269269977880599864E-01    0.288277378082275391E+02    0.828304471617599702E+01    0.209296732498469673E+01    0.710354924201965332E+00    0.855793570905312606E+01    0.765300992719737128E+01   -0.740847928583066029E+00
    0.254083870669122615E-01    0.288261909484863281E+02    0.851572526211539937E+01    0.173471482561652879E+01    0.718857526779174805E+00    0.894907182583122029E+01    0.739627685376956645E+01   -0.707112190119840944E+00
    0.249829744616049156E-01    0.287423133850097656E+02    0.876793477198880389E+01    0.208170808477489100E+01    0.603020071983337402E+00    0.917208431032070592E+01    0.822707140540101101E+01   -0.165761919677334379E+01
    0.238388084317611125E-01    0.287184257507324219E+02    0.867365001666652446E+01    0.195751563247825855E+01    0.124401368200778961E+00    0.904073234159341510E+01    0.732576756415102981E+01   -0.497174991625668694E+00
    0.228106493845754293E-01    0.286889533996582031E+02    0.864097577521755156E+01    0.189070372169678791E+01    0.602841615676879883E+00    0.905580064145891939E+01    0.759354796308325319E+01   -0.972208900704594203E+00
    0.216528463393389908E-01    0.286754875183105469E+02    0.861397301573606811E+01    0.215941226884458626E+01    0.480493366718292236E+00    0.905809117415785536E+01    0.837431339136123221E+01   -0.229057434544223337E+00
    0.205168550169089990E-01    0.286656208038330078E+02    0.851776887496386159E+01    0.194551959329057134E+01    0.145316317677497864E+00    0.898613780451355915E+01    0.744362524566631834E+01   -0.111999843143195310E+01
    0.196353222143921743E-01    0.286358070373535156E+02    0.852945289714491039E+01    0.197975758531297452E+01    0.305982232093811035E+00    0.890803028847858336E+01    0.700518350205746820E+01   -0.103031412029041647E+01
    0.209352736368832171E-01    0.285064430236816406E+02    0.735093885039576289E+01    0.251404533486116044E+01    0.115390360355377197E+01    0.697406553406463825E+01    0.948424902703959560E+01   -0.565553643727677802E+00
    0.199298427892893419E-01    0.286048774719238281E+02    0.868251004032946128E+01    0.219209932282742281E+01    0.924757272005081177E-01    0.900254282589803800E+01    0.720734853408078457E+01   -0.181283615049497748E+01
    0.210544859576435456E-01    0.284950866699218750E+02    0.858474409584563780E+01    0.213368892249777398E+01    0.364662200212478638E+00    0.885858622047993727E+01    0.768308037658679233E+01   -0.173065958202977965E+01
    0.203398313705671976E-01    0.285641517639160156E+02    0.844937961467423548E+01    0.214906228451625347E+01    0.307276070117950439E+00    0.861410488681860897E+01    0.702987877380187864E+01   -0.190638925479731514E+01
    0.223827146469406553E-01    0.283727359771728516E+02    0.844555071386512068E+01    0.211415040723078995E+01    0.854425966739654541E+00    0.859508199097789038E+01    0.720363688408846059E+01   -0.125914438929986416E+01
    0.217455649799720083E-01    0.284304943084716797E+02    0.852883400595267283E+01    0.202741543226943755E+01    0.922808885574340820E+00    0.874610435734262026E+01    0.712717298583129732E+01   -0.113019189902170414E+01
    0.224648542914095244E-01    0.283654098510742188E+02    0.858461712425945400E+01    0.213249961686643941E+01    0.169647131115198135E-01    0.900441572149300207E+01    0.776316914336182951E+01   -0.190870146974792942E+01
    0.196879247853862550E-01    0.286293029785156250E+02    0.872973563370026184E+01    0.195558428286581809E+01    0.899277687072753906E+00    0.902022267768368735E+01    0.705009084998688262E+01   -0.105336086250689731E+01
    0.198197199328801268E-01    0.286159591674804688E+02    0.861862325465590118E+01    0.210853202741723234E+01    0.106205701828002930E+01    0.886266403349587151E+01    0.797958201231017927E+01   -0.115964143453996482E+01
    0.243556659585734483E-01    0.282037849426269531E+02    0.847407243500793506E+01    0.196439943508013326E+01    0.161635041236877441E+00    0.879683474479394434E+01    0.735897080014561311E+01   -0.491654412885993874E+00
    0.213278557398624453E-01    0.284692859649658203E+02    0.853973277453620305E+01    0.205509970747898496E+01    0.121048819273710251E-01    0.891381413112251764E+01    0.722856718243908958E+01   -0.100336768569388224E+01
    0.222919871777384447E-01    0.283808593750000000E+02    0.829010737504960105E+01    0.195293496744192940E+01    0.292720288038253784E+00    0.859449560045576355E+01    0.757188359238979558E+01   -0.541656503160394820E-01
    0.196675447480342373E-01    0.286313743591308594E+02    0.829786767264748271E+01    0.208028678135424760E+01    0.368858069181442261E+00    0.855389460185051753E+01    0.723274028486548204E+01   -0.774579157085830250E+00
    0.196585812165946637E-01    0.286322860717773438E+02    0.861806031169132147E+01    0.190126785994654712E+01    0.184722647070884705E+00    0.911927996421970022E+01    0.815749206976740560E+01   -0.555030847906699432E+00
    0.207187578536792080E-01    0.285272350311279297E+02    0.840262361534459501E+01    0.213953074868910287E+01    0.165814369916915894E+00    0.878081692030340477E+01    0.794864834580334190E+01   -0.343283335990771210E+00
    0.219415267967943070E-01    0.284125518798828125E+02    0.866708032026167707E+01    0.200010850410089969E+01    0.236174110323190689E-01    0.900962990946457865E+01    0.767588140252912865E+01   -0.114164841741685841E+00
    0.218984634657174611E-01    0.284164810180664062E+02    0.859754477049731491E+01    0.199566103428200159E+01    0.497467815876007080E-02    0.908023681544701589E+01    0.828153702349116294E+01    0.137732775331559143E+00
