 F
        1224        4790           3         150
   -0.171279922386861365E+02   -0.143527096342658282E+02
 T
   2
    0.200000000000000000E+01    0.300000000000000000E+01    0.873333333333333295E+00    0.126666666666666677E+00
   0
   0
 T T     0           0
    0.000000000000000000E+00   -0.340282346638528860E+39    0.000000000000000000E+00
 T F     1         131
    0.696648680482818547E-03   -0.172485339705735896E+02   -0.143209609203233192E+02
 T F     1          19
    0.912748830769411824E-04   -0.193034170116647523E+02   -0.146005377092820279E+02
