 F
        1491        7677           3         150
   -0.185178997951974900E+02   -0.133331105504270386E+02
 T
   2
    0.200000000000000000E+01    0.300000000000000000E+01    0.100000000000000006E+00    0.900000000000000022E+00
   0
   0
 T T     0           0
    0.000000000000000000E+00   -0.340282346638528860E+39    0.000000000000000000E+00
 T F     1          15
    0.226371447848118119E-04   -0.220976194098405010E+02   -0.152493396657363700E+02
 T F     1         135
    0.112643066549812670E-03   -0.185461794366614754E+02   -0.132781467629860970E+02
