 F
        1332        5962           3         150
   -0.155287370064865105E+02   -0.118694087111273916E+02
 T
   2
    0.200000000000000000E+01    0.300000000000000000E+01    0.113333333333333328E+00    0.886666666666666714E+00
   0
   0
 T T     0           0
    0.000000000000000000E+00   -0.340282346638528860E+39    0.000000000000000000E+00
 T F     1          17
    0.892832676620259854E-04   -0.179397566976074252E+02   -0.123111992253065985E+02
 T F     1         133
    0.309970621899370938E-03   -0.156227441687178352E+02   -0.118258624742195213E+02
