 F
        1150        4730           3         150
   -0.225758399596025399E+02   -0.182771178318212186E+02
 T
   2
    0.200000000000000000E+01    0.300000000000000000E+01    0.866666666666666696E+00    0.133333333333333331E+00
   0
   0
 T T     0           0
    0.000000000000000000E+00   -0.340282346638528860E+39    0.000000000000000000E+00
 F F     1         130
    0.144964848369974171E-02   -0.226123278479044352E+02   -0.182017635279065857E+02
 T F     1          20
    0.317303680223357263E-04   -0.259048033315918111E+02   -0.203048565639536420E+02
