 F
        1364        7628           3         150
   -0.170285841160373934E+02   -0.129798580532289378E+02
 T
   2
    0.200000000000000000E+01    0.300000000000000000E+01    0.153333333333333321E+00    0.846666666666666679E+00
   0
   0
 T T     0           0
    0.000000000000000000E+00   -0.340282346638528860E+39    0.000000000000000000E+00
 T F     1          23
    0.608192111351720102E-04   -0.189112334113944058E+02   -0.129892843529283279E+02
 T F     1         127
    0.250693970445927576E-03   -0.171936785764549214E+02   -0.129781659897326840E+02
