 F
        1150        6664           3         150
   -0.160024404742692781E+02   -0.124258993294651425E+02
 T
   2
    0.200000000000000000E+01    0.300000000000000000E+01    0.273333333333333317E+00    0.726666666666666683E+00
   0
   0
 T T     0           0
    0.000000000000000000E+00   -0.340282346638528860E+39    0.000000000000000000E+00
 T F     1          41
    0.136035907318406802E-03   -0.171624637196551113E+02   -0.122538563005343484E+02
 F F     1         109
    0.134084454298834060E-02   -0.163785587839568088E+02   -0.125044575237053692E+02
