    0.171018705562073037E-98    0.501042053222656250E+03    0.808486254298734686E+01    0.941884442697076940E+00    0.152625977993011475E+01    0.760003803484340867E+01    0.906960237047522355E+01   -0.140095308058414680E+01
    0.297062978079728812E-98    0.499924377441406250E+03    0.899446330035388186E+01    0.175767892657595382E+01    0.427367120981216431E+00    0.863405591759015678E+01    0.941021165658413850E+01   -0.534378515326956460E-01
    0.512739403867271179E-98    0.498819396972656250E+03    0.898742084471479963E+01    0.294409917398493803E+01    0.736707270145416260E+00    0.774464899155379882E+01    0.994732030129152989E+01   -0.137082191988756108E+01
    0.922380544336144301E-98    0.497631683349609375E+03    0.879147736183732320E+01    0.104469779478956681E+01    0.452945291996002197E+00    0.830671904441859610E+01    0.741976179823061699E+01   -0.110362654985876962E+01
    0.152353771731581813E-97    0.496614685058593750E+03    0.948984215573382528E+01    0.157026605944071074E+01    0.339185094833374023E+01    0.828244200139538478E+01    0.960644616904050608E+01   -0.173774569915819277E+01
    0.535472446787619737E-97    0.494087463378906250E+03    0.935379246562426481E+01    0.448728826038124851E+01    0.695755854249000549E-01    0.811862121660590397E+01    0.811003637308863112E+01    0.119472394197656762E+00
    0.834995020881604517E-97    0.493185577392578125E+03    0.935900871484630947E+01    0.345824275994393870E+01    0.272760242223739624E+00    0.847094450357849738E+01    0.931477600207763956E+01   -0.633258571256486658E+00
    0.205283814899604450E-96    0.491373138427734375E+03    0.868633881630902671E+01    0.336104591581850665E+01    0.472657799720764160E+00    0.677576095284180902E+01    0.854912154299556803E+01   -0.207226481794373862E+01
    0.507022030155412594E-96    0.489551483154296875E+03    0.931387856895379151E+01    0.300349414506756052E+01    0.428839534521102905E+00    0.825065775834688964E+01    0.815760065942735046E+01   -0.562872264583872850E+00
    0.555048643978383009E-96    0.489357147216796875E+03    0.849549058347112407E+01    0.441004974723100351E+00    0.425619423389434814E+00    0.962229087174792852E+01    0.896150103368792905E+01   -0.179285751047892683E+01
    0.885033213808910377E-96    0.488410675048828125E+03    0.914100286565004438E+01    0.291459341503017422E+01    0.862643897533416748E+00    0.763859371214521410E+01    0.104841542558655458E+02   -0.213057398539184462E+01
    0.889162962709436003E-96    0.488388031005859375E+03    0.780849815129174996E+01    0.966195456328861724E+00    0.550607204437255859E+00    0.776463974786088862E+01    0.100758788819714962E+02   -0.539704871198600555E+00
    0.119662905807287077E-95    0.487780731201171875E+03    0.899551874138690799E+01    0.843343643293876899E+00    0.658978819847106934E+00    0.936831314572040696E+01    0.874342597554050549E+01   -0.924236735724115022E+00
    0.124236399621806382E-95    0.487692382812500000E+03    0.901126922457796553E+01    0.256050611964030983E+01    0.741071224212646484E+00    0.782665833073244421E+01    0.757334787992978598E+01   -0.564727036651777814E+00
    0.203998680701798986E-95    0.486687194824218750E+03    0.918651250574025902E+01    0.470169887301271494E+01    0.203621834516525269E+00    0.777783728218162018E+01    0.895898208436578614E+01    0.232842687667186077E+00
    0.216553547888743526E-95    0.486554412841796875E+03    0.835869347223526660E+01    0.152207912824004632E+01    0.781070768833160400E+00    0.775018672971274203E+01    0.858457241107867119E+01   -0.714908048588188905E+00
    0.243459470096843624E-95    0.486306854248046875E+03    0.878853505804181800E+01    0.430350411972830127E+01    0.802232623100280762E-01    0.766520007520691227E+01    0.103893531277506419E+02   -0.250655375218722387E+00
    0.268496274177155552E-95    0.486097747802734375E+03    0.879893172738219675E+01    0.340375892581236039E+01    0.388103008270263672E+00    0.727655257695810498E+01    0.701432912346193582E+01   -0.134194041461352098E+01
    0.270103345829360813E-95    0.486072479248046875E+03    0.845686900617847925E+01    0.260804801275823861E+01    0.648491263389587402E+00    0.679554102910043767E+01    0.940754894938424613E+01   -0.135992408524408237E+01
    0.592938967810140747E-95    0.484486572265625000E+03    0.965604516624519960E+01    0.420081009230279268E+01    0.948586583137512207E+00    0.819550314032346172E+01    0.103489316063892414E+02   -0.137830535745820670E+01
    0.599316181594808681E-95    0.484451843261718750E+03    0.100616347038498350E+02    0.484766921974153053E+01    0.759784698486328125E+00    0.866276640305625101E+01    0.965485393587808538E+01   -0.176926242448000703E+01
    0.632966309331391224E-95    0.484329254150390625E+03    0.914255393955085793E+01    0.306219092685131056E+01    0.475922644138336182E+00    0.813459423471011789E+01    0.890459383811183969E+01   -0.100377420062023970E+01
    0.659951711500946990E-95    0.484232421875000000E+03    0.914797485885107164E+01    0.405466307894653166E+01    0.608869671821594238E+00    0.743799709485670046E+01    0.711906027483741966E+01   -0.483361875148138109E+00
    0.986211636414339317E-95    0.483415679931640625E+03    0.876077773590931308E+01    0.479553686544318314E+01    0.173477396368980408E+00    0.737104522321592626E+01    0.950037249525073690E+01   -0.121960163705947089E+00
    0.105468329887477079E-94    0.483268096923828125E+03    0.855736990942614995E+01    0.304330068848820279E+01    0.271239399909973145E+00    0.747286079962644934E+01    0.782031430809909445E+01   -0.665546590624667145E+00
    0.118842240915003660E-94    0.483015991210937500E+03    0.957559701502665916E+01    0.411633491131177554E+01    0.775099098682403564E+00    0.798257409546365526E+01    0.103559803453578336E+02   -0.294933494921193917E+00
    0.239698574270202204E-94    0.481599487304687500E+03    0.855425894632780270E+01    0.306708138479902370E+01    0.409442365169525146E+00    0.709580691525326657E+01    0.806003449917039916E+01   -0.104185345421700326E+01
    0.557588870082858364E-94    0.479897674560546875E+03    0.850776836588179641E+01    0.952680682916041577E+00    0.505976438522338867E+00    0.877345684522614278E+01    0.903467100734888717E+01   -0.149267086524615999E+01
    0.841651882101154482E-94    0.479060852050781250E+03    0.766987942155671121E+01    0.890152102703374304E+00    0.121390390396118164E+01    0.738112406261831921E+01    0.888891125660586212E+01   -0.659557801848662306E+00
    0.130232526035340689E-93    0.478174438476562500E+03    0.895546062971841472E+01    0.183532729330898703E+01    0.435951888561248779E+00    0.863399041381292598E+01    0.964907453088726719E+01   -0.667966534374817122E+00
    0.144246884582925099E-93    0.477956695556640625E+03    0.970276962337104010E+01    0.450961720318663417E+01    0.613661527633666992E+00    0.811064575044694180E+01    0.812802146611384302E+01    0.111646073464121809E+00
    0.443932817823736466E-93    0.475695068359375000E+03    0.921921166112979584E+01    0.284945987214862040E+01    0.395005434751510620E+00    0.839860024823722107E+01    0.911814397706794111E+01    0.828010986522231818E-02
    0.636915235221630560E-93    0.474959808349609375E+03    0.950524245551118696E+01    0.436799086135646863E+01    0.615727782249450684E+00    0.817295348764077900E+01    0.900422530532513221E+01   -0.115497232610464429E+01
    0.653594017804085096E-93    0.474894775390625000E+03    0.895167950097338583E+01    0.288942423620569633E+01    0.485749185085296631E+00    0.779903259963980489E+01    0.102076199446737874E+02    0.211243463957129229E-01
    0.123142328949816280E-92    0.473614562988281250E+03    0.915055193616096574E+01    0.385929806963312627E+01    0.429284691810607910E+00    0.746755062389864399E+01    0.722206307620971444E+01   -0.215431573474776394E+01
    0.159696594104983922E-92    0.473081359863281250E+03    0.909700214296670140E+01    0.424425378933877795E+01    0.178134307265281677E+00    0.802023882540868271E+01    0.100428114331959772E+02   -0.664453859731062746E+00
    0.669451630291787949E-92    0.470201660156250000E+03    0.884284021607609461E+01    0.443479543507084895E+01    0.314789116382598877E+00    0.706151014326194115E+01    0.881719609780713576E+01    0.121544092471483012E+00
    0.210266543065976073E-91    0.467899322509765625E+03    0.744155609048674016E+01    0.101455274399366746E+01    0.569439470767974854E+00    0.702911637796843269E+01    0.809809989492970494E+01   -0.966801190575079072E+00
    0.316733469592139895E-91    0.467066619873046875E+03    0.904011095088073091E+01    0.422871718826148957E+01    0.503879427909851074E+00    0.711951582934761618E+01    0.729824343482722071E+01   -0.165189067684927116E+01
    0.708659505311854706E-91    0.465442657470703125E+03    0.956295663957389586E+01    0.487129370569249254E+01    0.500000953674316406E+00    0.811392945143395572E+01    0.868696261176119755E+01   -0.111654518941212189E+01
    0.101593058582311475E-90    0.464708953857421875E+03    0.102842733021618642E+02    0.449487364923599930E+01    0.125144934654235840E+01    0.869811080605481735E+01    0.980948711417256369E+01   -0.148128362740612918E+01
    0.112023557037327028E-90    0.464500152587890625E+03    0.945339216499676915E+01    0.344996102643432101E+01    0.825030207633972168E+00    0.813134868504653063E+01    0.102223122564727511E+02   -0.182131896670404636E+01
    0.153113593400295270E-90    0.463861877441406250E+03    0.883065200522497484E+01    0.361084526422734875E+01    0.245606139302253723E+00    0.763982292523494788E+01    0.945298244708946100E+01   -0.808719545278163476E+00
    0.160981809459807542E-90    0.463748321533203125E+03    0.977197718968175622E+01    0.421138803851749444E+01    0.878038465976715088E+00    0.840131443134663947E+01    0.938453530781843170E+01   -0.126905548711722749E+01
    0.337811644967436819E-90    0.462252593994140625E+03    0.812725550584479706E+01    0.128147834105169123E+01    0.988231539726257324E+00    0.750686758525059972E+01    0.880574640766352168E+01   -0.133861283166870848E+01
    0.851127691873999222E-90    0.460391113281250000E+03    0.794982753897316474E+01    0.737344298470713033E+00    0.427887707948684692E+00    0.843399830369404491E+01    0.982552417021105740E+01   -0.199971932397998486E+00
    0.102228043334065836E-89    0.460011322021484375E+03    0.993612152338027954E+01    0.482595026493072510E+01    0.133129179477691650E+01    0.783662934411329815E+01    0.741572296619415283E+01   -0.192159071201011233E+01
    0.118822241031567653E-89    0.459697143554687500E+03    0.899143729765198430E+01    0.336402914374463080E+01    0.576495826244354248E+00    0.756303692112823178E+01    0.888465697022211209E+01   -0.110225758808548391E+01
    0.139593178225135672E-89    0.459361602783203125E+03    0.891146290255085560E+01    0.359448051249446543E+01    0.596936404705047607E+00    0.724833278885843857E+01    0.103961579364965662E+02    0.134147204858834357E+00
    0.652494185568557797E-89    0.456264129638671875E+03    0.794152620062045589E+01    0.919380373884473578E+00    0.504772186279296875E+00    0.783778252294652589E+01    0.756730187521385034E+01   -0.547138189092978733E+00
    0.698776447849215878E-89    0.456113739013671875E+03    0.975116932151431115E+01    0.396952540427841605E+01    0.899120628833770752E+00    0.821942153978107015E+01    0.973951554003736852E+01    0.225944550641732356E-01
    0.796107247227187401E-89    0.455839599609375000E+03    0.883800032985170603E+01    0.430802151054769400E+01    0.252851426601409912E+00    0.754237200183748335E+01    0.805153414487209851E+01   -0.114427021145203289E+01
    0.257473636018904597E-88    0.453478729248046875E+03    0.919636997358973574E+01    0.462263519437895276E+01    0.190882608294487000E+00    0.793087046495651826E+01    0.103177017039767982E+02   -0.194793648338893943E+01
    0.836505389738015571E-88    0.451108764648437500E+03    0.889165580008569378E+01    0.583652918478384408E+00    0.932631134986877441E+00    0.987049813808551058E+01    0.996610804129147354E+01   -0.627662007000277633E+00
    0.235066317992688514E-87    0.449028991699218750E+03    0.848825023288114622E+01    0.436781880819556267E+01    0.599556975066661835E-01    0.689183205599720328E+01    0.100354768645727113E+02   -0.200533108048659248E+01
    0.285058499352849367E-87    0.448630004882812500E+03    0.755043517649593365E+01    0.137371450113528537E+01    0.532601296901702881E+00    0.685747800513026284E+01    0.733862857491482856E+01   -0.968361016887880899E+00
    0.352828886198926910E-87    0.448190093994140625E+03    0.906431523423387375E+01    0.336613262143974268E+01    0.670231521129608154E+00    0.755551668718919522E+01    0.773518075347757694E+01   -0.190631283441445776E+01
    0.877776576539569963E-87    0.446353942871093750E+03    0.103476146172169372E+02    0.413126510080852505E+01    0.138406288623809814E+01    0.884684026212626939E+01    0.991008645454643755E+01   -0.168436349982752165E+01
    0.104141717273466766E-86    0.445998718261718750E+03    0.886786329202703705E+01    0.392193677561590137E+01    0.217021614313125610E+00    0.748946299401107662E+01    0.812027847251517976E+01   -0.216478293255717569E+01
    0.354475096905921539E-86    0.443535614013671875E+03    0.894429289590540577E+01    0.466355049338577032E+01    0.259137362241744995E+00    0.761974408323111252E+01    0.856840688124589711E+01   -0.116389672747896156E+01
    0.521361021756100104E-86    0.442750671386718750E+03    0.838457394970443914E+01    0.960462973808994480E+00    0.969117641448974609E+00    0.833674278451040252E+01    0.975545873419583920E+01   -0.147270397481750681E+01
    0.671867063629332993E-86    0.442230102539062500E+03    0.892844179939913829E+01    0.380527066605832509E+01    0.358477741479873657E+00    0.769722590337480561E+01    0.895109596621344039E+01   -0.417213239875567687E+00
    0.237929088011129050E-85    0.439687774658203125E+03    0.900249161539038489E+01    0.352410664800542195E+01    0.653094887733459473E+00    0.729604270939407673E+01    0.702283018004694526E+01   -0.287365394739241609E+00
    0.436958613114622308E-85    0.438458709716796875E+03    0.901421795773148204E+01    0.115747502962519788E+01    0.699820220470428467E+00    0.893757134486063443E+01    0.870836360367607298E+01   -0.142803926897684441E+01
    0.592432824932570637E-85    0.437836578369140625E+03    0.884077598112211405E+01    0.415385873569426067E+01    0.215277314186096191E+00    0.737712715450161838E+01    0.736757190890807578E+01   -0.204877184696832559E+01
    0.635831050905755760E-85    0.437681854248046875E+03    0.909743561546983237E+01    0.352837634533419120E+01    0.304539114236831665E+00    0.795875481657596762E+01    0.950409793262248392E+01   -0.422713859304475692E+00
    0.704812024360093448E-85    0.437462524414062500E+03    0.881272486531745791E+01    0.327573414665280138E+01    0.540071308612823486E+00    0.734093430106663547E+01    0.942288950756871735E+01   -0.178560304640684420E+01
    0.964262292669434928E-85    0.436822326660156250E+03    0.966284136126292026E+01    0.351053626505125482E+01    0.977180123329162598E+00    0.837728571753228479E+01    0.103363455015415049E+02   -0.124638878671882192E+01
    0.143863527687809594E-84    0.436008819580078125E+03    0.925875121355056763E+01    0.411734104156494141E+01    0.144568875432014465E+00    0.814666973732246547E+01    0.829277178645133972E+01   -0.850398090320108047E+00
    0.337178396054008482E-84    0.434291992187500000E+03    0.960204244246643412E+01    0.425747780573171752E+01    0.760074138641357422E+00    0.801799017868375508E+01    0.997852630902449356E+01   -0.107142577481087087E+01
    0.659680850165488974E-84    0.432936370849609375E+03    0.784461340422747710E+01    0.946334019328200271E+00    0.651150166988372803E+00    0.781736979011432442E+01    0.911443324016975431E+01   -0.234966171895597098E+00
    0.845588926218090619E-84    0.432426483154296875E+03    0.900798432525987991E+01    0.341641744747638665E+01    0.492249250411987305E+00    0.782686090426214509E+01    0.989791094390120918E+01   -0.741227728828016241E+00
    0.100858566231101538E-83    0.432060607910156250E+03    0.883607515067117255E+01    0.109425423747954587E+01    0.222857284545898438E+01    0.854631253706756411E+01    0.915385759034340651E+01   -0.120126360485648442E+01
    0.194546756904069686E-83    0.430733367919921875E+03    0.970823817063176975E+01    0.448356397765295078E+01    0.523631334304809570E+00    0.833167161402275624E+01    0.104833165575200908E+02   -0.308643699237488800E+00
    0.365558571682388607E-83    0.429458526611328125E+03    0.850671803737776422E+01    0.460955714798312488E+00    0.173774957656860352E+01    0.961228003718577284E+01    0.941047653497418679E+01   -0.760901380975815833E+00
    0.466673374846010924E-83    0.428956787109375000E+03    0.868290757675011271E+01    0.359928597633214187E+01    0.336557835340499878E+00    0.737709723352500468E+01    0.919805074365236131E+01   -0.130006193105994283E+01
    0.154520506618216175E-82    0.426548889160156250E+03    0.884164244931245236E+01    0.137205999241415544E+01    0.498393952846527100E+00    0.827080220675620481E+01    0.761258603948982238E+01   -0.958496322019300129E+00
    0.225630520695626137E-82    0.425778411865234375E+03    0.888503356722686277E+01    0.456757834674656493E+01    0.355761229991912842E+00    0.715924213346019478E+01    0.801637882182932238E+01   -0.910318094136858935E+00
    0.453497529090531730E-82    0.424368896484375000E+03    0.102419368549496745E+02    0.387004030959104828E+01    0.135536229610443115E+01    0.878122548438504502E+01    0.956337213674517628E+01   -0.155999056692445937E+01
    0.199805986053948018E-81    0.421389678955078125E+03    0.950678611408558716E+01    0.439112429704527329E+01    0.939535737037658691E+00    0.769608789435870921E+01    0.964288813004086798E+01   -0.201853602065956750E+01
    0.300306522435450759E-81    0.420561431884765625E+03    0.946080955196486961E+01    0.381807598579082264E+01    0.392908364534378052E+00    0.815293628833424044E+01    0.785470189668235630E+01   -0.717818558738982038E+00
    0.369327498691712603E-81    0.420134338378906250E+03    0.853183982847814271E+01    0.342037955714797004E+01    0.292339533567428589E+00    0.716365441088170307E+01    0.747774944299426991E+01   -0.745358250826906987E+00
    0.724688720583452348E-81    0.418772888183593750E+03    0.977843349134792561E+01    0.480548757052071895E+01    0.107006442546844482E+01    0.791170707093376002E+01    0.844845703852290342E+01   -0.200521301305261712E+01
    0.894285439671124231E-81    0.418338989257812500E+03    0.780893249751121488E+01    0.126990657993957390E+01    0.736189126968383789E+00    0.732234048252727110E+01    0.828107796942143182E+01   -0.589299888187227783E+00
    0.178644340646684602E-80    0.416941741943359375E+03    0.868187790254588521E+01    0.291092899170849773E+01    0.475123465061187744E+00    0.748379219368942028E+01    0.984620290860829606E+01   -0.749200239740868135E+00
    0.248239270303982230E-80    0.416270416259765625E+03    0.918193847656521278E+01    0.320266748219629438E+01    0.549078583717346191E+00    0.781854880927091678E+01    0.775583570186860705E+01   -0.693175460105122099E-01
    0.323237327791307350E-80    0.415729095458984375E+03    0.894793750917398611E+01    0.840102229536181633E+00    0.101384377479553223E+01    0.882598743619691462E+01    0.781740776518715119E+01   -0.465123557960608114E+00
    0.326853446881281639E-80    0.415693511962890625E+03    0.910027276762891901E+01    0.338653197732534306E+01    0.588850378990173340E+00    0.789009950801337023E+01    0.102121762959376721E+02   -0.116945157616290940E+01
    0.541353449603490009E-79    0.410065887451171875E+03    0.887395298185463233E+01    0.266965061820842520E+01    0.741247057914733887E+00    0.764513255114435886E+01    0.772565245274496881E+01   -0.918548791366914141E+00
    0.187606673663569425E-78    0.407566833496093750E+03    0.922278880395748502E+01    0.301414582318670909E+01    0.724851310253143311E+00    0.762398811469513316E+01    0.700767220279170822E+01   -0.267898154806032629E+00
    0.598273208680855594E-78    0.405234100341796875E+03    0.899276253125312763E+01    0.432817093137327902E+01    0.313858658075332642E+00    0.749597923966287638E+01    0.949420659462407990E+01   -0.125235677861228512E+01
    0.768363222664249732E-78    0.404720336914062500E+03    0.908890896376490076E+01    0.421063014582153361E+01    0.254962891340255737E+00    0.791250962499247734E+01    0.103215277554569020E+02   -0.383415111135065878E-01
    0.171018705562073037E-98    0.501042053222656250E+03    0.808486254298734686E+01    0.941884442697076940E+00    0.152625977993011475E+01    0.760003803484340867E+01    0.906960237047522355E+01   -0.140095308058414680E+01
    0.297062978079728812E-98    0.499924377441406250E+03    0.899446330035388186E+01    0.175767892657595382E+01    0.427367120981216431E+00    0.863405591759015678E+01    0.941021165658413850E+01   -0.534378515326956460E-01
    0.512739403867271179E-98    0.498819396972656250E+03    0.898742084471479963E+01    0.294409917398493803E+01    0.736707270145416260E+00    0.774464899155379882E+01    0.994732030129152989E+01   -0.137082191988756108E+01
    0.922380544336144301E-98    0.497631683349609375E+03    0.879147736183732320E+01    0.104469779478956681E+01    0.452945291996002197E+00    0.830671904441859610E+01    0.741976179823061699E+01   -0.110362654985876962E+01
    0.152353771731581813E-97    0.496614685058593750E+03    0.948984215573382528E+01    0.157026605944071074E+01    0.339185094833374023E+01    0.828244200139538478E+01    0.960644616904050608E+01   -0.173774569915819277E+01
    0.535472446787619737E-97    0.494087463378906250E+03    0.935379246562426481E+01    0.448728826038124851E+01    0.695755854249000549E-01    0.811862121660590397E+01    0.811003637308863112E+01    0.119472394197656762E+00
    0.834995020881604517E-97    0.493185577392578125E+03    0.935900871484630947E+01    0.345824275994393870E+01    0.272760242223739624E+00    0.847094450357849738E+01    0.931477600207763956E+01   -0.633258571256486658E+00
    0.205283814899604450E-96    0.491373138427734375E+03    0.868633881630902671E+01    0.336104591581850665E+01    0.472657799720764160E+00    0.677576095284180902E+01    0.854912154299556803E+01   -0.207226481794373862E+01
    0.507022030155412594E-96    0.489551483154296875E+03    0.931387856895379151E+01    0.300349414506756052E+01    0.428839534521102905E+00    0.825065775834688964E+01    0.815760065942735046E+01   -0.562872264583872850E+00
    0.555048643978383009E-96    0.489357147216796875E+03    0.849549058347112407E+01    0.441004974723100351E+00    0.425619423389434814E+00    0.962229087174792852E+01    0.896150103368792905E+01   -0.179285751047892683E+01
    0.885033213808910377E-96    0.488410675048828125E+03    0.914100286565004438E+01    0.291459341503017422E+01    0.862643897533416748E+00    0.763859371214521410E+01    0.104841542558655458E+02   -0.213057398539184462E+01
    0.889162962709436003E-96    0.488388031005859375E+03    0.780849815129174996E+01    0.966195456328861724E+00    0.550607204437255859E+00    0.776463974786088862E+01    0.100758788819714962E+02   -0.539704871198600555E+00
    0.119662905807287077E-95    0.487780731201171875E+03    0.899551874138690799E+01    0.843343643293876899E+00    0.658978819847106934E+00    0.936831314572040696E+01    0.874342597554050549E+01   -0.924236735724115022E+00
    0.124236399621806382E-95    0.487692382812500000E+03    0.901126922457796553E+01    0.256050611964030983E+01    0.741071224212646484E+00    0.782665833073244421E+01    0.757334787992978598E+01   -0.564727036651777814E+00
    0.203998680701798986E-95    0.486687194824218750E+03    0.918651250574025902E+01    0.470169887301271494E+01    0.203621834516525269E+00    0.777783728218162018E+01    0.895898208436578614E+01    0.232842687667186077E+00
    0.216553547888743526E-95    0.486554412841796875E+03    0.835869347223526660E+01    0.152207912824004632E+01    0.781070768833160400E+00    0.775018672971274203E+01    0.858457241107867119E+01   -0.714908048588188905E+00
    0.243459470096843624E-95    0.486306854248046875E+03    0.878853505804181800E+01    0.430350411972830127E+01    0.802232623100280762E-01    0.766520007520691227E+01    0.103893531277506419E+02   -0.250655375218722387E+00
    0.268496274177155552E-95    0.486097747802734375E+03    0.879893172738219675E+01    0.340375892581236039E+01    0.388103008270263672E+00    0.727655257695810498E+01    0.701432912346193582E+01   -0.134194041461352098E+01
    0.270103345829360813E-95    0.486072479248046875E+03    0.845686900617847925E+01    0.260804801275823861E+01    0.648491263389587402E+00    0.679554102910043767E+01    0.940754894938424613E+01   -0.135992408524408237E+01
    0.592938967810140747E-95    0.484486572265625000E+03    0.965604516624519960E+01    0.420081009230279268E+01    0.948586583137512207E+00    0.819550314032346172E+01    0.103489316063892414E+02   -0.137830535745820670E+01
    0.599316181594808681E-95    0.484451843261718750E+03    0.100616347038498350E+02    0.484766921974153053E+01    0.759784698486328125E+00    0.866276640305625101E+01    0.965485393587808538E+01   -0.176926242448000703E+01
    0.632966309331391224E-95    0.484329254150390625E+03    0.914255393955085793E+01    0.306219092685131056E+01    0.475922644138336182E+00    0.813459423471011789E+01    0.890459383811183969E+01   -0.100377420062023970E+01
    0.659951711500946990E-95    0.484232421875000000E+03    0.914797485885107164E+01    0.405466307894653166E+01    0.608869671821594238E+00    0.743799709485670046E+01    0.711906027483741966E+01   -0.483361875148138109E+00
    0.986211636414339317E-95    0.483415679931640625E+03    0.876077773590931308E+01    0.479553686544318314E+01    0.173477396368980408E+00    0.737104522321592626E+01    0.950037249525073690E+01   -0.121960163705947089E+00
    0.105468329887477079E-94    0.483268096923828125E+03    0.855736990942614995E+01    0.304330068848820279E+01    0.271239399909973145E+00    0.747286079962644934E+01    0.782031430809909445E+01   -0.665546590624667145E+00
    0.118842240915003660E-94    0.483015991210937500E+03    0.957559701502665916E+01    0.411633491131177554E+01    0.775099098682403564E+00    0.798257409546365526E+01    0.103559803453578336E+02   -0.294933494921193917E+00
    0.239698574270202204E-94    0.481599487304687500E+03    0.855425894632780270E+01    0.306708138479902370E+01    0.409442365169525146E+00    0.709580691525326657E+01    0.806003449917039916E+01   -0.104185345421700326E+01
    0.557588870082858364E-94    0.479897674560546875E+03    0.850776836588179641E+01    0.952680682916041577E+00    0.505976438522338867E+00    0.877345684522614278E+01    0.903467100734888717E+01   -0.149267086524615999E+01
    0.841651882101154482E-94    0.479060852050781250E+03    0.766987942155671121E+01    0.890152102703374304E+00    0.121390390396118164E+01    0.738112406261831921E+01    0.888891125660586212E+01   -0.659557801848662306E+00
    0.130232526035340689E-93    0.478174438476562500E+03    0.895546062971841472E+01    0.183532729330898703E+01    0.435951888561248779E+00    0.863399041381292598E+01    0.964907453088726719E+01   -0.667966534374817122E+00
    0.144246884582925099E-93    0.477956695556640625E+03    0.970276962337104010E+01    0.450961720318663417E+01    0.613661527633666992E+00    0.811064575044694180E+01    0.812802146611384302E+01    0.111646073464121809E+00
    0.443932817823736466E-93    0.475695068359375000E+03    0.921921166112979584E+01    0.284945987214862040E+01    0.395005434751510620E+00    0.839860024823722107E+01    0.911814397706794111E+01    0.828010986522231818E-02
    0.636915235221630560E-93    0.474959808349609375E+03    0.950524245551118696E+01    0.436799086135646863E+01    0.615727782249450684E+00    0.817295348764077900E+01    0.900422530532513221E+01   -0.115497232610464429E+01
    0.653594017804085096E-93    0.474894775390625000E+03    0.895167950097338583E+01    0.288942423620569633E+01    0.485749185085296631E+00    0.779903259963980489E+01    0.102076199446737874E+02    0.211243463957129229E-01
    0.123142328949816280E-92    0.473614562988281250E+03    0.915055193616096574E+01    0.385929806963312627E+01    0.429284691810607910E+00    0.746755062389864399E+01    0.722206307620971444E+01   -0.215431573474776394E+01
    0.159696594104983922E-92    0.473081359863281250E+03    0.909700214296670140E+01    0.424425378933877795E+01    0.178134307265281677E+00    0.802023882540868271E+01    0.100428114331959772E+02   -0.664453859731062746E+00
    0.669451630291787949E-92    0.470201660156250000E+03    0.884284021607609461E+01    0.443479543507084895E+01    0.314789116382598877E+00    0.706151014326194115E+01    0.881719609780713576E+01    0.121544092471483012E+00
    0.210266543065976073E-91    0.467899322509765625E+03    0.744155609048674016E+01    0.101455274399366746E+01    0.569439470767974854E+00    0.702911637796843269E+01    0.809809989492970494E+01   -0.966801190575079072E+00
    0.316733469592139895E-91    0.467066619873046875E+03    0.904011095088073091E+01    0.422871718826148957E+01    0.503879427909851074E+00    0.711951582934761618E+01    0.729824343482722071E+01   -0.165189067684927116E+01
    0.708659505311854706E-91    0.465442657470703125E+03    0.956295663957389586E+01    0.487129370569249254E+01    0.500000953674316406E+00    0.811392945143395572E+01    0.868696261176119755E+01   -0.111654518941212189E+01
    0.101593058582311475E-90    0.464708953857421875E+03    0.102842733021618642E+02    0.449487364923599930E+01    0.125144934654235840E+01    0.869811080605481735E+01    0.980948711417256369E+01   -0.148128362740612918E+01
    0.112023557037327028E-90    0.464500152587890625E+03    0.945339216499676915E+01    0.344996102643432101E+01    0.825030207633972168E+00    0.813134868504653063E+01    0.102223122564727511E+02   -0.182131896670404636E+01
    0.153113593400295270E-90    0.463861877441406250E+03    0.883065200522497484E+01    0.361084526422734875E+01    0.245606139302253723E+00    0.763982292523494788E+01    0.945298244708946100E+01   -0.808719545278163476E+00
    0.160981809459807542E-90    0.463748321533203125E+03    0.977197718968175622E+01    0.421138803851749444E+01    0.878038465976715088E+00    0.840131443134663947E+01    0.938453530781843170E+01   -0.126905548711722749E+01
    0.337811644967436819E-90    0.462252593994140625E+03    0.812725550584479706E+01    0.128147834105169123E+01    0.988231539726257324E+00    0.750686758525059972E+01    0.880574640766352168E+01   -0.133861283166870848E+01
    0.851127691873999222E-90    0.460391113281250000E+03    0.794982753897316474E+01    0.737344298470713033E+00    0.427887707948684692E+00    0.843399830369404491E+01    0.982552417021105740E+01   -0.199971932397998486E+00
    0.102228043334065836E-89    0.460011322021484375E+03    0.993612152338027954E+01    0.482595026493072510E+01    0.133129179477691650E+01    0.783662934411329815E+01    0.741572296619415283E+01   -0.192159071201011233E+01
    0.118822241031567653E-89    0.459697143554687500E+03    0.899143729765198430E+01    0.336402914374463080E+01    0.576495826244354248E+00    0.756303692112823178E+01    0.888465697022211209E+01   -0.110225758808548391E+01
    0.139593178225135672E-89    0.459361602783203125E+03    0.891146290255085560E+01    0.359448051249446543E+01    0.596936404705047607E+00    0.724833278885843857E+01    0.103961579364965662E+02    0.134147204858834357E+00
    0.652494185568557797E-89    0.456264129638671875E+03    0.794152620062045589E+01    0.919380373884473578E+00    0.504772186279296875E+00    0.783778252294652589E+01    0.756730187521385034E+01   -0.547138189092978733E+00
    0.698776447849215878E-89    0.456113739013671875E+03    0.975116932151431115E+01    0.396952540427841605E+01    0.899120628833770752E+00    0.821942153978107015E+01    0.973951554003736852E+01    0.225944550641732356E-01
    0.796107247227187401E-89    0.455839599609375000E+03    0.883800032985170603E+01    0.430802151054769400E+01    0.252851426601409912E+00    0.754237200183748335E+01    0.805153414487209851E+01   -0.114427021145203289E+01
    0.257473636018904597E-88    0.453478729248046875E+03    0.919636997358973574E+01    0.462263519437895276E+01    0.190882608294487000E+00    0.793087046495651826E+01    0.103177017039767982E+02   -0.194793648338893943E+01
    0.836505389738015571E-88    0.451108764648437500E+03    0.889165580008569378E+01    0.583652918478384408E+00    0.932631134986877441E+00    0.987049813808551058E+01    0.996610804129147354E+01   -0.627662007000277633E+00
    0.235066317992688514E-87    0.449028991699218750E+03    0.848825023288114622E+01    0.436781880819556267E+01    0.599556975066661835E-01    0.689183205599720328E+01    0.100354768645727113E+02   -0.200533108048659248E+01
    0.285058499352849367E-87    0.448630004882812500E+03    0.755043517649593365E+01    0.137371450113528537E+01    0.532601296901702881E+00    0.685747800513026284E+01    0.733862857491482856E+01   -0.968361016887880899E+00
    0.352828886198926910E-87    0.448190093994140625E+03    0.906431523423387375E+01    0.336613262143974268E+01    0.670231521129608154E+00    0.755551668718919522E+01    0.773518075347757694E+01   -0.190631283441445776E+01
    0.877776576539569963E-87    0.446353942871093750E+03    0.103476146172169372E+02    0.413126510080852505E+01    0.138406288623809814E+01    0.884684026212626939E+01    0.991008645454643755E+01   -0.168436349982752165E+01
    0.104141717273466766E-86    0.445998718261718750E+03    0.886786329202703705E+01    0.392193677561590137E+01    0.217021614313125610E+00    0.748946299401107662E+01    0.812027847251517976E+01   -0.216478293255717569E+01
    0.354475096905921539E-86    0.443535614013671875E+03    0.894429289590540577E+01    0.466355049338577032E+01    0.259137362241744995E+00    0.761974408323111252E+01    0.856840688124589711E+01   -0.116389672747896156E+01
    0.521361021756100104E-86    0.442750671386718750E+03    0.838457394970443914E+01    0.960462973808994480E+00    0.969117641448974609E+00    0.833674278451040252E+01    0.975545873419583920E+01   -0.147270397481750681E+01
    0.671867063629332993E-86    0.442230102539062500E+03    0.892844179939913829E+01    0.380527066605832509E+01    0.358477741479873657E+00    0.769722590337480561E+01    0.895109596621344039E+01   -0.417213239875567687E+00
    0.237929088011129050E-85    0.439687774658203125E+03    0.900249161539038489E+01    0.352410664800542195E+01    0.653094887733459473E+00    0.729604270939407673E+01    0.702283018004694526E+01   -0.287365394739241609E+00
    0.436958613114622308E-85    0.438458709716796875E+03    0.901421795773148204E+01    0.115747502962519788E+01    0.699820220470428467E+00    0.893757134486063443E+01    0.870836360367607298E+01   -0.142803926897684441E+01
    0.592432824932570637E-85    0.437836578369140625E+03    0.884077598112211405E+01    0.415385873569426067E+01    0.215277314186096191E+00    0.737712715450161838E+01    0.736757190890807578E+01   -0.204877184696832559E+01
    0.635831050905755760E-85    0.437681854248046875E+03    0.909743561546983237E+01    0.352837634533419120E+01    0.304539114236831665E+00    0.795875481657596762E+01    0.950409793262248392E+01   -0.422713859304475692E+00
    0.704812024360093448E-85    0.437462524414062500E+03    0.881272486531745791E+01    0.327573414665280138E+01    0.540071308612823486E+00    0.734093430106663547E+01    0.942288950756871735E+01   -0.178560304640684420E+01
    0.964262292669434928E-85    0.436822326660156250E+03    0.966284136126292026E+01    0.351053626505125482E+01    0.977180123329162598E+00    0.837728571753228479E+01    0.103363455015415049E+02   -0.124638878671882192E+01
    0.143863527687809594E-84    0.436008819580078125E+03    0.925875121355056763E+01    0.411734104156494141E+01    0.144568875432014465E+00    0.814666973732246547E+01    0.829277178645133972E+01   -0.850398090320108047E+00
    0.337178396054008482E-84    0.434291992187500000E+03    0.960204244246643412E+01    0.425747780573171752E+01    0.760074138641357422E+00    0.801799017868375508E+01    0.997852630902449356E+01   -0.107142577481087087E+01
    0.659680850165488974E-84    0.432936370849609375E+03    0.784461340422747710E+01    0.946334019328200271E+00    0.651150166988372803E+00    0.781736979011432442E+01    0.911443324016975431E+01   -0.234966171895597098E+00
    0.845588926218090619E-84    0.432426483154296875E+03    0.900798432525987991E+01    0.341641744747638665E+01    0.492249250411987305E+00    0.782686090426214509E+01    0.989791094390120918E+01   -0.741227728828016241E+00
    0.100858566231101538E-83    0.432060607910156250E+03    0.883607515067117255E+01    0.109425423747954587E+01    0.222857284545898438E+01    0.854631253706756411E+01    0.915385759034340651E+01   -0.120126360485648442E+01
    0.194546756904069686E-83    0.430733367919921875E+03    0.970823817063176975E+01    0.448356397765295078E+01    0.523631334304809570E+00    0.833167161402275624E+01    0.104833165575200908E+02   -0.308643699237488800E+00
    0.365558571682388607E-83    0.429458526611328125E+03    0.850671803737776422E+01    0.460955714798312488E+00    0.173774957656860352E+01    0.961228003718577284E+01    0.941047653497418679E+01   -0.760901380975815833E+00
    0.466673374846010924E-83    0.428956787109375000E+03    0.868290757675011271E+01    0.359928597633214187E+01    0.336557835340499878E+00    0.737709723352500468E+01    0.919805074365236131E+01   -0.130006193105994283E+01
    0.154520506618216175E-82    0.426548889160156250E+03    0.884164244931245236E+01    0.137205999241415544E+01    0.498393952846527100E+00    0.827080220675620481E+01    0.761258603948982238E+01   -0.958496322019300129E+00
    0.225630520695626137E-82    0.425778411865234375E+03    0.888503356722686277E+01    0.456757834674656493E+01    0.355761229991912842E+00    0.715924213346019478E+01    0.801637882182932238E+01   -0.910318094136858935E+00
    0.453497529090531730E-82    0.424368896484375000E+03    0.102419368549496745E+02    0.387004030959104828E+01    0.135536229610443115E+01    0.878122548438504502E+01    0.956337213674517628E+01   -0.155999056692445937E+01
    0.199805986053948018E-81    0.421389678955078125E+03    0.950678611408558716E+01    0.439112429704527329E+01    0.939535737037658691E+00    0.769608789435870921E+01    0.964288813004086798E+01   -0.201853602065956750E+01
    0.300306522435450759E-81    0.420561431884765625E+03    0.946080955196486961E+01    0.381807598579082264E+01    0.392908364534378052E+00    0.815293628833424044E+01    0.785470189668235630E+01   -0.717818558738982038E+00
    0.369327498691712603E-81    0.420134338378906250E+03    0.853183982847814271E+01    0.342037955714797004E+01    0.292339533567428589E+00    0.716365441088170307E+01    0.747774944299426991E+01   -0.745358250826906987E+00
    0.724688720583452348E-81    0.418772888183593750E+03    0.977843349134792561E+01    0.480548757052071895E+01    0.107006442546844482E+01    0.791170707093376002E+01    0.844845703852290342E+01   -0.200521301305261712E+01
    0.894285439671124231E-81    0.418338989257812500E+03    0.780893249751121488E+01    0.126990657993957390E+01    0.736189126968383789E+00    0.732234048252727110E+01    0.828107796942143182E+01   -0.589299888187227783E+00
    0.178644340646684602E-80    0.416941741943359375E+03    0.868187790254588521E+01    0.291092899170849773E+01    0.475123465061187744E+00    0.748379219368942028E+01    0.984620290860829606E+01   -0.749200239740868135E+00
    0.248239270303982230E-80    0.416270416259765625E+03    0.918193847656521278E+01    0.320266748219629438E+01    0.549078583717346191E+00    0.781854880927091678E+01    0.775583570186860705E+01   -0.693175460105122099E-01
    0.323237327791307350E-80    0.415729095458984375E+03    0.894793750917398611E+01    0.840102229536181633E+00    0.101384377479553223E+01    0.882598743619691462E+01    0.781740776518715119E+01   -0.465123557960608114E+00
    0.326853446881281639E-80    0.415693511962890625E+03    0.910027276762891901E+01    0.338653197732534306E+01    0.588850378990173340E+00    0.789009950801337023E+01    0.102121762959376721E+02   -0.116945157616290940E+01
    0.541353449603490009E-79    0.410065887451171875E+03    0.887395298185463233E+01    0.266965061820842520E+01    0.741247057914733887E+00    0.764513255114435886E+01    0.772565245274496881E+01   -0.918548791366914141E+00
    0.187606673663569425E-78    0.407566833496093750E+03    0.922278880395748502E+01    0.301414582318670909E+01    0.724851310253143311E+00    0.762398811469513316E+01    0.700767220279170822E+01   -0.267898154806032629E+00
    0.598273208680855594E-78    0.405234100341796875E+03    0.899276253125312763E+01    0.432817093137327902E+01    0.313858658075332642E+00    0.749597923966287638E+01    0.949420659462407990E+01   -0.125235677861228512E+01
    0.768363222664249732E-78    0.404720336914062500E+03    0.908890896376490076E+01    0.421063014582153361E+01    0.254962891340255737E+00    0.791250962499247734E+01    0.103215277554569020E+02   -0.383415111135065878E-01
    0.223611500134024788E-64    0.342716644287109375E+03    0.957779469116621662E+01    0.394107508068720058E+01    0.742837905883789062E+00    0.812824047300671992E+01    0.986127693290063689E+01   -0.150904880756796334E+01
    0.154756697690552187E-69    0.366478607177734375E+03    0.993367820978164673E+01    0.385835677385330200E+01    0.569329738616943359E+00    0.886442802606582347E+01    0.101713928878307343E+02   -0.188237945482597446E+01
    0.157648831321468458E-48    0.269733001708984375E+03    0.944862903854534864E+01    0.364816210743393121E+01    0.112907040119171143E+01    0.774657047534095966E+01    0.103531924603733714E+02   -0.129477706319654140E+01
    0.254574973647755101E-55    0.301010742187500000E+03    0.979787530148447772E+01    0.411186688194839256E+01    0.801529765129089355E+00    0.846966058981016623E+01    0.100923470812377918E+02   -0.125731942660033269E+01
    0.505863868259525237E-40    0.230559844970703125E+03    0.957065458053435592E+01    0.437449859607673641E+01    0.696468353271484375E+00    0.807214027458513605E+01    0.992344554531214307E+01   -0.135028719039543565E+01
    0.189192910337053057E-23    0.154238952636718750E+03    0.941826259166294122E+01    0.389416293847016526E+01    0.863683342933654785E+00    0.769961443668771750E+01    0.961007629363641236E+01   -0.201511221074121050E+01
    0.870953925300607091E-59    0.316971435546875000E+03    0.958274147762841899E+01    0.401497698187932262E+01    0.795822083950042725E+00    0.822266099624724056E+01    0.102983185969749655E+02   -0.128549804823948843E+01
    0.183944491674960882E-75    0.393764068603515625E+03    0.911846241605087826E+01    0.313643979731254907E+01    0.761613011360168457E+00    0.748640494191452976E+01    0.986076939167775457E+01   -0.195398112309271799E+01
    0.175249965278768186E-39    0.228074783325195312E+03    0.943247968422465277E+01    0.394730559148611793E+01    0.680577576160430908E+00    0.805292939189074986E+01    0.104317223478807133E+02   -0.157304872505775850E+01
    0.129272759384474702E-65    0.348417785644531250E+03    0.973912106664117516E+01    0.459584758544071281E+01    0.567114472389221191E+00    0.836064885995677720E+01    0.944790478813581025E+01   -0.203540613394148417E+01
    0.955421110955784423E-60    0.321391479492187500E+03    0.952475658217323051E+01    0.409227051803674513E+01    0.105058908462524414E+01    0.779889761597239239E+01    0.100426240260578457E+02   -0.189858764076411979E+01
    0.267440141974534140E-34    0.204203567504882812E+03    0.922327499248371829E+01    0.386247243846172861E+01    0.536932706832885742E+00    0.768736823789474411E+01    0.102810684937419552E+02   -0.204836233697624870E+01
    0.771250244883791177E-70    0.367871459960937500E+03    0.993888645840277540E+01    0.388136631179995106E+01    0.108870065212249756E+01    0.854427149106392037E+01    0.943011845141557004E+01   -0.119798300307905037E+01
    0.638282532204095753E-40    0.230094818115234375E+03    0.968579494957393550E+01    0.428879932356892191E+01    0.816353619098663330E+00    0.820170530700506895E+01    0.959956848830301546E+01   -0.184989378232215351E+01
    0.391989676319828124E-41    0.235675079345703125E+03    0.914577651524049884E+01    0.384566435277404484E+01    0.465643584728240967E+00    0.778021831092170224E+01    0.981150279421165195E+01   -0.139314814270788556E+01
    0.115533307303473880E-65    0.348642517089843750E+03    0.927404599131109819E+01    0.423026331676998968E+01    0.716888010501861572E+00    0.762801150937604788E+01    0.932190355754878475E+01   -0.156971573249160845E+01
    0.140038020130369476E-52    0.288390594482421875E+03    0.985046473002830680E+01    0.426860421854809413E+01    0.111836969852447510E+01    0.826483034608669165E+01    0.100229756709452857E+02   -0.148838837451653827E+01
    0.105611954668092573E-59    0.321191070556640625E+03    0.101779175382111919E+02    0.454123409433088554E+01    0.106264245510101318E+01    0.865407640955500312E+01    0.928573527402448562E+01   -0.200551700846076519E+01
    0.476819859824242652E-72    0.378043548583984375E+03    0.941898072768371364E+01    0.434399386730422066E+01    0.339164644479751587E+00    0.817030304064766533E+01    0.977060957725143986E+01   -0.213022131421330441E+01
    0.202597481156878385E-47    0.264626129150390625E+03    0.966435753307554535E+01    0.384492619220702814E+01    0.318876773118972778E+00    0.855427013359053667E+01    0.957252860714301512E+01   -0.150993848599001002E+00
    0.355317995004493397E-59    0.318764587402343750E+03    0.926531371396639258E+01    0.402463216758023634E+01    0.351030260324478149E+00    0.791419003788202780E+01    0.100266701489988073E+02    0.531662137581614402E-01
    0.601517642561615375E-68    0.359158233642578125E+03    0.948233073154768746E+01    0.404337086535483170E+01    0.668829739093780518E+00    0.804898730943703100E+01    0.920270332184603745E+01   -0.175615367005317768E+00
    0.147786036821875736E-53    0.292888061523437500E+03    0.909049045385710563E+01    0.418479066820091106E+01    0.260053724050521851E+00    0.788936323875339074E+01    0.967706122312534767E+01   -0.162689695292031367E+00
    0.232302667088667378E-73    0.384086914062500000E+03    0.938159125374155956E+01    0.331644383107361751E+01    0.694026827812194824E+00    0.821387096142530204E+01    0.100605240990539784E+02   -0.348130925665288693E-01
    0.718069541205684856E-27    0.169992034912109375E+03    0.930779869611554034E+01    0.384383726388632230E+01    0.482025712728500366E+00    0.799654191340118992E+01    0.957217385019021094E+01   -0.257227205081888011E+00
    0.285681504930332954E-51    0.282359497070312500E+03    0.957838844569056391E+01    0.387786221681956267E+01    0.323702514171600342E+00    0.847520010234865140E+01    0.103866619274430452E+02   -0.625384741021037138E+00
    0.116498715184505038E-62    0.334810363769531250E+03    0.962708787715795289E+01    0.369645411485518904E+01    0.385083854198455811E+00    0.861521825914944550E+01    0.967816387126192446E+01   -0.716866872050538673E+00
    0.416405391689358966E-73    0.382919677734375000E+03    0.951876746922776285E+01    0.329930419488755611E+01    0.747844040393829346E+00    0.833634259354136375E+01    0.104835712031000021E+02   -0.291756988408397255E+00
    0.163099044176327988E-73    0.384794281005859375E+03    0.950557499198504452E+01    0.409777716108416623E+01    0.546046793460845947E+00    0.805348335581780894E+01    0.998963366385229534E+01   -0.261600749508708041E-01
    0.154049583192209403E-73    0.384908447265625000E+03    0.877523987086956936E+01    0.301137898588444042E+01    0.572463035583496094E+00    0.729120853053952978E+01    0.991844775536005230E+01   -0.124408439972092300E+01
    0.251777876573884314E-64    0.342479370117187500E+03    0.905245131385196444E+01    0.443136209860824426E+01    0.433572471141815186E+00    0.721973968922538578E+01    0.101198946905397626E+02   -0.173379671349538045E+01
    0.501535990513342204E-58    0.313470092773437500E+03    0.888568634105410382E+01    0.351664463704488517E+01    0.472985923290252686E+00    0.754281125810865483E+01    0.104883685834684925E+02   -0.115901124658969268E+01
    0.129151932404820762E-36    0.214869720458984375E+03    0.926850116690833303E+01    0.384249870843246022E+01    0.584909021854400635E+00    0.781643845464740128E+01    0.913942379273616012E+01   -0.105161798461161071E+01
    0.106465213173119562E-56    0.307359466552734375E+03    0.889609820875446289E+01    0.288016811978037923E+01    0.754091203212738037E+00    0.719605674021787678E+01    0.975190902780139979E+01   -0.171567905956674549E+01
    0.435969915527804986E-50    0.276908935546875000E+03    0.867098762066042461E+01    0.272270886495101072E+01    0.649397671222686768E+00    0.689822250301137530E+01    0.994053996125016148E+01   -0.185420101358888401E+01
    0.186229620663786111E-71    0.375318695068359375E+03    0.883679444928788449E+01    0.447514972525583854E+01    0.207005813717842102E+00    0.755792892049065390E+01    0.965546329322240737E+01   -0.126277900492580453E+01
    0.405915315135668764E-77    0.401391387939453125E+03    0.897326689838643965E+01    0.302020384662275143E+01    0.811528444290161133E+00    0.760658954084414685E+01    0.102177475994393951E+02   -0.113276333939709151E+01
    0.240414250375499953E-70    0.370202758789062500E+03    0.889571984091988277E+01    0.301586700957937204E+01    0.765087246894836426E+00    0.729973742890857924E+01    0.104320208450086973E+02   -0.154541994267928096E+01
    0.915362362670595852E-69    0.362923675537109375E+03    0.893792700939890317E+01    0.290983526906939316E+01    0.488507598638534546E+00    0.790032114693071108E+01    0.104348097532510984E+02   -0.146890979819051637E+00
    0.332049722936685933E-56    0.305084533691406250E+03    0.952154103035815425E+01    0.438615396937508262E+01    0.287710130214691162E+00    0.829468082811972707E+01    0.985141896198663680E+01   -0.457278366763881783E+00
    0.259554162530030482E-57    0.310182342529296875E+03    0.960668562465613363E+01    0.403609163803554871E+01    0.551282048225402832E+00    0.832677654641951648E+01    0.941237412031196286E+01   -0.321401634568939221E+00
    0.222374827899481089E-25    0.163126098632812500E+03    0.936978231838217646E+01    0.371689949703190781E+01    0.601573109626770020E+00    0.796897406192415669E+01    0.100928263752155072E+02    0.222587478215478196E+00
    0.161192448141843883E-24    0.159164459228515625E+03    0.933725143230643972E+01    0.377951150569827821E+01    0.414379775524139404E+00    0.770328244486451652E+01    0.724121092537043332E+01    0.229285916352991670E+00
    0.441724163251934640E-70    0.368986114501953125E+03    0.864829453909988999E+01    0.287941370805513186E+01    0.546607017517089844E+00    0.732378805897805574E+01    0.784239366097995827E+01   -0.394317188975712440E-01
    0.601049880109788431E-45    0.253240875244140625E+03    0.922196742476470988E+01    0.363962056967662440E+01    0.390177428722381592E+00    0.797722389137331156E+01    0.811260477021115278E+01   -0.703159790018578201E+00
    0.450617190386088866E-76    0.396577270507812500E+03    0.907111901934332643E+01    0.311924573440189423E+01    0.438019037246704102E+00    0.801718950958651000E+01    0.879352409213683650E+01   -0.545124017794289761E+00
    0.312945243982972411E-54    0.295992706298828125E+03    0.948290811301058767E+01    0.421767514460854276E+01    0.445941656827926636E+00    0.809599969496522220E+01    0.874226611002753984E+01   -0.326493051458329520E+00
    0.551609080785362166E-45    0.253412551879882812E+03    0.896817630529403687E+01    0.423726350069046021E+01    0.231620281934738159E+00    0.761793196169503695E+01    0.880481976270675659E+01   -0.108126241642178655E+00
    0.634947082886884035E-66    0.349839721679687500E+03    0.838286359604862952E+01    0.309947486387750759E+01    0.251541137695312500E+00    0.716450913792224764E+01    0.927003312129098589E+01    0.123352553805535781E+00
    0.136435010471841399E-44    0.251601364135742188E+03    0.916746722518372792E+01    0.367823872836532706E+01    0.504719078540802002E+00    0.788771297055014475E+01    0.910389056572339683E+01   -0.692168687161560880E+00
    0.356864917371239178E-53    0.291124877929687500E+03    0.874863428208676552E+01    0.404680650808730125E+01    0.290373951196670532E+00    0.733444415809785344E+01    0.871666699430751990E+01    0.116475417245154311E-01
    0.328012928546980175E-67    0.355765869140625000E+03    0.873673228453229811E+01    0.353462817625860248E+01    0.365739047527313232E+00    0.719192568452013603E+01    0.949533729415040284E+01   -0.173860098040585775E-01
    0.512239489995100866E-23    0.152246902465820312E+03    0.878321453162930510E+01    0.361209370514963490E+01    0.415343999862670898E+00    0.730647736667354941E+01    0.909426932640993257E+01   -0.413828019097426392E-01
    0.375972666397389856E-59    0.318651580810546875E+03    0.909837829292308164E+01    0.438366637298403194E+01    0.182857230305671692E+00    0.791799282417706074E+01    0.876975551489301886E+01   -0.961472919702747619E+00
    0.864851729242208853E-60    0.321590667724609375E+03    0.966733492743376210E+01    0.400321585520452405E+01    0.299255996942520142E+00    0.842715940632237803E+01    0.869649740792341674E+01    0.118406721264610937E+00
    0.145339282969780335E-41    0.237659408569335938E+03    0.895621967556373022E+01    0.396817780086019845E+01    0.451600164175033569E+00    0.741624256762729495E+01    0.910723265937839699E+01   -0.715396162623596954E+00
    0.844000789561066301E-49    0.270982604980468750E+03    0.853166465829065146E+01    0.401539985469320282E+01    0.225610405206680298E+00    0.701412143960703194E+01    0.841405435861847550E+01   -0.797099182139771045E-02
    0.219147478923107240E-43    0.246048400878906250E+03    0.891953678162837171E+01    0.324249569155587958E+01    0.304484814405441284E+00    0.780884739633403679E+01    0.102349371121579686E+02    0.234242642254352873E+00
    0.229878862569712511E-62    0.333451019287109375E+03    0.855317200600400263E+01    0.350080297192583423E+01    0.298832535743713379E+00    0.721764948116620886E+01    0.778878043969323208E+01   -0.668342447587320088E-01
    0.166039834510326828E-69    0.366337860107421875E+03    0.957464519789608026E+01    0.375830747440920998E+01    0.203917652368545532E+00    0.863255391805653360E+01    0.916310578360154970E+01   -0.912856813734013173E-01
    0.964355553940881271E-60    0.321372863769531250E+03    0.874134718185147186E+01    0.439483915356040722E+01    0.220697969198226929E+00    0.713042691691267549E+01    0.817174665906327213E+01    0.657540126227802446E-01
    0.106207064128756014E-44    0.252102279663085938E+03    0.959818791285383455E+01    0.439595672977910912E+01    0.436032921075820923E+00    0.824316529216264016E+01    0.828484565186248290E+01   -0.107847151872205971E+01
    0.120777927696511625E-44    0.251845153808593750E+03    0.868608542960285313E+01    0.446383591636776966E+01    0.180895015597343445E+00    0.718414363091559682E+01    0.877737711459857195E+01   -0.104487343572147395E+01
    0.126162087393587209E-73    0.385307861328125000E+03    0.949799511494139992E+01    0.321084061409821997E+01    0.482230186462402344E+00    0.838626351476624698E+01    0.831450139221107243E+01   -0.857022901744276533E+00
    0.968839274140054089E-60    0.321363586425781250E+03    0.951783843249660144E+01    0.457195621807574337E+01    0.328967064619064331E+00    0.809129408447591914E+01    0.800287061494783813E+01   -0.390314684042247118E+00
    0.309720825868200887E-69    0.365090972900390625E+03    0.950875458468157575E+01    0.343893513590754640E+01    0.131685495376586914E+01    0.769295533471737336E+01    0.758733031129412439E+01   -0.184415892828230188E+01
    0.274629292266275252E-36    0.213360855102539062E+03    0.918412205201077825E+01    0.361205666983041951E+01    0.668966710567474365E+00    0.731410044716994445E+01    0.715647752853305619E+01   -0.212403663263628006E+01
    0.431449829573930810E-43    0.244693588256835938E+03    0.908540871404105488E+01    0.451276768213535995E+01    0.386410772800445557E+00    0.736175555392995662E+01    0.749473344080280945E+01   -0.195161395546863048E+01
    0.116535577022711638E-70    0.371651092529296875E+03    0.952215097075836603E+01    0.469338489322998242E+01    0.878640413284301758E+00    0.757340974976072534E+01    0.725600451932141777E+01   -0.178056073971179174E+01
    0.140103243469182335E-59    0.320625854492187500E+03    0.955357429836556449E+01    0.409169972970374562E+01    0.118298840522766113E+01    0.751461409838414784E+01    0.781241688098831144E+01   -0.155293784037619842E+01
    0.136179219607365776E-51    0.283841308593750000E+03    0.926882582469144545E+01    0.374372357176008297E+01    0.772071003913879395E+00    0.780292108900726511E+01    0.850184542221995443E+01   -0.111455563549348668E+01
    0.277817710518178433E-29    0.181101577758789062E+03    0.893646498237138509E+01    0.298162712911860162E+01    0.723363041877746582E+00    0.721828439118593579E+01    0.716793364118087784E+01   -0.170535466052106055E+01
    0.615931954843218688E-40    0.230166107177734375E+03    0.863408372489012166E+01    0.298243255756057346E+01    0.533090472221374512E+00    0.710603573819249590E+01    0.730216391124486464E+01   -0.132708300387287714E+01
    0.355114105674992839E-70    0.369422607421875000E+03    0.950165174114131972E+01    0.465284019400641835E+01    0.654811322689056396E+00    0.783178989070853682E+01    0.808433181190320127E+01   -0.112885920852573829E+01
    0.662061957544443067E-27    0.170154449462890625E+03    0.857651530640579374E+01    0.287454901820672903E+01    0.503611505031585693E+00    0.687146203493649832E+01    0.829983680447594807E+01   -0.194221954715750256E+01
    0.120324347086352851E-39    0.228826828002929688E+03    0.863541297002499775E+01    0.430072119353087068E+01    0.197969570755958557E+00    0.666811504604033001E+01    0.915525039862173884E+01   -0.200210926576515424E+01
    0.255929464867703580E-77    0.402313873291015625E+03    0.851466356662924539E+01    0.292123339973576712E+01    0.477196872234344482E+00    0.667929633263318401E+01    0.897925865652228339E+01   -0.210020148885688895E+01
    0.621987291572475824E-73    0.382117156982421875E+03    0.888096621392580410E+01    0.336997400294373817E+01    0.442531079053878784E+00    0.751985459466411577E+01    0.841416466318986345E+01   -0.158142083401543809E+01
    0.126504381811778615E-41    0.237936996459960938E+03    0.896419204397986391E+01    0.376590444103548938E+01    0.429943978786468506E+00    0.742833910009406750E+01    0.776643848836398387E+01   -0.139446073792485503E+01
    0.690685077520944417E-33    0.197700820922851562E+03    0.944687831554990254E+01    0.385876600618341170E+01    0.933411955833435059E+00    0.782589323950390892E+01    0.808001078941721573E+01   -0.130717482738138413E+01
    0.270042129133746847E-48    0.268656585693359375E+03    0.892978276306970109E+01    0.419577126071635487E+01    0.377222478389739990E+00    0.722983844939239795E+01    0.747289784059965800E+01   -0.190396187205784617E+01
    0.490223892528139623E-53    0.290489868164062500E+03    0.913375268622797520E+01    0.451278598429752531E+01    0.463776767253875732E+00    0.754062559011138056E+01    0.881717507472628448E+01   -0.102017823988570200E+01
    0.854968744816713402E-29    0.178853378295898438E+03    0.938913205989872779E+01    0.380563548015022413E+01    0.931434512138366699E+00    0.759306939280027215E+01    0.755930686764541626E+01   -0.129170267840586650E+01
    0.405984694079511574E-41    0.235604919433593750E+03    0.963732622369809810E+01    0.440040739408952764E+01    0.792734146118164062E+00    0.794116176790120143E+01    0.774617014717729457E+01   -0.148486468851257936E+01
    0.337410519701021154E-68    0.360314544677734375E+03    0.785123750247641539E+01    0.120304696509993092E+01    0.751210391521453857E+00    0.744986900336682467E+01    0.900795750744577184E+01   -0.841032554566933710E+00
    0.559321868521565015E-75    0.391539886474609375E+03    0.883835780339962085E+01    0.189640942893396147E+01    0.115666329860687256E+01    0.788957153916078546E+01    0.840890926296058439E+01   -0.902965177127179608E-01
    0.755905068029619798E-65    0.344885803222656250E+03    0.830059255559558018E+01    0.185653809327994401E+01    0.809386134147644043E+00    0.722606479608683916E+01    0.932491729063496599E+01   -0.278515177846241802E+00
    0.300361705812418459E-51    0.282259277343750000E+03    0.821744626729659444E+01    0.126915957129202139E+01    0.665004849433898926E+00    0.799981229486311474E+01    0.887221825163089228E+01   -0.655111208424525859E+00
    0.396009936974274223E-72    0.378414947509765625E+03    0.883266400747140068E+01    0.201279855275224362E+01    0.807248771190643311E+00    0.797791294299225129E+01    0.865642787367868749E+01   -0.312435689888022061E-01
    0.154857956026143256E-73    0.384897979736328125E+03    0.858814835807494426E+01    0.170241434476056219E+01    0.809572815895080566E+00    0.790025392463282916E+01    0.807645408732489578E+01   -0.340419459906190935E+00
    0.628028372645048394E-52    0.285389251708984375E+03    0.835982255307028588E+01    0.164771243319620853E+01    0.774770855903625488E+00    0.749811322418390347E+01    0.803272611342299925E+01   -0.665652018892015640E-01
    0.163633161227227634E-65    0.347946380615234375E+03    0.847110289889810275E+01    0.198587509064884493E+01    0.763486206531524658E+00    0.746553509930182901E+01    0.740275050557101277E+01   -0.291330418630511234E+00
    0.602523673276440192E-75    0.391391082763671875E+03    0.757762973454220123E+01    0.132417560723029237E+01    0.542253077030181885E+00    0.701624234516848855E+01    0.937778936811564456E+01   -0.917716788188628341E+00
    0.108324094541548680E-67    0.357981719970703125E+03    0.836633747847425902E+01    0.175180483525105379E+01    0.926435708999633789E+00    0.728149767855937480E+01    0.960860710436367960E+01   -0.960427042339935255E-01
    0.595218206350959316E-29    0.179577651977539062E+03    0.900946418353174927E+01    0.951232961256163301E+00    0.387050300836563110E+00    0.898755653809915245E+01    0.828394793806651109E+01   -0.201979610378060448E+00
    0.760485855636682807E-74    0.386320251464843750E+03    0.914282384809910731E+01    0.108509094295978259E+01    0.291825860738754272E+00    0.909462102763461466E+01    0.841248830184353835E+01   -0.304878595214842729E+00
    0.397354484654530280E-68    0.359987487792968750E+03    0.895064301601716572E+01    0.915259881942365405E+00    0.781248986721038818E+00    0.848829428350371273E+01    0.732161374562606593E+01   -0.308473266849017103E+00
    0.185499430327182039E-25    0.163488723754882812E+03    0.882128809876090259E+01    0.928892523137081483E+00    0.732371628284454346E+00    0.856066107408568655E+01    0.783570648652444923E+01   -0.240131108176650176E+00
    0.385290423010516908E-40    0.231104385375976562E+03    0.870043898452570197E+01    0.726600793176528592E+00    0.254115366935729980E+01    0.872280419454252609E+01    0.860446308715437880E+01   -0.277411063741981101E+00
    0.476970491003795267E-66    0.350411895751953125E+03    0.903380393974419427E+01    0.163740033634750159E+01    0.855458557605743408E+00    0.846109374942084891E+01    0.837312517749462160E+01   -0.268262218463188873E-02
    0.253439869724794544E-51    0.282598999023437500E+03    0.876684823962157722E+01    0.126852306398829207E+01    0.823722064495086670E+00    0.820355501778429463E+01    0.756465313425252006E+01   -0.335582726636672879E+00
    0.323249073382859052E-68    0.360400299072265625E+03    0.876462246667959022E+01    0.167720092426421319E+01    0.938875555992126465E+00    0.791925934743256565E+01    0.774066184197114993E+01    0.429898887969075716E-01
    0.820429117877248588E-75    0.390773681640625000E+03    0.849359102174503633E+01    0.102381566961614112E+01    0.748102307319641113E+00    0.851954484691561831E+01    0.897413606299768496E+01   -0.101872968733597036E+01
    0.239820395187132327E-35    0.209026748657226562E+03    0.842440586579388651E+01    0.988252302881252431E+00    0.155693876743316650E+01    0.823339284157751727E+01    0.891124021353557083E+01   -0.974993869679080527E+00
    0.248099191258284682E-52    0.287246765136718750E+03    0.857755143393880637E+01    0.709260734213349231E+00    0.895679950714111328E+00    0.863166448673053566E+01    0.796069329449064877E+01   -0.199920079648444715E+01
    0.337515394924255045E-42    0.240579498291015625E+03    0.832122947419143522E+01    0.526894491529959930E+00    0.114428591728210449E+01    0.827367626126250144E+01    0.711476438451092896E+01   -0.207845874132318720E+01
    0.979006005998671013E-56    0.302922027587890625E+03    0.866241753598153963E+01    0.823395971483368072E+00    0.900843322277069092E+00    0.823259628192439408E+01    0.719986543183243466E+01   -0.214866154981686552E+01
    0.180576935907356357E-20    0.140516662597656250E+03    0.880085694468129098E+01    0.999672921314733287E+00    0.127733004093170166E+01    0.811284415652120039E+01    0.710079693247293076E+01   -0.158138184419711658E+01
    0.159427659028402958E-38    0.223658859252929688E+03    0.885186642410552871E+01    0.776085381340169467E+00    0.884756386280059814E+00    0.879558553779756380E+01    0.796760019283900700E+01   -0.133476131029102119E+01
    0.854045165800074404E-39    0.224907241821289062E+03    0.898928837365042810E+01    0.106135505320236390E+01    0.120760369300842285E+01    0.859334140335244179E+01    0.791811245352457860E+01   -0.187782619402435857E+01
    0.121550607862580396E-76    0.399197845458984375E+03    0.852065282289111892E+01    0.900517485126554718E+00    0.195923399925231934E+01    0.820568987410903361E+01    0.873093071460861303E+01   -0.109837015484358558E+01
    0.382035001912535574E-65    0.346250610351562500E+03    0.888682035263843240E+01    0.118086537296633964E+01    0.102165472507476807E+01    0.831017248820399956E+01    0.762354551876785624E+01   -0.936295092115127847E+00
    0.140810606223978326E-50    0.279169250488281250E+03    0.851542647330718516E+01    0.936061488927487084E+00    0.142797148227691650E+01    0.797614598489068616E+01    0.716211308894567011E+01   -0.665816656962004760E+00
    0.211716281493089713E-76    0.398088012695312500E+03    0.862218681142912935E+01    0.103381405198135434E+01    0.212505316734313965E+01    0.825553908065010233E+01    0.848262639201577784E+01   -0.480590697619797780E+00
    0.745207585100989163E-60    0.321888458251953125E+03    0.876483446057040361E+01    0.128411772879885788E+01    0.714484095573425293E+00    0.864398623415595324E+01    0.900639850184649404E+01   -0.562360340023069227E-01
    0.170499176439975768E-50    0.278786621093750000E+03    0.879609740398736406E+01    0.864422046181575920E+00    0.469705641269683838E+00    0.872949864756132676E+01    0.787285403282794327E+01   -0.180614999435516865E+01
    0.129526843557575954E-22    0.150391540527343750E+03    0.886093895017472377E+01    0.707153938342148791E+00    0.100806796550750732E+01    0.955043553186179750E+01    0.980797815443091459E+01    0.128852998426741028E+00
    0.162972709838727829E-44    0.251245895385742188E+03    0.897149974943540052E+01    0.102085409771502200E+01    0.127952885627746582E+01    0.907234215609894079E+01    0.998271611559631289E+01    0.110167011167671358E+00
    0.999029853110496078E-74    0.385774597167968750E+03    0.879776520883383206E+01    0.804811712961342907E+00    0.248860359191894531E+01    0.876777243826387753E+01    0.905905203479463950E+01   -0.385184631020383472E+00
    0.313957463637987705E-20    0.139410461425781250E+03    0.806317098785777908E+01    0.429127351692282943E+00    0.107622778415679932E+01    0.908771995688786127E+01    0.102124500094895723E+02   -0.453872646094128918E-01
    0.416324391573381589E-28    0.175687408447265625E+03    0.809473131238251931E+01    0.273573995364095324E+00    0.232553100585937500E+01    0.958679874825071821E+01    0.102031912782902197E+02   -0.922306246556039433E-01
    0.513895404152361755E-60    0.322631744384765625E+03    0.878033994941349505E+01    0.102669785582279749E+01    0.182722938060760498E+01    0.869824440992596415E+01    0.932070528789432728E+01   -0.390282698285599583E+00
    0.340839290843545691E-57    0.309637451171875000E+03    0.846382559686227154E+01    0.717037359635727123E+00    0.208584928512573242E+01    0.855774691572800350E+01    0.927120402065260230E+01   -0.793769249503218477E+00
    0.176295749440284588E-64    0.343192138671875000E+03    0.914986355172573163E+01    0.865423422252575625E+00    0.112548732757568359E+01    0.974256015820624732E+01    0.988463016521310678E+01   -0.428740739680118832E+00
    0.405523753443646790E-02    0.560055541992187500E+02    0.853868121774546296E+01    0.648867828773954325E+00    0.139898765087127686E+01    0.913772803423585422E+01    0.962026827235353466E+01   -0.620750474193394464E+00
    0.951678127710263246E-45    0.252321777343750000E+03    0.864628934461100584E+01    0.101389394565426705E+01    0.144793689250946045E+01    0.856996898012943653E+01    0.997848540959757813E+01   -0.321186037740875729E+00
    0.559366392219221111E-76    0.396144897460937500E+03    0.933573771470589620E+01    0.116459825097970060E+01    0.219766020774841309E+00    0.965185620084196039E+01    0.954461054773980422E+01   -0.365927682786382213E-01
    0.244019321779218684E-72    0.379383331298828125E+03    0.857520959725266252E+01    0.115499702646427482E+01    0.365899384021759033E+00    0.873440741714797575E+01    0.930437763787814731E+01   -0.133607994295217303E+00
    0.239006106898424921E-47    0.264295593261718750E+03    0.806650647219995065E+01    0.695152263807542026E+00    0.779582262039184570E+00    0.861985989813136477E+01    0.985204586330786647E+01   -0.676140343920443421E+00
    0.547513271725058835E-73    0.382372222900390625E+03    0.842333246324654006E+01    0.791122705598441556E+00    0.695206761360168457E+00    0.884718377671525147E+01    0.101433208556830863E+02   -0.511672896711395708E+00
    0.992416401131202219E+00    0.450052871704101562E+02    0.858015915652775973E+01    0.612726883797788391E+00    0.686479926109313965E+00    0.946382384152073008E+01    0.966175203716958464E+01   -0.257720268566120847E+00
    0.137125247450773638E-45    0.256196441650390625E+03    0.820505227959131034E+01    0.803285138624751816E+00    0.722060263156890869E+00    0.850809371572695561E+01    0.102913228018481586E+02    0.804953766995168962E-01
    0.804688886338685375E-54    0.294103851318359375E+03    0.804490299638038486E+01    0.137370348135462561E+01    0.576784968376159668E+00    0.769460224279525296E+01    0.104981538669809673E+02   -0.648178366512957238E+00
    0.157598844281379607E-49    0.274338806152343750E+03    0.773966286833054973E+01    0.492907942023745327E+00    0.883361399173736572E+00    0.852292623134093397E+01    0.939598954354721450E+01   -0.677442144325171913E+00
    0.766067705639077481E-06    0.731540527343750000E+02    0.871605560530556467E+01    0.639263975700912979E+00    0.397433191537857056E+00    0.964113895371667518E+01    0.999006982799537369E+01    0.502380606432906163E-01
    0.959357396607874382E-39    0.224674682617187500E+03    0.848260283330837872E+01    0.858578183981995813E+00    0.376506894826889038E+00    0.903044074298287214E+01    0.102820744402831181E+02   -0.224014677061795453E+00
    0.252820847748123852E-14    0.112212593078613281E+03    0.852386344948110874E+01    0.779722204668155339E+00    0.109612941741943359E+01    0.896208759396045096E+01    0.958385690176390170E+01   -0.117821654547969801E+01
    0.120436731991708726E-56    0.307112854003906250E+03    0.897901041583226345E+01    0.863325080573649761E+00    0.100549769401550293E+01    0.945496079237924647E+01    0.959345251186553760E+01   -0.212903503550847040E+01
    0.658753337652063654E-67    0.354371276855468750E+03    0.856674856589277134E+01    0.958575848369560335E+00    0.101160287857055664E+01    0.869132000799529791E+01    0.968763013080587854E+01   -0.156017915503218640E+01
    0.406649116214296050E-51    0.281653350830078125E+03    0.818407048234866608E+01    0.428594092791895309E+00    0.686427354812622070E+00    0.922795233557229722E+01    0.900437105561733198E+01   -0.131188747691043894E+01
    0.598862542402643686E-43    0.244037826538085938E+03    0.921327884765575078E+01    0.968021929782010293E+00    0.806620836257934570E+00    0.939387313698831505E+01    0.906843039455043254E+01   -0.187863240255465302E+01
    0.131312283109787451E-46    0.260888244628906250E+03    0.803458285520504134E+01    0.157238045840687596E+00    0.165865004062652588E+01    0.985180105271102491E+01    0.910938636280775782E+01   -0.167453186271867893E+01
    0.533569692597473399E-17    0.124534286499023438E+03    0.810690563232665973E+01    0.220510981249329940E+00    0.108491063117980957E+01    0.966754234367561516E+01    0.896060138230461867E+01   -0.170999009843538974E+01
    0.324034854743047883E-27    0.171583465576171875E+03    0.806429325923880214E+01    0.337628882490054461E+00    0.361911803483963013E+00    0.929204025136083622E+01    0.861456606352369292E+01   -0.984819447778591650E+00
    0.992805892840339062E-76    0.394997436523437500E+03    0.848287369401183255E+01    0.626546031256625446E+00    0.491185970604419708E-01    0.956754637452348788E+01    0.101858542593602692E+02   -0.146746653204351785E+01
    0.284566581552933042E-29    0.181053573608398438E+03    0.836137865282660009E+01    0.567128525241114012E+00    0.404224693775177002E+00    0.937190729349634744E+01    0.974400565112786765E+01   -0.950434285384428978E+00
    0.302594244875003758E-34    0.203956573486328125E+03    0.868106630258015599E+01    0.923875214905386155E+00    0.547661066055297852E+00    0.913544690789317393E+01    0.104499106737684020E+02   -0.133674764012234482E+01
    0.596722315510277245E-47    0.262465667724609375E+03    0.829290535440705412E+01    0.381029207719684349E+00    0.873471379280090332E+00    0.960926059872646654E+01    0.917060067779084065E+01   -0.796966331721367549E+00
    0.352759526665565298E-02    0.562843399047851562E+02    0.876620391198232340E+01    0.745240388314000746E+00    0.603797912597656250E+00    0.932648762819361110E+01    0.897234725897647678E+01   -0.131181486794271374E+01
    0.154683434199098097E-25    0.163852066040039062E+03    0.882865378342850526E+01    0.938150734361181349E+00    0.154044389724731445E+01    0.889333299914552100E+01    0.941816711197585832E+01   -0.167982491286513413E+01
