 F
        1792       11135           3         150
   -0.222707110047843706E+02   -0.154198317138173504E+02
 T
   2
    0.200000000000000000E+01    0.300000000000000000E+01    0.819999999999999951E+00    0.179999999999999993E+00
   0
   0
 T T     0           0
    0.000000000000000000E+00   -0.340282346638528860E+39    0.000000000000000000E+00
 T F     1         123
    0.153364193717893740E-04   -0.223544700411128261E+02   -0.153566109542341227E+02
 T F     1          27
    0.260004029942766382E-05   -0.247921094420006440E+02   -0.161434558600247513E+02
