 F
        1150        5036           3         150
   -0.213294190849687446E+02   -0.164542454487800178E+02
 T
   2
    0.200000000000000000E+01    0.300000000000000000E+01    0.286666666666666681E+00    0.713333333333333375E+00
   0
   0
 T T     0           0
    0.000000000000000000E+00   -0.340282346638528860E+39    0.000000000000000000E+00
 F F     1          43
    0.788928721477001859E-04   -0.221960718075527801E+02   -0.156168290882552032E+02
 F F     1         107
    0.169556726621029950E-02   -0.218747606662742911E+02   -0.170615377643579720E+02
