 F
        1738       10518           3         150
   -0.223170701449360251E+02   -0.173805870245832885E+02
 T
   2
    0.200000000000000000E+01    0.300000000000000000E+01    0.526666666666666616E+00    0.473333333333333328E+00
   0
   0
 T T     0           0
    0.000000000000000000E+00   -0.340282346638528860E+39    0.000000000000000000E+00
 T F     1          79
    0.460231484114449187E-05   -0.228355919762912798E+02   -0.170746401895856117E+02
 T F     1          71
    0.400334264071257760E-04   -0.232219264977793713E+02   -0.178308113081400457E+02
