 F
        1089        4175           3         150
   -0.146053797826388827E+02   -0.125858544314711676E+02
 T
   2
    0.200000000000000000E+01    0.300000000000000000E+01    0.893333333333333313E+00    0.106666666666666674E+00
   0
   0
 T T     0           0
    0.000000000000000000E+00   -0.340282346638528860E+39    0.000000000000000000E+00
 T F     1         134
    0.168879374073276772E-02   -0.147166768432507489E+02   -0.125824221965133169E+02
 T F     1          16
    0.253187584010556698E-03   -0.168560646703703618E+02   -0.126150086455394597E+02
