 F
        1305        6528           3         150
   -0.174420865075793046E+02   -0.138915954180338428E+02
 T
   2
    0.200000000000000000E+01    0.300000000000000000E+01    0.293333333333333335E+00    0.706666666666666665E+00
   0
   0
 T T     0           0
    0.000000000000000000E+00   -0.340282346638528860E+39    0.000000000000000000E+00
 T F     1          44
    0.118812871411129033E-03   -0.186725183979264067E+02   -0.139013627765549721E+02
 T F     1         106
    0.341542318458380072E-03   -0.177876327015459523E+02   -0.138875638299370348E+02
