

    0.355637590780953153E-01    0.275652160644531250E+02    0.732474076698815324E+01    0.743687220563400198E+00    0.279546797275543213E+00    0.924128614114156122E+01    0.939672857333986755E+01   -0.145707375153595420E+01
    0.336543232714602153E-01    0.275327301025390625E+02    0.746175559239378394E+01    0.723478595159361970E+00    0.422184139490127563E+00    0.928178894817870415E+01    0.102907101554536666E+02   -0.190944990064755760E+01
    0.361053608820053884E-01    0.272492733001708984E+02    0.706178556429818638E+01    0.399763358963033832E+00    0.503577828407287598E+00    0.882879731218757513E+01    0.783015096314585968E+01   -0.206483968548876673E+01
    0.349673841469658048E-01    0.271704673767089844E+02    0.750723658340464528E+01    0.705987009193677184E+00    0.413379967212677002E+00    0.951100089301418450E+01    0.103164114129896518E+02   -0.202802467315019364E+01
    0.358936861972069532E-01    0.269753189086914062E+02    0.712772311154141391E+01    0.376084256979216935E+00    0.336772590875625610E+00    0.911420246223225305E+01    0.822037147702861759E+01   -0.203903632561309234E+01
    0.377959023189669216E-01    0.267291831970214844E+02    0.731362530077309980E+01    0.772929753057408409E+00    0.303571403026580811E+00    0.909432663486799697E+01    0.912921565986271766E+01   -0.148656951721278929E+01
    0.390195079629592143E-01    0.265226039886474609E+02    0.730124077991504894E+01    0.801084439797660197E+00    0.322445571422576904E+00    0.911711277243147578E+01    0.998723702572557315E+01   -0.131438036366743916E+01
    0.370613792725752039E-01    0.264827194213867188E+02    0.736611435413483129E+01    0.516647575538831783E+00    0.389589071273803711E+00    0.970208248833999320E+01    0.987783770606035461E+01   -0.192976713982046055E+01
    0.346532883870316610E-01    0.264742279052734375E+02    0.717643305497460027E+01    0.747138726128921071E+00    0.354789823293685913E+00    0.863415285043627456E+01    0.813822684594323675E+01   -0.142128471057950545E+01
    0.327716645749606753E-01    0.264430274963378906E+02    0.709304056594037124E+01    0.417011516455413511E+00    0.432741910219192505E+00    0.954215177466735476E+01    0.976316311215913935E+01   -0.177231884595357325E+01
    0.316946895237665838E-01    0.263670005798339844E+02    0.746964234073891120E+01    0.776971553951284477E+00    0.212627768516540527E+00    0.878240803257808444E+01    0.809114376825062998E+01   -0.173420576167748264E+01
    0.317826406436929193E-01    0.262186012268066406E+02    0.716298301160626139E+01    0.500580225049734873E+00    0.475022792816162109E+00    0.936930027848928226E+01    0.920041485089714328E+01   -0.150667951529225608E+01
    0.306400343472543295E-01    0.261489696502685547E+02    0.734778112243286863E+01    0.783078290219292095E+00    0.354248851537704468E+00    0.890779224802323277E+01    0.864297771038311424E+01   -0.157401912564827207E+01
    0.288250103986988394E-01    0.261282405853271484E+02    0.700233081564849957E+01    0.450344633021455387E+00    0.411333590745925903E+00    0.922077199719624829E+01    0.962277599175195775E+01   -0.181607418838445800E+01
    0.272215350636562103E-01    0.260998535156250000E+02    0.727529929545836307E+01    0.673560429523168080E+00    0.282097727060317993E+00    0.916464925183035817E+01    0.905497915105794604E+01   -0.126698754001471281E+01
    0.255850409599983862E-01    0.260809974670410156E+02    0.722145503438953007E+01    0.755825591324154278E+00    0.273193776607513428E+00    0.909926466892056141E+01    0.978999962684257596E+01   -0.128692434989843729E+01
    0.240895761717430622E-01    0.260585975646972656E+02    0.707875602773660439E+01    0.672540352660018326E+00    0.368204414844512939E+00    0.871631922786445124E+01    0.844577846308164126E+01   -0.167276892477674144E+01
    0.235198238225733380E-01    0.259636116027832031E+02    0.728215899720368665E+01    0.616791177086156606E+00    0.341997921466827393E+00    0.868004841656890491E+01    0.801039421096971438E+01   -0.212469129656266320E+01
    0.220078655990187319E-01    0.259536418914794922E+02    0.718129667176023379E+01    0.539225033799729747E+00    0.534421682357788086E+00    0.927820131768466183E+01    0.963674549796286506E+01   -0.157357762673825885E+01
    0.208953057769433841E-01    0.259145355224609375E+02    0.702567625705177345E+01    0.451710504328691143E+00    0.437041342258453369E+00    0.888009923318574579E+01    0.827765328602752604E+01   -0.178134934713049953E+01
    0.199530242932198162E-01    0.258639659881591797E+02    0.710901525418387603E+01    0.562658450403152766E+00    0.392138481140136719E+00    0.852042522220400222E+01    0.783468593710553129E+01   -0.202615187103420125E+01
    0.186694298473873664E-01    0.258540954589843750E+02    0.735268674809799272E+01    0.775092808820289303E+00    0.384102642536163330E+00    0.856933781873033595E+01    0.792550259579035021E+01   -0.179873742380144397E+01
    0.174944010557908716E-01    0.258412513732910156E+02    0.741622363051603806E+01    0.632586223880013288E+00    0.425179153680801392E+00    0.945150760934251011E+01    0.100223217745675441E+02   -0.179135893342715202E+01
    0.165768884431744881E-01    0.258061370849609375E+02    0.708513013235976796E+01    0.609652113002449036E+00    0.472979694604873657E+00    0.899257763006747979E+01    0.965674860470789831E+01   -0.181434845324859761E+01
    0.158846047346218461E-01    0.257485980987548828E+02    0.700707520310695653E+01    0.503652355109179051E+00    0.533764541149139404E+00    0.852105032201649237E+01    0.785494594832485227E+01   -0.205166839719914806E+01
    0.148071629222742505E-01    0.257462196350097656E+02    0.731026363422791103E+01    0.677325088885334936E+00    0.236346244812011719E+00    0.853003487405205441E+01    0.764128238141390170E+01   -0.210207137752824824E+01
    0.139935833649995883E-01    0.257163867950439453E+02    0.712885085275896113E+01    0.483144667555109375E+00    0.538392901420593262E+00    0.937292000750870180E+01    0.989123022215945902E+01   -0.196097210623050677E+01
    0.135974924175778084E-01    0.256309566497802734E+02    0.720252077861896733E+01    0.519823594768489494E+00    0.299107432365417480E+00    0.907629098021737946E+01    0.863986210247389330E+01   -0.188369157763499473E+01
    0.127266135538570257E-01    0.256204795837402344E+02    0.732685552930961492E+01    0.583351498089961118E+00    0.195718899369239807E+00    0.892330881908484130E+01    0.819250791541807999E+01   -0.214266312565574735E+01
    0.119704893146210835E-01    0.256001243591308594E+02    0.730615023247137074E+01    0.630250248136073443E+00    0.215037763118743896E+00    0.933035313515846276E+01    0.943621865534941051E+01   -0.191625511684559302E+01
    0.112834527928504774E-01    0.255754814147949219E+02    0.704502514279207492E+01    0.458967165786698661E+00    0.495790541172027588E+00    0.925282225378979284E+01    0.943649249847719318E+01   -0.195102299652487998E+01
    0.107252481073905354E-01    0.255340976715087891E+02    0.709032777335069753E+01    0.447989505079657679E+00    0.523081362247467041E+00    0.935546495395617406E+01    0.999463254736491002E+01   -0.208284497170882954E+01
    0.109733040852782442E-01    0.254866676330566406E+02    0.720229190399144592E+01    0.530297380127518148E+00    0.560574054718017578E+00    0.923006531578707801E+01    0.988453153487893488E+01   -0.201703883991901467E+01
    0.162700229429545845E-01    0.246989498138427734E+02    0.720555636937840038E+01    0.574760065261789910E+00    0.354910522699356079E+00    0.917365299037409265E+01    0.918735698648321275E+01   -0.185940878059534187E+01
    0.161412225992324035E-01    0.247148456573486328E+02    0.725298787251962018E+01    0.605303433848761063E+00    0.342633664608001709E+00    0.898639678771410466E+01    0.864925336335488026E+01   -0.201894610773296046E+01
    0.139927303148611251E-01    0.250005226135253906E+02    0.720691770735525328E+01    0.636594172624664223E+00    0.232986718416213989E+00    0.885240642461081606E+01    0.830554648664032769E+01   -0.157067551869726429E+01
    0.151055278358804192E-01    0.248474769592285156E+02    0.718221186513441712E+01    0.626697703155197905E+00    0.360764086246490479E+00    0.918135400491308573E+01    0.951307903392153875E+01   -0.136720828246444914E+01
    0.133763250471409662E-01    0.250906257629394531E+02    0.715265489664318821E+01    0.515686415860230341E+00    0.548311769962310791E+00    0.933241258271071494E+01    0.100372846018358786E+02   -0.183291725426947494E+01
    0.126452126886390012E-01    0.252030410766601562E+02    0.719107478677153455E+01    0.621684384507084964E+00    0.492506921291351318E+00    0.894408819263575694E+01    0.889363124563806196E+01   -0.171662207971790881E+01
    0.168935437846426187E-01    0.246237354278564453E+02    0.710277832029359146E+01    0.643363968394513375E+00    0.418586671352386475E+00    0.864118975355900432E+01    0.817255157218905559E+01   -0.155682853243205588E+01
    0.141586713610178522E-01    0.249769439697265625E+02    0.709574387658180150E+01    0.529617639176217292E+00    0.313517302274703979E+00    0.911870019461412618E+01    0.904950520377211731E+01   -0.189533289082681722E+01
    0.163600328200634304E-01    0.246879158020019531E+02    0.735751107369004309E+01    0.663655245731574861E+00    0.342511326074600220E+00    0.923950092071847173E+01    0.935436903586465540E+01   -0.184707399777971726E+01
    0.122290499921307392E-01    0.252699699401855469E+02    0.726814274038229335E+01    0.611704124730630072E+00    0.142208188772201538E+00    0.940776501380032748E+01    0.947597377515080730E+01   -0.146542610719638589E+01
    0.118497952722553552E-01    0.253329772949218750E+02    0.726597760625386080E+01    0.626720092306598531E+00    0.335831046104431152E+00    0.921643876327562062E+01    0.924566236456958279E+01   -0.184038267663799182E+01
    0.163197042617925191E-01    0.246928520202636719E+02    0.702897084399426841E+01    0.540534416193562683E+00    0.193985849618911743E+00    0.893327365479702351E+01    0.859103881730351304E+01   -0.167747787002789295E+01
    0.122546877467728590E-01    0.252657814025878906E+02    0.719946334379947483E+01    0.631382924822881719E+00    0.870475769042968750E-01    0.928458654602207645E+01    0.925347738787354857E+01   -0.120300635165992498E+01


    0.515349532496779585E-02    0.277180213928222656E+02    0.816355493523791331E+01    0.394518018307735119E+01    0.334303796291351318E+00    0.823476841708486162E+01    0.940552608169344495E+01   -0.119885157863675196E+01
    0.512060249421790459E-02    0.277161216735839844E+02    0.719763695393528558E+01    0.470883320147387519E+01    0.537653081119060516E-01    0.675859272626475160E+01    0.825779636575923881E+01   -0.733962323224872648E+00
    0.509153093749770570E-02    0.277128028869628906E+02    0.745176697746040428E+01    0.424500583245976060E+01    0.159400910139083862E+00    0.726531917667665272E+01    0.810466086128083774E+01   -0.117429799069092033E+01
    0.505477039088243502E-02    0.277125892639160156E+02    0.736876518661312030E+01    0.402477854694278481E+01    0.108192458748817444E+00    0.722178486898436489E+01    0.977746474827722878E+01    0.201414150856713103E+00
    0.503828138482229505E-02    0.277044181823730469E+02    0.821385061933848704E+01    0.460903141852512999E+01    0.252767384052276611E+00    0.805948277459680362E+01    0.791966987625371743E+01   -0.138499241980094956E+01
    0.502327355314556492E-02    0.276956787109375000E+02    0.768471375362819309E+01    0.346459844680061479E+01    0.255601316690444946E+00    0.771122348165358229E+01    0.917917900136916387E+01    0.190171444060868389E+00
    0.498748619778386151E-02    0.276952724456787109E+02    0.828446822649976511E+01    0.454699992760481919E+01    0.167606715112924576E-01    0.846061784751810464E+01    0.865256877105568378E+01   -0.358466019438904659E+00
    0.496645433366098808E-02    0.276890182495117188E+02    0.794861801549904357E+01    0.439214476246650598E+01    0.187497809529304504E+00    0.785975452870597202E+01    0.100083224241867708E+02   -0.193117290768732341E+01
    0.501075536302554581E-02    0.276565513610839844E+02    0.724808961557744258E+01    0.366390958027793534E+01    0.108400560915470123E+00    0.707626039845229116E+01    0.898174075460133636E+01   -0.175649711174125178E+01
    0.497560284823612975E-02    0.276559257507324219E+02    0.779382587935354731E+01    0.409687447744267441E+01    0.161040961742401123E+00    0.773051621703604397E+01    0.783611375900381546E+01   -0.145276148670258110E+01
    0.494410947542904284E-02    0.276539192199707031E+02    0.730477570632160500E+01    0.377767795412837737E+01    0.123001985251903534E+00    0.717957986133615478E+01    0.104410150762040352E+02   -0.179176598317828284E+01
    0.494266631989148664E-02    0.276397972106933594E+02    0.788185827066682076E+01    0.393617829353362048E+01    0.199842959642410278E+00    0.797710974160919850E+01    0.102818981707392592E+02   -0.117280796367188311E+01
    0.492408639758779281E-02    0.276326236724853516E+02    0.759595910691454002E+01    0.445590636831175146E+01    0.396291464567184448E-01    0.771593787456092262E+01    0.103629494402773084E+02   -0.901890444020799986E+00
    0.489789585436543884E-02    0.276285839080810547E+02    0.803614181229553637E+01    0.413639913292291705E+01    0.132154598832130432E-01    0.832718080083095558E+01    0.995598582272437049E+01   -0.206944271872014207E+01
    0.486394791541731007E-02    0.276277885437011719E+02    0.817390236794535063E+01    0.438684494335787001E+01    0.341784238815307617E+00    0.771309603680087896E+01    0.716871342290334024E+01   -0.145610655637483211E+01
    0.483337329981016472E-02    0.276256942749023438E+02    0.755117094208880957E+01    0.375907547958690902E+01    0.220311939716339111E+00    0.744692831770090535E+01    0.958457291006510026E+01   -0.188363328833100896E+01
    0.481209634660411788E-02    0.276198120117187500E+02    0.723627342671165596E+01    0.463873692587578201E+01    0.400949791073799133E-01    0.671169291953304725E+01    0.805790854043286586E+01   -0.888322771710732484E+00
    0.477779070067982283E-02    0.276194152832031250E+02    0.803229887208372872E+01    0.398958769189768336E+01    0.338029682636260986E+00    0.785970396987852205E+01    0.784619170394343701E+01   -0.164979932044324129E+01
    0.475516188295381937E-02    0.276142044067382812E+02    0.788411195160506040E+01    0.477382142252263009E+01    0.157781124114990234E+00    0.776342664719017428E+01    0.785764131436697433E+01   -0.174780137947308889E+01
    0.473664983547781530E-02    0.276072998046875000E+02    0.772397374791087188E+01    0.481348141054216150E+01    0.110942102968692780E+00    0.756368662318396989E+01    0.943113628876168697E+01   -0.191922798330699163E+01
    0.472460366701244524E-02    0.275976867675781250E+02    0.800716842859068123E+01    0.369763264174856277E+01    0.457899719476699829E+00    0.792514171779042531E+01    0.822098970078463509E+01   -0.154912235141886967E+01
    0.469221033733131961E-02    0.275967407226562500E+02    0.755258936835458883E+01    0.347549171076277297E+01    0.158317133784294128E+00    0.762562798627569904E+01    0.789659464714874737E+01   -0.138403616588727463E+00
    0.466031020786079626E-02    0.275956783294677734E+02    0.732496567306350688E+01    0.434297681522683732E+01    0.546699278056621552E-01    0.722467262772572205E+01    0.743610158760904394E+01   -0.145616523194175329E+01
    0.463330395430662512E-02    0.275925960540771484E+02    0.733981988628537607E+01    0.418315568112661396E+01    0.104223273694515228E+00    0.656588675471096028E+01    0.883011293790677065E+01   -0.194538481837233967E+01
    0.460132157844455811E-02    0.275917434692382812E+02    0.791548191500746867E+01    0.340936565508913247E+01    0.515671372413635254E+00    0.755449731570835059E+01    0.708743069319409802E+01   -0.179448579841650546E+01
    0.464967640824810475E-02    0.275561294555664062E+02    0.838406501791220826E+01    0.464994845599813633E+01    0.109155409038066864E+00    0.861792698877369467E+01    0.104979608007875367E+02   -0.155893670066763512E+01
    0.462584528292117863E-02    0.275517005920410156E+02    0.820632777986771167E+01    0.341550408149386708E+01    0.511251032352447510E+00    0.822736761290276597E+01    0.871709696578510673E+01   -0.212828945425068605E+01
    0.461262463121606212E-02    0.275427188873291016E+02    0.722313028437045013E+01    0.453933668475718211E+01    0.520778354257345200E-02    0.717932749059129627E+01    0.842470591758592846E+01   -0.108359464276905970E+01
    0.458428993777960665E-02    0.275403366088867188E+02    0.754609959334897340E+01    0.421125387906792970E+01    0.159310445189476013E+00    0.752047896188474585E+01    0.103991245014010136E+02   -0.120319002397541075E+01
    0.456374386244128970E-02    0.275346145629882812E+02    0.846669415365792943E+01    0.370730092750107687E+01    0.773406147956848145E+00    0.826214017471986750E+01    0.829691680122217434E+01   -0.182838347654134359E+01
    0.455683708944994506E-02    0.275229377746582031E+02    0.726057875000026431E+01    0.465917195332561285E+01    0.153005635365843773E-01    0.702322204774504222E+01    0.730028068916390183E+01   -0.449808834306752559E+00
    0.454580309148264715E-02    0.275130805969238281E+02    0.836095490406288810E+01    0.402793785864824905E+01    0.270968079566955566E+00    0.853907339387779807E+01    0.936747559703657195E+01   -0.173103983498246228E+01
    0.454185924699949343E-02    0.275001106262207031E+02    0.818484445744014266E+01    0.363116255224486251E+01    0.223727762699127197E+00    0.836222214251893625E+01    0.873457302905230293E+01   -0.171785630096835717E+01
    0.454045556310697478E-02    0.274860229492187500E+02    0.778547959690361147E+01    0.385028789712113539E+01    0.317355424165725708E+00    0.770192869046605821E+01    0.973213219795892037E+01   -0.146259070533988300E+01
    0.453192409054715105E-02    0.274750785827636719E+02    0.818041193085408835E+01    0.410066664215724508E+01    0.255850881338119507E+00    0.818150508534600540E+01    0.895495284809431524E+01   -0.213679406057495980E+01
    0.450672759346890973E-02    0.274715232849121094E+02    0.845233807491689859E+01    0.473306788682825541E+01    0.619664043188095093E-01    0.858594418109338342E+01    0.876512276540840318E+01   -0.146345187049181180E+01
    0.449074991062551210E-02    0.274639205932617188E+02    0.861042184085212448E+01    0.410208118919292186E+01    0.588207729160785675E-01    0.898126170247794420E+01    0.974407858089590029E+01   -0.161763021549260189E+01
    0.445969625405927533E-02    0.274630928039550781E+02    0.813500591849316024E+01    0.427380470145901903E+01    0.582300722599029541E+00    0.758400389752058146E+01    0.715892933959610200E+01   -0.191130404556651046E+01
    0.443119787547548334E-02    0.274612083435058594E+02    0.755467161023448774E+01    0.385929036023166727E+01    0.191538006067276001E+00    0.754206799817743345E+01    0.952448116295452607E+01   -0.149882215351115522E+01
    0.440241975097081534E-02    0.274595336914062500E+02    0.744851841400486947E+01    0.380579441935135510E+01    0.153031229972839355E+00    0.708745268579769139E+01    0.711261207066585666E+01   -0.207349667958196449E+01
    0.440902841296680718E-02    0.274418277740478516E+02    0.710902373946755084E+01    0.447498827885699590E+01    0.887042935937643051E-02    0.675844175045831541E+01    0.767252676927103039E+01   -0.230406238146117159E+00
    0.437817659184015513E-02    0.274411659240722656E+02    0.760152619659799100E+01    0.430525535233272816E+01    0.123972095549106598E+00    0.746365928811360391E+01    0.898357535648975869E+01   -0.170293658759921462E+01
    0.435601947069396127E-02    0.274366073608398438E+02    0.788932388039054899E+01    0.405466959549145844E+01    0.300511777400970459E+00    0.778369513535395274E+01    0.100009544830351338E+02   -0.199217763929717928E+01
    0.433447049493420385E-02    0.274318199157714844E+02    0.792037400859677643E+01    0.450749980202207379E+01    0.454967431724071503E-01    0.805262436037358142E+01    0.851089184780852115E+01   -0.204029837686860693E+01
    0.431348059909708592E-02    0.274268226623535156E+02    0.818247950287736536E+01    0.473518476699306134E+01    0.691863223910331726E-01    0.841192238940072734E+01    0.102108535620323089E+02   -0.142583251290397550E+01
    0.428899955289410630E-02    0.274235000610351562E+02    0.742453524118144870E+01    0.473420059303582086E+01    0.813151225447654724E-01    0.728130048559231380E+01    0.912856047619291999E+01   -0.790434610426764106E+00
    0.427463755578576243E-02    0.274155025482177734E+02    0.760866683409233335E+01    0.472014635326990639E+01    0.322827771306037903E-01    0.759855210940669146E+01    0.932607925838951601E+01    0.203744843243434115E+00
    0.425495580049270027E-02    0.274100265502929688E+02    0.752620348881069390E+01    0.400292712227570480E+01    0.174723669886589050E+00    0.743218849666875059E+01    0.786585066289465118E+01   -0.127254226507494739E+01
    0.423114988316323007E-02    0.274065418243408203E+02    0.844244887798547161E+01    0.467841722335387189E+01    0.154903158545494080E+00    0.859896122900760140E+01    0.102103246492948472E+02   -0.151477313633511557E+01
    0.420071741169060226E-02    0.274062728881835938E+02    0.829229223133038040E+01    0.482100392931542743E+01    0.518947429955005646E-01    0.847099043266393892E+01    0.914164589990547327E+01   -0.170835835217708065E+01
    0.418637953823585655E-02    0.273984050750732422E+02    0.784339150685717534E+01    0.410388779462358677E+01    0.215513229370117188E+00    0.792193601057969943E+01    0.104377788614628777E+02   -0.124046902224461419E+01
    0.415888199381069922E-02    0.273968791961669922E+02    0.800124212167484750E+01    0.371826116842677212E+01    0.199719876050949097E+00    0.813887365173947863E+01    0.857148944319754769E+01   -0.213573744787885822E+01
    0.413204973150337052E-02    0.273951187133789062E+02    0.719699246402961368E+01    0.364548605725898867E+01    0.208662450313568115E+00    0.674649036326048357E+01    0.823211089829075071E+01    0.227001580847951079E+00
    0.414567868951896696E-02    0.273738269805908203E+02    0.852047929168225160E+01    0.400088704953531593E+01    0.302021145820617676E+00    0.869172511867577668E+01    0.928869661697349258E+01   -0.173090682039736676E+01
    0.412957483031294904E-02    0.273669052124023438E+02    0.817758546261811325E+01    0.377165788724882001E+01    0.212007552385330200E+00    0.838983720556557522E+01    0.935692194455748805E+01   -0.132880032594069730E+01
    0.410672496618702532E-02    0.273632965087890625E+02    0.795526014150616767E+01    0.430042618059113213E+01    0.175096336752176285E-01    0.818834405276526311E+01    0.948886428618210864E+01   -0.465236322765775201E+00
    0.408895093751917432E-02    0.273572654724121094E+02    0.771883610593027836E+01    0.409805996604738088E+01    0.153624951839447021E+00    0.779246995819199118E+01    0.894850928601088214E+01   -0.105713618889149918E+01
    0.405945218640585675E-02    0.273570404052734375E+02    0.774977473411658924E+01    0.357699764868412018E+01    0.312746584415435791E+00    0.758080956271184370E+01    0.102876018142856296E+02   -0.203530230521198074E+01
    0.405174723290613065E-02    0.273461341857910156E+02    0.790743480464046211E+01    0.453198115266636581E+01    0.770723000168800354E-01    0.795763066914704087E+01    0.883029015786794602E+01   -0.163470198809866440E+01
    0.402621664824736204E-02    0.273440704345703125E+02    0.851720312187206652E+01    0.442148811197913538E+01    0.120733313262462616E+00    0.868259938846770574E+01    0.886702529523403626E+01   -0.108352999861955435E+01
    0.400816412572320858E-02    0.273383522033691406E+02    0.841998442884660214E+01    0.369362839869388981E+01    0.368641048669815063E+00    0.855286292225281208E+01    0.959662406387747779E+01   -0.184638353198654026E+01
    0.397881559573517660E-02    0.273383445739746094E+02    0.718848323372006792E+01    0.370162506948702852E+01    0.171876445412635803E+00    0.682425908004784709E+01    0.884090778953328460E+01    0.121684709262753543E+00
    0.395109096208545816E-02    0.273376235961914062E+02    0.778977241267880061E+01    0.412121860373001958E+01    0.223027933388948441E-01    0.799335756144911436E+01    0.102027666984918177E+02   -0.186787646894736947E+01
    0.393790178413613422E-02    0.273296051025390625E+02    0.751779776832344027E+01    0.462146643293153137E+01    0.104917645454406738E+00    0.737488916933067351E+01    0.842600795516971601E+01   -0.168496996467665916E+01
    0.392489138125795729E-02    0.273215179443359375E+02    0.825133659468339786E+01    0.428837295585842515E+01    0.122475951910018921E+00    0.850300070706051514E+01    0.102925312362790358E+02   -0.184758496593668409E+01
    0.389858338997377740E-02    0.273202629089355469E+02    0.808501356836804241E+01    0.477576503048452583E+01    0.421296395361423492E-01    0.832764224178030510E+01    0.104181924385326354E+02   -0.128876215596019739E+01
    0.387737771383461251E-02    0.273164653778076172E+02    0.733152623334819964E+01    0.480624132296047968E+01    0.116863653063774109E+00    0.685647865702425019E+01    0.910066160993993734E+01   -0.154829008270562096E+01
    0.385535337433740065E-02    0.273131523132324219E+02    0.785770720161396596E+01    0.433938074805517360E+01    0.127226874232292175E+00    0.786125443751638020E+01    0.819215396795128470E+01   -0.110309547804142527E+01
    0.383327500454079583E-02    0.273099327087402344E+02    0.771212021537423542E+01    0.454667561202031401E+01    0.100203953683376312E+00    0.759178291466409760E+01    0.954311566235571007E+01   -0.187874362926648053E+01
    0.380924818697344139E-02    0.273078022003173828E+02    0.769068972809003704E+01    0.456440208176408646E+01    0.765474215149879456E-01    0.767905443019125844E+01    0.104125914013697880E+02   -0.209870605087510897E+01
    0.379735085220867137E-02    0.272993526458740234E+02    0.864270613888110617E+01    0.396893005417970413E+01    0.141032651066780090E+00    0.890352493548799551E+01    0.908610131362451945E+01   -0.175906970219377135E+01
    0.377575227568683171E-02    0.272960548400878906E+02    0.775582608746695712E+01    0.366341830865256712E+01    0.283389896154403687E+00    0.756445512092717021E+01    0.741379514071953238E+01   -0.158491205421047354E+01
    0.375231860296348007E-02    0.272938003540039062E+02    0.786434144367275767E+01    0.416102038442846833E+01    0.265197128057479858E+00    0.781881108404405545E+01    0.984655171983900601E+01   -0.137749844999349080E+01
    0.372618287507557209E-02    0.272930736541748047E+02    0.816151589715147630E+01    0.481691169076238968E+01    0.125191370025277138E-01    0.840937567753338833E+01    0.992129177921424699E+01   -0.102117051508325041E+01
    0.371819905494667237E-02    0.272826576232910156E+02    0.734936018219040132E+01    0.406365028494634828E+01    0.852383151650428772E-01    0.718517786595610275E+01    0.101957930503906233E+02   -0.188337884527330157E+01
    0.369321661643987227E-02    0.272814350128173828E+02    0.858037555781901418E+01    0.463842400327791005E+01    0.760877057909965515E-01    0.880850331655810770E+01    0.940334523177516601E+01   -0.114575204798668606E+01
    0.367230489246314715E-02    0.272780857086181641E+02    0.808186638698103010E+01    0.479852343870948950E+01    0.822899937629699707E-01    0.818251966834536582E+01    0.903630929470993927E+01   -0.217791301687548478E+01
    0.364850754069981787E-02    0.272763824462890625E+02    0.761670528493324284E+01    0.401671486650072040E+01    0.213195323944091797E+00    0.732071595673132336E+01    0.744014638130272932E+01   -0.191140945863893608E+01
    0.362242807741911628E-02    0.272760238647460938E+02    0.748476119198597978E+01    0.415505526410114001E+01    0.151830285787582397E+00    0.721099785869326393E+01    0.974751764552472721E+01   -0.188489883406587566E+01
    0.360904852840426274E-02    0.272687187194824219E+02    0.741017003972014621E+01    0.479223323079061547E+01    0.121433138847351074E-01    0.717026395229371083E+01    0.101101033317325282E+02   -0.217426880493367491E+01
    0.359982542661175424E-02    0.272591304779052734E+02    0.741993908257794743E+01    0.378798229152398624E+01    0.192711740732192993E+00    0.730571067371558414E+01    0.870585351747786795E+01   -0.136088405162124748E+01
    0.357650799035031481E-02    0.272574214935302734E+02    0.773258270885773147E+01    0.433637218344884623E+01    0.765246376395225525E-01    0.779341827577120227E+01    0.973085948835371006E+01   -0.683471117484815816E+00
    0.355427361310726520E-02    0.272551879882812500E+02    0.769534999114299723E+01    0.403190351020569704E+01    0.164892360568046570E+00    0.774211996309627981E+01    0.937980241370207324E+01   -0.121451182688636972E+01
    0.353698090471897411E-02    0.272502365112304688E+02    0.801493121718955770E+01    0.468408664247339868E+01    0.119785889983177185E+00    0.770252384228765052E+01    0.727465174311046159E+01   -0.198017556518286808E+01
    0.351442914141966451E-02    0.272483234405517578E+02    0.715568249408867985E+01    0.451507323632100377E+01    0.137908514589071274E-01    0.677486570016689083E+01    0.855262067888292776E+01   -0.140928098306105198E+01
    0.353444442882809313E-02    0.272222595214843750E+02    0.767511258289531195E+01    0.397648970681546032E+01    0.174300834536552429E+00    0.767502541495477786E+01    0.102943162184344850E+02   -0.185830955780292939E+01
    0.352279388222967796E-02    0.272141571044921875E+02    0.781698020283764183E+01    0.427032885601963574E+01    0.939773768186569214E-01    0.792716117741295268E+01    0.948519379872323576E+01   -0.737755891733332669E+00
    0.350941081682089491E-02    0.272070636749267578E+02    0.792478514870613360E+01    0.375713501613315559E+01    0.159320175647735596E+00    0.809952955585015388E+01    0.103413822772264830E+02   -0.167077750107496614E+01
    0.349713233437400203E-02    0.271993675231933594E+02    0.774233613033521006E+01    0.392124680974143569E+01    0.170815542340278625E+00    0.776140324503097467E+01    0.898783445132065850E+01   -0.213974778805459120E+01
    0.347358554438771542E-02    0.271981735229492188E+02    0.778922819895735863E+01    0.362620872037085062E+01    0.212457984685897827E+00    0.785438162622308944E+01    0.870663588298848623E+01   -0.196455933995245746E+01
    0.344933204160278485E-02    0.271974811553955078E+02    0.762003719151337400E+01    0.437169278602646116E+01    0.827040150761604309E-01    0.753964793488537488E+01    0.755262210243393284E+01   -0.633000274435773669E+00
    0.344666486988127324E-02    0.271843223571777344E+02    0.811656675848113274E+01    0.394617516300529481E+01    0.472926735877990723E+00    0.797081384383058200E+01    0.930328337658080784E+01   -0.195413993535869479E+01
    0.343867977356690675E-02    0.271742553710937500E+02    0.830938871153527003E+01    0.382232661201720791E+01    0.185811311006546021E+00    0.834564651277768021E+01    0.808927218728520181E+01   -0.170326930766180440E+01
    0.341660163281306108E-02    0.271724319458007812E+02    0.847993773739812085E+01    0.436968184908801138E+01    0.120119750499725342E+00    0.873631979051620888E+01    0.102353015645197196E+02   -0.109700329431299881E+01
    0.340902103223428635E-02    0.271621685028076172E+02    0.769477538645526860E+01    0.388671216839287359E+01    0.127056449651718140E+00    0.772752882273262642E+01    0.830381007448779229E+01   -0.177879394419092685E+01
    0.341657479965184509E-02    0.271430358886718750E+02    0.788919920750628023E+01    0.422651855129033560E+01    0.252416640520095825E+00    0.784224704528612371E+01    0.829859571042103106E+01   -0.139767710545511026E+01
    0.339792287519553957E-02    0.271392784118652344E+02    0.773465300574192938E+01    0.376217106310692406E+01    0.124423108994960785E+00    0.786707447984768926E+01    0.103810184538060497E+02   -0.186206518574360791E+01
    0.337510201643052019E-02    0.271380500793457031E+02    0.782427160041150049E+01    0.473643560648079376E+01    0.113101415336132050E+00    0.767329209494850417E+01    0.769090703801307818E+01   -0.195448620492340108E+01
    0.336416920210529102E-02    0.271298332214355469E+02    0.754021836450885008E+01    0.438330017226414803E+01    0.104312315583229065E+00    0.747359414704823521E+01    0.899424171394020178E+01   -0.178409847624448981E+01
    0.334199890493030484E-02    0.271283512115478516E+02    0.767316458788883615E+01    0.409531313038483091E+01    0.976926684379577637E-01    0.769210584134519415E+01    0.798338959854533137E+01   -0.151946505356964190E+01
    0.332467030103683744E-02    0.271240425109863281E+02    0.762759489859026818E+01    0.443707828174987107E+01    0.637801960110664368E-01    0.766140755216762681E+01    0.104691439351347615E+02    0.404108611108591198E-01
    0.331050202086176186E-02    0.271178779602050781E+02    0.821090427007823465E+01    0.472846920787303038E+01    0.879720151424407959E-01    0.836586275112746058E+01    0.996610960110134947E+01   -0.206747236930432532E+01
    0.328989938272232323E-02    0.271156578063964844E+02    0.819783719140951028E+01    0.407698084877196898E+01    0.235227853059768677E+00    0.834678799157338958E+01    0.102627850736805701E+02   -0.123106712808814889E+01
    0.327485472913977439E-02    0.271101188659667969E+02    0.762976567287485086E+01    0.428629452837392755E+01    0.193224295973777771E+00    0.748610738116932239E+01    0.770735063183460323E+01   -0.132258712460780004E+01
    0.326166385023462938E-02    0.271034851074218750E+02    0.787513318832162224E+01    0.392593757331824156E+01    0.154067650437355042E+00    0.799373181323252613E+01    0.845000321253797004E+01   -0.144758376773636321E+01
    0.324279360460608297E-02    0.271003837585449219E+02    0.819886176136352418E+01    0.479118521871044312E+01    0.746893435716629028E-01    0.833523013246994715E+01    0.958730013173050111E+01   -0.212971760891456174E+01
    0.321992123788651489E-02    0.270998344421386719E+02    0.835553113173512507E+01    0.399909518120816942E+01    0.316150277853012085E+00    0.846096309326745732E+01    0.896452964606689484E+01   -0.164016165202956987E+01
    0.320012646278978888E-02    0.270974617004394531E+02    0.805886982524330620E+01    0.471887573107255420E+01    0.102263584733009338E+00    0.814040142527476718E+01    0.934492999858726670E+01   -0.152698474322859834E+01
    0.319479586492019433E-02    0.270860900878906250E+02    0.728392946493298243E+01    0.482016434724603560E+01    0.420816801488399506E-02    0.720189097143619072E+01    0.808116738725254713E+01   -0.119806110536853128E+01
    0.317534026776223992E-02    0.270836009979248047E+02    0.841934415846411355E+01    0.410104011245671263E+01    0.120019741356372833E+00    0.871717714124343601E+01    0.100109620124374974E+02   -0.211546082491318854E+01
    0.315681891184871029E-02    0.270805950164794922E+02    0.834594852484013394E+01    0.369379956988755520E+01    0.418795883655548096E+00    0.836163946272448833E+01    0.838928267821638585E+01   -0.198114112372547369E+01
    0.314212212134539620E-02    0.270752220153808594E+02    0.787298390995902952E+01    0.479004754753996931E+01    0.132149517536163330E+00    0.788280566898795509E+01    0.933089269649611808E+01   -0.141647934131171516E+01
    0.312278179876526122E-02    0.270728645324707031E+02    0.809369865890340812E+01    0.455818922072949473E+01    0.234359875321388245E+00    0.807424252050017799E+01    0.933674322125858502E+01   -0.171880949917336601E+01
    0.311391332092479439E-02    0.270638465881347656E+02    0.760088512911835856E+01    0.417425050069450521E+01    0.277883429080247879E-01    0.768729761629159647E+01    0.819113476254608841E+01    0.180705628809593843E+00
    0.309574140357948835E-02    0.270608463287353516E+02    0.786731125229579220E+01    0.481182335408155382E+01    0.112767294049263000E+00    0.791997835002953021E+01    0.916857889052022834E+01   -0.123088515004296628E+01
    0.308613435356476203E-02    0.270523567199707031E+02    0.813151268418269346E+01    0.396458452001053852E+01    0.453113853931427002E+00    0.798678720535967823E+01    0.849336776684521766E+01   -0.190279038121135580E+01
    0.307579729638358685E-02    0.270443611145019531E+02    0.785061281123743449E+01    0.475599429444126098E+01    0.150075182318687439E+00    0.750526058755531711E+01    0.704200366710664838E+01   -0.168976773872153041E+01
    0.305720340309304384E-02    0.270417823791503906E+02    0.813997598268993983E+01    0.423224999105920574E+01    0.256065905094146729E+00    0.810758346522473516E+01    0.945426113951604385E+01   -0.199877642717739912E+01
    0.304253801185295309E-02    0.270366935729980469E+02    0.854228951191437247E+01    0.472625134578863459E+01    0.461318381130695343E-01    0.873708359413262592E+01    0.890158903931408574E+01   -0.131411742441610557E+01
    0.302103488952961937E-02    0.270361728668212891E+02    0.736335972791656435E+01    0.447449707166567556E+01    0.479005984961986542E-01    0.711381928247438911E+01    0.802575179497818603E+01   -0.173669297145238533E+01
    0.300279209316017207E-02    0.270335807800292969E+02    0.800090691682682831E+01    0.481432415844386519E+01    0.273811314254999161E-01    0.818404177128520338E+01    0.100053187930574445E+02   -0.112929062255749724E+01
    0.298172911218256426E-02    0.270329532623291016E+02    0.778091364450137046E+01    0.376702054667309527E+01    0.194914430379867554E+00    0.790081557141501989E+01    0.103080045942782821E+02   -0.164076303993809791E+01
    0.297159155993939649E-02    0.270250587463378906E+02    0.756960496552222040E+01    0.477079940858361162E+01    0.355142392218112946E-01    0.747334413150198440E+01    0.884747268743212345E+01   -0.202712728100338468E+01
    0.294985832755231695E-02    0.270250339508056641E+02    0.767181703272338567E+01    0.481134846973858643E+01    0.266380272805690765E-01    0.775253267483244013E+01    0.101877733262521755E+02   -0.170101989561582201E+01
    0.295767497620124525E-02    0.270050354003906250E+02    0.789953969475742657E+01    0.456102535102809625E+01    0.746986567974090576E-01    0.799299861585688376E+01    0.104375314318546568E+02   -0.719083144176924316E+00
    0.297149704152371765E-02    0.269810047149658203E+02    0.839123990165039579E+01    0.417745444421548306E+01    0.366655588150024414E+00    0.816102028609830299E+01    0.774708253930978685E+01   -0.175292508364647603E+01
    0.295471973962430556E-02    0.269776229858398438E+02    0.820103200228700757E+01    0.397195445411829695E+01    0.392781138420104980E+00    0.780831845615645204E+01    0.727518830183416121E+01   -0.186026695097930439E+01
    0.293472994643992693E-02    0.269764938354492188E+02    0.763618563866971733E+01    0.412982889215116167E+01    0.151348918676376343E+00    0.767122503503101605E+01    0.100911565097696236E+02   -0.133681138708632563E+01
    0.291783464455268836E-02    0.269733352661132812E+02    0.789036263361431889E+01    0.375078086868304128E+01    0.148092627525329590E+00    0.798729624193444909E+01    0.885863260221489668E+01   -0.202146516928104214E+01
    0.289700564525838689E-02    0.269729576110839844E+02    0.782704365252712275E+01    0.464329836010968044E+01    0.673824688419699669E-02    0.797286315500910359E+01    0.866064670172913509E+01   -0.565504798448459578E+00
    0.287868534843289904E-02    0.269709396362304688E+02    0.751459828196529855E+01    0.480969984352069257E+01    0.550606958568096161E-01    0.734425752885019989E+01    0.950655783895677331E+01   -0.217396173967971196E+01
    0.286685507364747849E-02    0.269644699096679688E+02    0.768533307143906086E+01    0.413393652235562659E+01    0.192209720611572266E+00    0.765402325086452962E+01    0.839057418353082696E+01   -0.142121149153684900E+01
    0.284781276134013234E-02    0.269630928039550781E+02    0.847251254366364570E+01    0.447001997717169708E+01    0.112320389598608017E-01    0.871138727577505989E+01    0.902248224691994949E+01   -0.158983920370248955E+01
    0.284635709914633946E-02    0.269494094848632812E+02    0.809583236896866687E+01    0.360450998268496381E+01    0.378843516111373901E+00    0.813364880018523628E+01    0.991058992124926341E+01   -0.186538247454204908E+01
    0.282596288085091782E-02    0.269490852355957031E+02    0.792291780351423824E+01    0.467538124125182541E+01    0.261657517403364182E-01    0.788763236880095153E+01    0.795404707742956862E+01   -0.204835209056422984E+01
    0.280563986796140280E-02    0.269488143920898438E+02    0.824568488877454975E+01    0.397940601232132662E+01    0.215452522039413452E+00    0.832170212023718570E+01    0.831302804365424564E+01   -0.158516914755059846E+01
    0.279242621713715741E-02    0.269435501098632812E+02    0.743819630737987936E+01    0.466145982096232547E+01    0.625838115811347961E-01    0.738931796348390257E+01    0.788769535427159507E+01   -0.121567513983576037E+01
    0.278021854468989745E-02    0.269376068115234375E+02    0.811204019037198520E+01    0.445573556815140392E+01    0.366599783301353455E-01    0.840987311383697111E+01    0.100371377848580323E+02   -0.116219315962197367E+01
    0.276495626491670777E-02    0.269339103698730469E+02    0.844633186828795246E+01    0.469179761815968810E+01    0.761310532689094543E-01    0.863425300627416448E+01    0.961270612803739688E+01   -0.195174857017953274E+01
    0.275310497383815392E-02    0.269277954101562500E+02    0.846596538355740336E+01    0.419739955916725460E+01    0.616265892982482910E+00    0.809439299032369597E+01    0.775231003207999070E+01   -0.199314785675786865E+01
    0.273319644266556980E-02    0.269276046752929688E+02    0.848536304441820732E+01    0.453225281737190500E+01    0.567630678415298462E-01    0.876053877038039808E+01    0.938082897646955871E+01   -0.216175395474169063E+01
    0.271335942059668794E-02    0.269274673461914062E+02    0.816342437638766860E+01    0.395661267603154831E+01    0.336308330297470093E+00    0.821403958998538108E+01    0.995799774101319635E+01   -0.160912127653688319E+01
    0.269377169803354261E-02    0.269272518157958984E+02    0.824753867889666736E+01    0.412222798609199881E+01    0.534117668867111206E-01    0.855052053139582213E+01    0.984868483933346539E+01   -0.180588497792889879E+01
    0.269190952860410507E-02    0.269139289855957031E+02    0.765271916315895773E+01    0.445406582606507850E+01    0.868750140070915222E-01    0.765145866393214380E+01    0.100316497634645483E+02   -0.136343449249600934E+01
    0.267321841923512035E-02    0.269131584167480469E+02    0.800017838799369940E+01    0.385351653618448609E+01    0.222416251897811890E+00    0.803263313013324698E+01    0.826010650430072957E+01   -0.171691810167726322E+01
    0.266634364916510692E-02    0.269036026000976562E+02    0.771840072731562277E+01    0.475667260571425921E+01    0.785547867417335510E-01    0.760124727020237412E+01    0.960524467354626665E+01   -0.201422626778124636E+01
    0.265378097651416305E-02    0.268983421325683594E+02    0.792915313948291889E+01    0.435518568146693497E+01    0.314993597567081451E-01    0.812809755510330412E+01    0.958102569913577895E+01   -0.663838892403859626E+00
    0.263780115706430942E-02    0.268957157135009766E+02    0.762238898778662843E+01    0.383019592679597487E+01    0.225986912846565247E+00    0.747774486100559255E+01    0.761316184702884868E+01   -0.151421712513941431E+01
    0.262288291403274271E-02    0.268923530578613281E+02    0.771541875141902622E+01    0.424903648418877466E+01    0.146635144948959351E+00    0.769500354021586830E+01    0.880652572313409010E+01   -0.144437741724175872E+01
    0.260659441863453096E-02    0.268901062011718750E+02    0.817859189913417950E+01    0.441493174601146254E+01    0.388105034828186035E+00    0.779565147954510707E+01    0.736035643811930917E+01   -0.167277365811628176E+01
    0.259922162174092489E-02    0.268810653686523438E+02    0.766600076726549950E+01    0.430585127343473228E+01    0.867858156561851501E-01    0.764143713075835329E+01    0.775221611571849856E+01   -0.127597321279830034E+01
    0.258708128826251387E-02    0.268757228851318359E+02    0.780170381544676061E+01    0.443970715245736880E+01    0.194295480847358704E+00    0.766114476183540649E+01    0.991916039501484903E+01   -0.190813831293790526E+01
    0.257651327773474395E-02    0.268692035675048828E+02    0.846287908421511048E+01    0.469312037054757525E+01    0.504995621740818024E-01    0.873426106113014633E+01    0.993690456278264200E+01   -0.150396787621107864E+01
    0.255916761388585165E-02    0.268680076599121094E+02    0.828746146558922447E+01    0.445301444622200737E+01    0.121074080467224121E+00    0.846586786299836369E+01    0.977456096301554567E+01   -0.107879858168982290E+01
    0.257919484967234977E-02    0.268377113342285156E+02    0.749276443459830688E+01    0.440212216961402003E+01    0.129993870854377747E+00    0.738611300694629058E+01    0.892689688804689752E+01   -0.120473454524837553E+01
    0.256153308560852803E-02    0.268367481231689453E+02    0.783480714555974345E+01    0.462210816669961577E+01    0.137954086065292358E+00    0.774289689432058204E+01    0.967778905222112940E+01   -0.191153200121443145E+01
    0.255389071507083334E-02    0.268280181884765625E+02    0.839713842926024157E+01    0.375558413374857247E+01    0.452838301658630371E+00    0.837372542808607356E+01    0.845353889349270204E+01   -0.182199521364389883E+01
    0.253561378883134653E-02    0.268276767730712891E+02    0.823658913291874484E+01    0.427181396618887277E+01    0.242450937628746033E+00    0.819867988660405089E+01    0.845930467523168339E+01   -0.199336558638445904E+01
    0.251808715549327279E-02    0.268268432617187500E+02    0.827091049452249294E+01    0.389942695448899945E+01    0.401116043329238892E+00    0.823842024060585665E+01    0.832437204574239153E+01   -0.187263110305514857E+01
    0.250364777819102541E-02    0.268236389160156250E+02    0.847711051152583650E+01    0.429019418627152938E+01    0.111162565648555756E+00    0.862626185294662484E+01    0.857651468579625842E+01   -0.178145875467102677E+01
    0.249117684855585482E-02    0.268189201354980469E+02    0.775103358521718100E+01    0.370106406121225362E+01    0.291074484586715698E+00    0.774060928702769857E+01    0.986580445176068999E+01   -0.157557345319934683E+01
    0.247888387355631396E-02    0.268141078948974609E+02    0.766722557428165175E+01    0.441600788477578732E+01    0.691267326474189758E-01    0.757620789847774123E+01    0.781713458710903986E+01   -0.179606506363900320E+01
    0.246485499408242948E-02    0.268107528686523438E+02    0.784143356450679008E+01    0.444319221527173536E+01    0.203689932823181152E+00    0.758631409291415260E+01    0.756446315162127725E+01   -0.200795387534168635E+01
    0.244758169354256832E-02    0.268101119995117188E+02    0.772148811656433587E+01    0.435470459579813696E+01    0.880825053900480270E-02    0.792775525932967806E+01    0.935479906304308528E+01   -0.112374595026210300E+01
    0.243534822901671569E-02    0.268054275512695312E+02    0.753168652357894519E+01    0.469760120512811064E+01    0.331817120313644409E-01    0.749605536689636232E+01    0.954264996050262226E+01   -0.660710974920428074E+00
    0.242145026663436987E-02    0.268021678924560547E+02    0.834291421305429814E+01    0.382219225701511744E+01    0.417399495840072632E+00    0.837909971998256609E+01    0.895589937333978803E+01   -0.180217590173451869E+01
    0.241148295138392862E-02    0.267957115173339844E+02    0.766775666760220442E+01    0.414190268171801268E+01    0.128023862838745117E+00    0.753771576303046142E+01    0.918570737297670092E+01   -0.198988878796684543E+01
    0.239832722008652714E-02    0.267919464111328125E+02    0.746538092404526576E+01    0.379764657712922959E+01    0.171776503324508667E+00    0.717459221079506726E+01    0.829641991542346169E+01   -0.203293612118448097E+01
    0.238154284735683699E-02    0.267912864685058594E+02    0.790968757222547492E+01    0.409484556747325268E+01    0.296463161706924438E+00    0.769121306055062881E+01    0.745880092017400642E+01   -0.160932985033212139E+01
    0.236465718175632878E-02    0.267908115386962891E+02    0.755724193282183254E+01    0.415984227854956323E+01    0.137875542044639587E+00    0.731472145977136012E+01    0.748167220542926348E+01   -0.212165497679628956E+01
    0.235122766259475988E-02    0.267874965667724609E+02    0.797523437676237990E+01    0.398410836548341329E+01    0.186729609966278076E+00    0.804852065170807585E+01    0.976669233730273589E+01   -0.186111442511315750E+01
    0.233542317134742506E-02    0.267862796783447266E+02    0.784787970763911069E+01    0.452348617636420158E+01    0.346736162900924683E-01    0.803635920152158967E+01    0.964513176400834560E+01   -0.172936089821127448E+01
    0.232411598122392749E-02    0.267812805175781250E+02    0.731226047652244038E+01    0.458863270447168503E+01    0.729842185974121094E-01    0.710291806628548894E+01    0.784906877861095875E+01   -0.128509356837323963E+01
    0.230778053699030004E-02    0.267806816101074219E+02    0.823650404964325844E+01    0.389298330535549830E+01    0.177281379699707031E+00    0.844517759012828151E+01    0.959808815057071740E+01   -0.212911531312852320E+01
    0.229185277176082022E-02    0.267798271179199219E+02    0.825855100058924663E+01    0.409213546854006971E+01    0.246282398700714111E+00    0.835773890906424377E+01    0.899100294249511478E+01   -0.157965142692443816E+01
    0.228353582553892948E-02    0.267723922729492188E+02    0.761784088357026157E+01    0.397698871222191341E+01    0.188665091991424561E+00    0.749997504112961622E+01    0.873220286609351781E+01   -0.186987912627584407E+01
    0.226852597940755329E-02    0.267708759307861328E+02    0.790783153496732982E+01    0.464354671817618225E+01    0.552514120936393738E-01    0.801096130492200764E+01    0.101474568651570625E+02   -0.826695162596345234E+00
    0.226818176484406804E-02    0.267564735412597656E+02    0.813062939422525943E+01    0.383982403082377655E+01    0.345172464847564697E+00    0.809167933433298359E+01    0.811841806656733667E+01   -0.191845063929672688E+01
    0.225709895934599492E-02    0.267515640258789062E+02    0.777250324435727080E+01    0.454824063078433571E+01    0.121492691338062286E+00    0.739184796547371192E+01    0.704109039847175833E+01   -0.200614627894436426E+01
    0.224060838263613095E-02    0.267515239715576172E+02    0.754391739281256513E+01    0.432602529486542053E+01    0.544112809002399445E-01    0.756420314297971874E+01    0.101437249305026125E+02   -0.158710006036021412E+01
    0.222772614929478245E-02    0.267483501434326172E+02    0.804707734622376769E+01    0.441051749554651451E+01    0.153219886124134064E-01    0.825897641276460526E+01    0.969990209734347708E+01    0.815444656722696948E-02
    0.221360451406252831E-02    0.267463626861572266E+02    0.796628613810963504E+01    0.443541834675966928E+01    0.163479279726743698E-01    0.824564107191659446E+01    0.100145293730368117E+02   -0.111271744126376304E+01
    0.220099298136994985E-02    0.267430839538574219E+02    0.774444431440717818E+01    0.475563546452768726E+01    0.103506505489349365E+00    0.771146396102697818E+01    0.919688587130309543E+01   -0.151691528642973195E+01
    0.218888745412928153E-02    0.267394084930419922E+02    0.776544619172105932E+01    0.389534528149363979E+01    0.154810324311256409E+00    0.780914371373944238E+01    0.988443841341477381E+01   -0.214754421610953194E+01
    0.217336361251727365E-02    0.267389373779296875E+02    0.753884351863417024E+01    0.375950428917743551E+01    0.169830724596977234E+00    0.735737406741843181E+01    0.819846948740761583E+01   -0.216881882591460151E+01
    0.216010977043545232E-02    0.267364654541015625E+02    0.765528409149538014E+01    0.366260009439045708E+01    0.260806053876876831E+00    0.760487164757454082E+01    0.985359902980723135E+01   -0.164657453424180211E+01
    0.214446277944837366E-02    0.267362995147705078E+02    0.761895827296730310E+01    0.439039729722994210E+01    0.939802601933479309E-01    0.754989390931566184E+01    0.905711944716190231E+01   -0.217260788266990046E+01
    0.213049100636984821E-02    0.267346668243408203E+02    0.760344927658151537E+01    0.469216233174810249E+01    0.213398374617099762E-01    0.765671286404705942E+01    0.923631724007858423E+01   -0.121023335268605292E+01
    0.211640236214545628E-02    0.267332305908203125E+02    0.787425762989952549E+01    0.438136823960546540E+01    0.130934640765190125E-01    0.805251860812861331E+01    0.904928452253457216E+01   -0.322311653822748845E-01
    0.210221240707392579E-02    0.267319793701171875E+02    0.719064924807390060E+01    0.480947768292174516E+01    0.217433776706457138E-01    0.660427350080400277E+01    0.771235788371925768E+01   -0.936029971751508150E+00
    0.208707635794344462E-02    0.267317256927490234E+02    0.785692996812124278E+01    0.439645758353777438E+01    0.173135742545127869E+00    0.772344904882573857E+01    0.874117159322379678E+01   -0.202606439393087179E+01
    0.207189318635479618E-02    0.267316226959228516E+02    0.767136051408139785E+01    0.433951433519423890E+01    0.738744437694549561E-01    0.773612642168322662E+01    0.100407640435728389E+02   -0.930622367908410908E+00
    0.205760523450689448E-02    0.267307567596435547E+02    0.799962798862126689E+01    0.398792597211739164E+01    0.324508249759674072E+00    0.774095800878433327E+01    0.759045073964681460E+01   -0.207986313701602032E+01
    0.204580052915835165E-02    0.267275581359863281E+02    0.853243506946155428E+01    0.458003232121801496E+01    0.247985944151878357E-01    0.874495158550863039E+01    0.878936834122188415E+01   -0.169518063775517547E+01
    0.203330133670880488E-02    0.267251091003417969E+02    0.744382499484767290E+01    0.395889686268522256E+01    0.862250775098800659E-01    0.730500172007209692E+01    0.847105966866937266E+01   -0.207333475798460976E+01
    0.201977256588995943E-02    0.267237548828125000E+02    0.793228093289900027E+01    0.390080956941177925E+01    0.314061313867568970E+00    0.781905880614995219E+01    0.883095657265336520E+01   -0.207752165752393658E+01
    0.202159149554399613E-02    0.267072486877441406E+02    0.735807659455615237E+01    0.481368343941315935E+01    0.134747801348567009E-01    0.727967811132614884E+01    0.926529060463767173E+01   -0.148625588698608624E+01
    0.201349475535999569E-02    0.267005691528320312E+02    0.742767129524043579E+01    0.412302879913657883E+01    0.856372565031051636E-01    0.723635853837711274E+01    0.779804581566907729E+01   -0.210191142893889404E+01
    0.200041442999755433E-02    0.266988983154296875E+02    0.795552852581735603E+01    0.448876168798894959E+01    0.846441555768251419E-02    0.813613711412824436E+01    0.103982916280527746E+02   -0.736597668841173947E+00
    0.199213651007388920E-02    0.266924858093261719E+02    0.826179444432490762E+01    0.373767624044468993E+01    0.265475958585739136E+00    0.842546014652692854E+01    0.102173173994688824E+02   -0.210338205506831821E+01
    0.197809671042365517E-02    0.266919250488281250E+02    0.847602235756266076E+01    0.393159127551604026E+01    0.351834118366241455E+00    0.859235625754326726E+01    0.924701766555161520E+01   -0.218073956239486844E+01
    0.196438627060303937E-02    0.266911296844482422E+02    0.799945614616422684E+01    0.455366993990395219E+01    0.181313827633857727E-01    0.817818271249359618E+01    0.954488487772723637E+01   -0.490292397543557357E+00
    0.195285189606950464E-02    0.266882019042968750E+02    0.786734294956481506E+01    0.418078229546913427E+01    0.228162229061126709E+00    0.775371906319752924E+01    0.794580885427985084E+01   -0.192619286078486196E+01
    0.193868216464908229E-02    0.266880607604980469E+02    0.757158463968445794E+01    0.411950589130569345E+01    0.635741874575614929E-01    0.758747597869919765E+01    0.962376163156229580E+01   -0.195030615172894484E+01
    0.192906953981001445E-02    0.266832962036132812E+02    0.828073243052840624E+01    0.424927224934675518E+01    0.136416047811508179E+00    0.837613054752146802E+01    0.832393122708468525E+01   -0.131106326618513114E+01
    0.191772973383094866E-02    0.266803817749023438E+02    0.771369411664963689E+01    0.463231534003384926E+01    0.669087916612625122E-01    0.776519218026439084E+01    0.832249362981542262E+01   -0.102770652179012445E+01
    0.190730402847219061E-02    0.266765785217285156E+02    0.762101831334717605E+01    0.459120608910104888E+01    0.250091701745986938E-01    0.766621479015237384E+01    0.909526297100157599E+01   -0.552793739722149402E+00
    0.189541057908947899E-02    0.266743831634521484E+02    0.774874247548186013E+01    0.428015822559167081E+01    0.846088379621505737E-01    0.780508158684188214E+01    0.101381633287218520E+02   -0.202975491612822889E+01
    0.188186760397725142E-02    0.266740188598632812E+02    0.743488323084141722E+01    0.443296496068678625E+01    0.822256058454513550E-01    0.737248249960424129E+01    0.790633012587239392E+01   -0.130573093046064037E+01
    0.187328686653660380E-02    0.266684532165527344E+02    0.737616958373795750E+01    0.448506098694010369E+01    0.980754196643829346E-02    0.740630921674042408E+01    0.911106736130472861E+01   -0.130832828086993880E+01
    0.186192335681519125E-02    0.266659164428710938E+02    0.770720111638089111E+01    0.431534657882856010E+01    0.157133042812347412E+00    0.752814716867947542E+01    0.781915998977641635E+01   -0.184374211876127969E+01
    0.185111948551258156E-02    0.266628494262695312E+02    0.771067959606005893E+01    0.427176008212153580E+01    0.471116676926612854E-01    0.785531191014930208E+01    0.900438751317533281E+01   -0.147083727106787054E+01
    0.183896772717632366E-02    0.266613159179687500E+02    0.790846519403284809E+01    0.381246183564882957E+01    0.214399874210357666E+00    0.801982089018404842E+01    0.988415282080191204E+01   -0.154398262591655877E+01
    0.183552632831338438E-02    0.266503562927246094E+02    0.813460707470867561E+01    0.416190982788195196E+01    0.128447026014328003E+00    0.830195485995188953E+01    0.994483536187788353E+01   -0.179629865442647185E+01
    0.182440405624284888E-02    0.266478061676025391E+02    0.787905353970216460E+01    0.459217163324912647E+01    0.161467254161834717E+00    0.785520942270685563E+01    0.886750361152100197E+01   -0.166367606685317027E+01
    0.181131488239047326E-02    0.266475009918212891E+02    0.769577131248502688E+01    0.436073645532466969E+01    0.482344366610050201E-01    0.762726805573162725E+01    0.758639188309748924E+01   -0.172091700015080251E+01
    0.180028437710374567E-02    0.266450119018554688E+02    0.798863814345595369E+01    0.378552924335809537E+01    0.213810518383979797E+00    0.806400382755766998E+01    0.980193915065292387E+01   -0.210043072606021486E+01
    0.178948657646412889E-02    0.266423377990722656E+02    0.791433180079809784E+01    0.433760402168946424E+01    0.559717789292335510E-01    0.812040730840194946E+01    0.906641596857970988E+01   -0.107782300531149988E+01
    0.177669536007178750E-02    0.266419792175292969E+02    0.798904128975673267E+01    0.477726241838589250E+01    0.394762940704822540E-01    0.819022530839401064E+01    0.101245643005254919E+02   -0.117795692379494632E+01
    0.176461812747539994E-02    0.266409149169921875E+02    0.783578678610158263E+01    0.421483459299962959E+01    0.648693069815635681E-01    0.799412262880303448E+01    0.916185769930476290E+01   -0.166174158447846887E+01
    0.175825974585724280E-02    0.266334285736083984E+02    0.741899313173557484E+01    0.459786651618582365E+01    0.813206210732460022E-01    0.732990895569609791E+01    0.101764408949432106E+02   -0.115129322023900382E+01
    0.174946997107981402E-02    0.266287460327148438E+02    0.754858699766202701E+01    0.378721798295691991E+01    0.202382177114486694E+00    0.748016721722534417E+01    0.846136730935431558E+01   -0.156220062453474551E+01
    0.173668983560886121E-02    0.266287040710449219E+02    0.758561351085228441E+01    0.395345940183241717E+01    0.147925570607185364E+00    0.751697122408420526E+01    0.990864757965157850E+01   -0.191101701574776506E+01
    0.172985293959170179E-02    0.266218872070312500E+02    0.770336625887603788E+01    0.442790100621068383E+01    0.906449481844902039E-01    0.765630702021435638E+01    0.875718158015927806E+01   -0.178128442427711597E+01
    0.171939558565460042E-02    0.266193084716796875E+02    0.733267348038648414E+01    0.478408943526302810E+01    0.504167489707469940E-01    0.709708420107036275E+01    0.773593489149421298E+01   -0.133254603943532945E+01
    0.170921660000326035E-02    0.266164779663085938E+02    0.800578744119160568E+01    0.461806174070281283E+01    0.128400534391403198E+00    0.809026976037097256E+01    0.102872996358141471E+02   -0.133162823717881507E+01
    0.169761101151393208E-02    0.266153984069824219E+02    0.756270190621842087E+01    0.454172599508117614E+01    0.118639089167118073E+00    0.739515978074641200E+01    0.861757660061884145E+01   -0.170584769084382426E+01
    0.168684979498000286E-02    0.266134109497070312E+02    0.739333977219412120E+01    0.459241790137298178E+01    0.621160715818405151E-01    0.724089613810272503E+01    0.803788858645565796E+01   -0.124589229222105091E+01
    0.167714816200292436E-02    0.266102409362792969E+02    0.786952783062877792E+01    0.404211480063834383E+01    0.193159937858581543E+00    0.783841194794919627E+01    0.786855621705771568E+01   -0.168693897206643850E+01
    0.166651030295485994E-02    0.266082611083984375E+02    0.770073347477826875E+01    0.477276871057522101E+01    0.723343417048454285E-01    0.763960936654829403E+01    0.827948313751965514E+01   -0.180201778511360211E+01
    0.165662544453264084E-02    0.266054534912109375E+02    0.800607700108718134E+01    0.426984812571502648E+01    0.970916971564292908E-01    0.809733601255010171E+01    0.830810071038925457E+01   -0.143700349480119649E+01
    0.164651655030770652E-02    0.266029891967773438E+02    0.847478097786540729E+01    0.434177960524946371E+01    0.307279825210571289E+00    0.848018805087803251E+01    0.875052250473794579E+01   -0.200119182732805356E+01
    0.164353874502196507E-02    0.265919036865234375E+02    0.792655342692028242E+01    0.477303064423200141E+01    0.483546666800975800E-01    0.807098674893993184E+01    0.867954793820027071E+01   -0.130852049065124154E+01
    0.163301127560432579E-02    0.265900497436523438E+02    0.778850510849979649E+01    0.426141070115269116E+01    0.178365826606750488E+00    0.776831632991065568E+01    0.861035165176237349E+01   -0.176248729577647500E+01
    0.162139111435536222E-02    0.265896263122558594E+02    0.826148345978277021E+01    0.372983214295761023E+01    0.370118826627731323E+00    0.831727217557526544E+01    0.916798743244726921E+01   -0.207503849408924035E+01
    0.161020064949069018E-02    0.265887718200683594E+02    0.786126063598908509E+01    0.374244711685573916E+01    0.386025249958038330E+00    0.759465476325731270E+01    0.735358702656996854E+01   -0.170658854714049868E+01
    0.160159038956602675E-02    0.265847892761230469E+02    0.799405916448741749E+01    0.461319768830247590E+01    0.143731147050857544E+00    0.797903775138001592E+01    0.864750470981226016E+01   -0.198582950289715798E+01
    0.159035153929510211E-02    0.265841674804687500E+02    0.795174013180836159E+01    0.362308830448154096E+01    0.358164221048355103E+00    0.792992831636855122E+01    0.967854494715142089E+01   -0.207345015541629563E+01
    0.158160304991838171E-02    0.265804939270019531E+02    0.833532366018211057E+01    0.425609424258896940E+01    0.250966399908065796E+00    0.836865242286390831E+01    0.882875628387966316E+01   -0.213362389972995103E+01
    0.157108569136891855E-02    0.265791320800781250E+02    0.770308427924321393E+01    0.417095820530875194E+01    0.627151727676391602E-01    0.777537247393844755E+01    0.101540873777409715E+02   -0.199725810523537484E+01
    0.156202304203695752E-02    0.265759963989257812E+02    0.768319284042233175E+01    0.428490450720663674E+01    0.744032487273216248E-01    0.771428994971607462E+01    0.816565383000847511E+01   -0.154477795956010922E+01
    0.155157521802355984E-02    0.265747127532958984E+02    0.793559965327205141E+01    0.457559204838934441E+01    0.329972733743488789E-02    0.812612634988185789E+01    0.900113556337189280E+01   -0.681302679090190155E+00
    0.154694902177352671E-02    0.265659790039062500E+02    0.743691480449032483E+01    0.408446947768955937E+01    0.817482024431228638E-01    0.722891497989429421E+01    0.927969712246661871E+01   -0.203308922888395038E+01
    0.169607962300888891E-02    0.263818912506103516E+02    0.813447800327488046E+01    0.433668583162192700E+01    0.828774720430374146E-01    0.837155604173351975E+01    0.975121516084111306E+01   -0.159718747589967180E+01
    0.171717260326945315E-02    0.263571720123291016E+02    0.805952675201862867E+01    0.448344590139773214E+01    0.922952294349670410E-01    0.824414770579885925E+01    0.968641346656298730E+01   -0.164683235285265361E+01
    0.157288498305984217E-02    0.265327072143554688E+02    0.795081277967533495E+01    0.446957780488569689E+01    0.116057842969894409E+00    0.808913721993697976E+01    0.902640271267632954E+01   -0.133668952948836339E+01
    0.206029860160300863E-02    0.259928283691406250E+02    0.798260208922550696E+01    0.464754645721385895E+01    0.183488167822360992E-01    0.819191565712232794E+01    0.923291172621232192E+01   -0.134163941543663556E+01
    0.159681957979984613E-02    0.265025024414062500E+02    0.790218414569678984E+01    0.454583506300640838E+01    0.113478712737560272E+00    0.800510861919065242E+01    0.904061249438813874E+01   -0.144903626674463526E+01
    0.170255389119042776E-02    0.263742713928222656E+02    0.811245433168411445E+01    0.457873385332887661E+01    0.979085266590118408E-01    0.828444624775006311E+01    0.985223866416037097E+01   -0.116622929600973846E+01
    0.171346738945462847E-02    0.263614921569824219E+02    0.797185137993385062E+01    0.472096767591407840E+01    0.693914443254470825E-01    0.810692518853779553E+01    0.994445565630581996E+01   -0.139553314043155585E+01
    0.189139550948001539E-02    0.261639003753662109E+02    0.773645432122436905E+01    0.458277055080302187E+01    0.250431504100561142E-01    0.784588112616940503E+01    0.102530260409195968E+02   -0.884745305210797639E+00
    0.204246267985592339E-02    0.260102176666259766E+02    0.785383841589607012E+01    0.464633335161724137E+01    0.880452245473861694E-02    0.804875100157809520E+01    0.973813615627840790E+01   -0.156670003658477808E+01
    0.180176922332256698E-02    0.262609920501708984E+02    0.796856241078292271E+01    0.441236739877129835E+01    0.996098294854164124E-01    0.814706316885936488E+01    0.102886030333850336E+02   -0.123711581276347005E+01
    0.218965705786185920E-02    0.258710403442382812E+02    0.785562100380326367E+01    0.463944069632806144E+01    0.821744836866855621E-02    0.799304616611842800E+01    0.883146208745960948E+01   -0.177554093038013017E+01
    0.201114819081743296E-02    0.260411186218261719E+02    0.826720962459121900E+01    0.453510158218191695E+01    0.927239656448364258E-02    0.852659073902366949E+01    0.933041764214192959E+01   -0.165738569437893712E+01
    0.215547110691636547E-02    0.259025115966796875E+02    0.822188435408412488E+01    0.450697987264358968E+01    0.167904943227767944E-01    0.844697742705256793E+01    0.933148376562339621E+01   -0.213097594243537891E+01
    0.215260132146817421E-02    0.259051761627197266E+02    0.801968427248517735E+01    0.446305603057427014E+01    0.981578230857849121E-01    0.815943694621189053E+01    0.972651634798935838E+01   -0.182745290238928293E+01
    0.205419108198708804E-02    0.259987659454345703E+02    0.821507841819843421E+01    0.449868093249223922E+01    0.513738095760345459E-01    0.843890336375812566E+01    0.955802907113668354E+01   -0.193778847253007913E+01
    0.166415188569348361E-02    0.264198989868164062E+02    0.821560460272672266E+01    0.461498128004920627E+01    0.663817003369331360E-01    0.836559425124001521E+01    0.102185361326808888E+02   -0.198523370302000557E+01
    0.160681930898468701E-02    0.264900169372558594E+02    0.773674537786890326E+01    0.444831197415018842E+01    0.318917594850063324E-01    0.781854941251893720E+01    0.921315255249883691E+01   -0.169178683806586494E+01
    0.161062104270784509E-02    0.264852905273437500E+02    0.791031885870276241E+01    0.469975016288666492E+01    0.323705608025193214E-03    0.806250707966700197E+01    0.935991174554433236E+01   -0.172162107645634554E+01
    0.155026687945968434E-02    0.265616760253906250E+02    0.783457784914403277E+01    0.479185930689292139E+01    0.173932388424873352E-01    0.798120555938466492E+01    0.903358676525455806E+01   -0.149032307293598665E+01
    0.157533191705119509E-02    0.265295982360839844E+02    0.798616744466060702E+01    0.439097521283580861E+01    0.150456994771957397E+00    0.809481273704600568E+01    0.893572742220279181E+01   -0.141477352798139244E+01
    0.157579470992177842E-02    0.265290107727050781E+02    0.804344368576279578E+01    0.451015512235718408E+01    0.962752103805541992E-01    0.821567804170169325E+01    0.104103427575436065E+02   -0.173091142439691481E+01
    0.158071802725431388E-02    0.265227718353271484E+02    0.766860363268633272E+01    0.452780228280297248E+01    0.262240618467330933E-01    0.782333135573694616E+01    0.977831001444511294E+01   -0.149912404461956039E+01
    0.157084927438212339E-02    0.265352973937988281E+02    0.784166301919923558E+01    0.421851781894678002E+01    0.207020848989486694E+00    0.782307341284749036E+01    0.102520119264695850E+02   -0.180475060942043553E+01
    0.169941010173619319E-02    0.263779678344726562E+02    0.765437310278348271E+01    0.448077568407291515E+01    0.119755119085311890E+00    0.760810815016370068E+01    0.987078622417370077E+01   -0.145842129143287025E+01
    0.197842801972637457E-02    0.260739250183105469E+02    0.749718278815012251E+01    0.447485035680735432E+01    0.565453805029392242E-01    0.734686131375606699E+01    0.103529621032236978E+02   -0.188778516801087015E+01
    0.183621989939765557E-02    0.262231121063232422E+02    0.778709177637049521E+01    0.442488570817162774E+01    0.116984248161315918E+00    0.784658380640411224E+01    0.103935718205817764E+02   -0.130590254763410973E+01
    0.206299221065434166E-02    0.259902153015136719E+02    0.764187973380011520E+01    0.464707796614731095E+01    0.568259656429290771E-01    0.768887645475455983E+01    0.999150106388872317E+01   -0.131884886711945359E+01
    0.155699062315515688E-02    0.265530204772949219E+02    0.748261848845029043E+01    0.471861916579003182E+01    0.716189369559288025E-01    0.734918061280388191E+01    0.104201980791968669E+02   -0.141647710590796727E+01
    0.180706937079790986E-02    0.262551174163818359E+02    0.771258923717045874E+01    0.455605813976616414E+01    0.116462647914886475E+00    0.770981636570123818E+01    0.103669891908102283E+02   -0.154745387708262361E+01
    0.190456723476483108E-02    0.261500205993652344E+02    0.759100725744116556E+01    0.434917196780711812E+01    0.104713045060634613E+00    0.752301668814131919E+01    0.976406604885472262E+01   -0.176909230535776874E+01
    0.196323209489895857E-02    0.260893459320068359E+02    0.770933391277568170E+01    0.473559455215235037E+01    0.818054936826229095E-02    0.781907805720840976E+01    0.102594428844252956E+02   -0.167734854227032071E+01
    0.170178930873755570E-02    0.263751697540283203E+02    0.798479018200926927E+01    0.403620046946291122E+01    0.155203834176063538E+00    0.810175853935493251E+01    0.103468925425960592E+02   -0.197984639540570329E+01
    0.173944169470496846E-02    0.263314018249511719E+02    0.785429990890862850E+01    0.414334801020850918E+01    0.960017740726470947E-01    0.796191667056078067E+01    0.939720348298363639E+01   -0.189521787451741064E+01
    0.163088607170296888E-02    0.264602832794189453E+02    0.744772362921788655E+01    0.429386162684942807E+01    0.427875481545925140E-01    0.735748558861863966E+01    0.995087721190349761E+01   -0.216623173607921959E+01
    0.163732382997793034E-02    0.264524040222167969E+02    0.762687643720460517E+01    0.418476980421558675E+01    0.439947210252285004E-01    0.766686789320525364E+01    0.100953372497734470E+02   -0.198385483115158623E+01
    0.176847585261826401E-02    0.262982940673828125E+02    0.768294993299585194E+01    0.460697113360374999E+01    0.620661601424217224E-01    0.758916438362276580E+01    0.103140746934177550E+02   -0.197683527509131096E+01
    0.199479901262346587E-02    0.260574436187744141E+02    0.770315404392617520E+01    0.458304757574914134E+01    0.424603112041950226E-01    0.773502375971664158E+01    0.962741313181656366E+01   -0.193240724600468239E+01
    0.192550212543591507E-02    0.261281566619873047E+02    0.784855194569946146E+01    0.437554923282739594E+01    0.740791624411940575E-02    0.799963039840962864E+01    0.100514408978996048E+02   -0.212759873575145431E+01
    0.234124170057923566E-02    0.257371673583984375E+02    0.785380135217327791E+01    0.447149930711239296E+01    0.371321663260459900E-01    0.798182529780624161E+01    0.100694149137024080E+02   -0.186409262193181169E+01
    0.173336101075712229E-02    0.263384056091308594E+02    0.761787087297946997E+01    0.452607149425577848E+01    0.121536301448941231E-01    0.766117144000476102E+01    0.928351826635201682E+01   -0.210785631535112428E+01
    0.191844715556730274E-02    0.261354980468750000E+02    0.761743579188057574E+01    0.422285610716265225E+01    0.101117357611656189E+00    0.754884065637013535E+01    0.963043676946873184E+01   -0.192599681720271332E+01
    0.164020102806069611E-02    0.264488925933837891E+02    0.787143042836457596E+01    0.457208528772513034E+01    0.359384343028068542E-01    0.792115720782054655E+01    0.104782578785927285E+02   -0.207615649983471329E+01
    0.158792362130474700E-02    0.265136756896972656E+02    0.808070968199114859E+01    0.378082179054377976E+01    0.223723143339157104E+00    0.822535212122947890E+01    0.936243890909410226E+01   -0.184859326813757452E+01
    0.184561428376230443E-02    0.262129058837890625E+02    0.795987138817586448E+01    0.405917866701183971E+01    0.203033760190010071E+00    0.799609715090597994E+01    0.920013945009580247E+01   -0.194014973251865142E+01
    0.194045042340613766E-02    0.261126899719238281E+02    0.775123967135095882E+01    0.376935632263021603E+01    0.193152844905853271E+00    0.772619393424528056E+01    0.968348219084060702E+01   -0.203686425732671994E+01
    0.158355767133643260E-02    0.265191822052001953E+02    0.826714707706002194E+01    0.417294417271205376E+01    0.259104996919631958E+00    0.834903302153445637E+01    0.909124239784955535E+01   -0.171493416365799223E+01
    0.199973801047512948E-02    0.260524978637695312E+02    0.797807580250990966E+01    0.430225023413706875E+01    0.883635804057121277E-01    0.809611689682913038E+01    0.878173075237592116E+01   -0.207625998500494369E+01
    0.187330235380044128E-02    0.261831245422363281E+02    0.812261346756560343E+01    0.416500435983235029E+01    0.244337096810340881E+00    0.815551634501057698E+01    0.104142679168579164E+02   -0.206247377306472357E+01
    0.177980512617370449E-02    0.262855224609375000E+02    0.854444854736727244E+01    0.432151680736421895E+01    0.632087737321853638E-01    0.876085644490176207E+01    0.908700611660787416E+01   -0.197986506925458827E+01
    0.202823670371024166E-02    0.260241966247558594E+02    0.813799621262368511E+01    0.455057687147354439E+01    0.104784332215785980E+00    0.823699008999825644E+01    0.884500429929769183E+01   -0.188342207612190893E+01
    0.209891168146548578E-02    0.259556922912597656E+02    0.837483422546451806E+01    0.447210976690708684E+01    0.776744335889816284E-01    0.858966788333025200E+01    0.967432198092064333E+01   -0.215648510987871411E+01
    0.187752328999520198E-02    0.261786231994628906E+02    0.861091097616551870E+01    0.430783135445484522E+01    0.937596857547760010E-01    0.888032464914658526E+01    0.997530265774062919E+01   -0.210190296828649048E+01
    0.172339535681466935E-02    0.263499374389648438E+02    0.838696347359580230E+01    0.427627471428599826E+01    0.209796115756034851E+00    0.851261736669425240E+01    0.899885830814762500E+01   -0.172786446805208849E+01
    0.173371480209956030E-02    0.263379974365234375E+02    0.825896990909084749E+01    0.406190065794420896E+01    0.195255219936370850E+00    0.843087374564432146E+01    0.989127359926650129E+01   -0.190443728368110476E+01
    0.165062825862265293E-02    0.264362182617187500E+02    0.807796602467265501E+01    0.397668342885995862E+01    0.228076189756393433E+00    0.819159569810341281E+01    0.102391265625107231E+02   -0.186497577383480140E+01
    0.175247417810872326E-02    0.263164730072021484E+02    0.810306590522111492E+01    0.430129431021023656E+01    0.194662258028984070E+00    0.820594616732024384E+01    0.970821968721797646E+01   -0.172263213412160154E+01
    0.155422826351469157E-02    0.265565719604492188E+02    0.848947957856751678E+01    0.446885977274018309E+01    0.215094372630119324E+00    0.860493032129542357E+01    0.971266250071591308E+01   -0.204730192789524246E+01
    0.162586542025164402E-02    0.264664497375488281E+02    0.821221415238892938E+01    0.414717009580895457E+01    0.181337729096412659E+00    0.837644876472501387E+01    0.993740596943043997E+01   -0.201314412638760354E+01
    0.158947508539370288E-02    0.265117225646972656E+02    0.862170347491863254E+01    0.416073211387022379E+01    0.175565689802169800E+00    0.880480828912111413E+01    0.904933601654005848E+01   -0.194032494939295397E+01
    0.155488502905582675E-02    0.265557270050048828E+02    0.821420851374118755E+01    0.437216812799358046E+01    0.204861432313919067E+00    0.833148043586355058E+01    0.960570166207525489E+01   -0.184043189627875337E+01
    0.163747373831377640E-02    0.264522209167480469E+02    0.835677568672787352E+01    0.414690061538987909E+01    0.171223893761634827E+00    0.852401966000126343E+01    0.895284801226598859E+01   -0.172714129291776386E+01
    0.210106458888238961E-02    0.259536418914794922E+02    0.821581035657034064E+01    0.432547379121604259E+01    0.102883726358413696E+00    0.840249687950236179E+01    0.944557584962401720E+01   -0.200351248212836275E+01
    0.172149645080963169E-02    0.263521423339843750E+02    0.822350119205760954E+01    0.409399129820452234E+01    0.266811281442642212E+00    0.832382564049068741E+01    0.103982763610602049E+02   -0.184773576065876477E+01
    0.178378477289178189E-02    0.262810554504394531E+02    0.797944792491200072E+01    0.405507406577975349E+01    0.199153155088424683E+00    0.805058523958033945E+01    0.957101738281827252E+01   -0.186020530155512587E+01
    0.175650159289413520E-02    0.263118820190429688E+02    0.782168795914022841E+01    0.407707627920414417E+01    0.141462177038192749E+00    0.786291316203994661E+01    0.935953607896515294E+01   -0.187829853290884929E+01
    0.204775011763694802E-02    0.260050468444824219E+02    0.819723428566766543E+01    0.459608642442880555E+01    0.583780445158481598E-01    0.833557049418752527E+01    0.858475539366861184E+01   -0.175446299017176632E+01
    0.155312143381148736E-02    0.265579967498779297E+02    0.845600301943375143E+01    0.443757856838628051E+01    0.355228856205940247E-01    0.874994253545476397E+01    0.924704190317215335E+01   -0.176381189857036480E+01
    0.178307553449200129E-02    0.262818508148193359E+02    0.807165779255165461E+01    0.467098420611193443E+01    0.375592112541198730E-01    0.820127604917533404E+01    0.884455592266899870E+01   -0.202528308851175565E+01
    0.203923765084489334E-02    0.260133781433105469E+02    0.832362104769494238E+01    0.454171474646761464E+01    0.839647874236106873E-01    0.847078374551542623E+01    0.881375871643405873E+01   -0.211894782855723429E+01
    0.198882117062310505E-02    0.260634460449218750E+02    0.754202190578879161E+01    0.466192381899906660E+01    0.635681524872779846E-01    0.750432118968364481E+01    0.100274460179994751E+02   -0.151313523777852499E+01
    0.164272448601053751E-02    0.264458179473876953E+02    0.822965367877695186E+01    0.375956676921502897E+01    0.278976231813430786E+00    0.830202970615305347E+01    0.852694198473775167E+01   -0.199621307999868169E+01
    0.182883964011491297E-02    0.262311668395996094E+02    0.807556173781167530E+01    0.401447090382808724E+01    0.249871045351028442E+00    0.795388733072473997E+01    0.776144426468749415E+01   -0.200284761346737028E+01
    0.168725650321181297E-02    0.263923225402832031E+02    0.809701671851057370E+01    0.377325335620981406E+01    0.361486822366714478E+00    0.806037202157928334E+01    0.814813628248436395E+01   -0.179292979655844054E+01
    0.182294879883443828E-02    0.262376194000244141E+02    0.826054217840246885E+01    0.412106471111221762E+01    0.436456590890884399E+00    0.792256395251854695E+01    0.749948936648994469E+01   -0.192998147208471282E+01
    0.160957996594860049E-02    0.264865837097167969E+02    0.823666957083109708E+01    0.390496029672314160E+01    0.403336763381958008E+00    0.810822287682641196E+01    0.802118149182770601E+01   -0.196317596533172112E+01
    0.168794533566982543E-02    0.263915061950683594E+02    0.799526737181317060E+01    0.375172559408208794E+01    0.242865309119224548E+00    0.798658910476402006E+01    0.817406210430800506E+01   -0.199521735644636333E+01
    0.169129210016730701E-02    0.263875446319580078E+02    0.819576393284360449E+01    0.426322149489138713E+01    0.202822744846343994E+00    0.827079506537873677E+01    0.859378103670178817E+01   -0.154055743705964598E+01
    0.164272291938713337E-02    0.264458198547363281E+02    0.807193454532801624E+01    0.421726270491181587E+01    0.126691520214080811E+00    0.811538047707530019E+01    0.808535866928011693E+01   -0.149790922201916099E+01
    0.172612911596685035E-02    0.263467674255371094E+02    0.812631031121564540E+01    0.425829152666717903E+01    0.714424252510070801E-01    0.811422210713883274E+01    0.781341894126319225E+01   -0.190590884589734877E+01
    0.172750256370406900E-02    0.263451766967773438E+02    0.805096792213173629E+01    0.440113508461643921E+01    0.297617524862289429E+00    0.767928499335495651E+01    0.731122828001664526E+01   -0.209399316149964587E+01
    0.207763829687338366E-02    0.259760665893554688E+02    0.797620358987608657E+01    0.439035816190575723E+01    0.169025003910064697E+00    0.780972307156513512E+01    0.758109741926577829E+01   -0.182013904455124420E+01
    0.228745187446970999E-02    0.257836532592773438E+02    0.796399646679580808E+01    0.438367948749302450E+01    0.109097041189670563E+00    0.787280829092192036E+01    0.769609027673659263E+01   -0.216997502057989200E+01
    0.159484719076553286E-02    0.265049743652343750E+02    0.806280900492053831E+01    0.422306398607491040E+01    0.180029600858688354E+00    0.806844008355592024E+01    0.806086944562209595E+01   -0.135343857520439625E+01
    0.221722661864420930E-02    0.258460159301757812E+02    0.810718775498510347E+01    0.433668297542291103E+01    0.129091218113899231E+00    0.810619427619270816E+01    0.802844648298801467E+01   -0.183194467283753060E+01
    0.164603025147329329E-02    0.264417972564697266E+02    0.789869264421372730E+01    0.375662206696602352E+01    0.314889967441558838E+00    0.790730147855365928E+01    0.925278110819432342E+01   -0.169494244733277988E+01
    0.169641933361570668E-02    0.263814907073974609E+02    0.773225159137655726E+01    0.378543646844763559E+01    0.212385162711143494E+00    0.761835852668070856E+01    0.849242457736318812E+01   -0.204118163636694394E+01
    0.187948496166311682E-02    0.261765346527099609E+02    0.791425214474901573E+01    0.415254091501973477E+01    0.210888296365737915E+00    0.782116703283949999E+01    0.817072768674471916E+01   -0.199594929245708719E+01
    0.194298549144711103E-02    0.261100788116455078E+02    0.781092374215545160E+01    0.420043723833578042E+01    0.145664945244789124E+00    0.781238480088941856E+01    0.857587033834602863E+01   -0.186508754704279145E+01
    0.168019453157612240E-02    0.264007110595703125E+02    0.784402502042301908E+01    0.409327170265594908E+01    0.164266496896743774E+00    0.784294740863105755E+01    0.844099867494188061E+01   -0.202408403821589333E+01
    0.164012751148138645E-02    0.264489822387695312E+02    0.787714816473318891E+01    0.396900997952389245E+01    0.222481995820999146E+00    0.788742031105028740E+01    0.875921469525281182E+01   -0.179915795573701587E+01
    0.156798456724367707E-02    0.265389480590820312E+02    0.773652253560272030E+01    0.386954418537596734E+01    0.182861670851707458E+00    0.770057970261557578E+01    0.913967915079218329E+01   -0.207065589145111062E+01
    0.170327820735494584E-02    0.263734207153320312E+02    0.774926760037897377E+01    0.397110709649008031E+01    0.173987269401550293E+00    0.771574262490479601E+01    0.928133937564915712E+01   -0.198353502751000366E+01
    0.166234679234591250E-02    0.264220695495605469E+02    0.791957067790450431E+01    0.422182852950208076E+01    0.151595607399940491E+00    0.801979304997164633E+01    0.895177626193393117E+01   -0.146479839444090132E+01
    0.159399871818214256E-02    0.265060386657714844E+02    0.771899754303944174E+01    0.361257782454538567E+01    0.231850236654281616E+00    0.761533414178127988E+01    0.790383030850222745E+01   -0.205189914313423172E+01
    0.175100072044884095E-02    0.263181552886962891E+02    0.780509402281735909E+01    0.430282014565582394E+01    0.860425233840942383E-01    0.782079284565494426E+01    0.812187981224907496E+01   -0.205504087712444150E+01
    0.174788248629981473E-02    0.263217201232910156E+02    0.743865562990287188E+01    0.441859785219707124E+01    0.162850413471460342E-01    0.739783241110174927E+01    0.904554263357203148E+01   -0.173591227339409970E+01
    0.164047791794376808E-02    0.264485549926757812E+02    0.737822984279468042E+01    0.473928215126536401E+01    0.511762388050556183E-01    0.723972184242829631E+01    0.947667219356752888E+01   -0.160495587310761767E+01
    0.161003746544701484E-02    0.264860153198242188E+02    0.743162582646071979E+01    0.472636564679836546E+01    0.807503387331962585E-01    0.724129272005408620E+01    0.957051640384124624E+01   -0.137934056579631914E+01
    0.168620448437180543E-02    0.263935699462890625E+02    0.749773327732299055E+01    0.461443981840667661E+01    0.634965077042579651E-01    0.749479481693071659E+01    0.953884676107304230E+01   -0.134891377832605253E+01
    0.208235141796968238E-02    0.259715347290039062E+02    0.740750090641978520E+01    0.471920122044111157E+01    0.236456058919429779E-01    0.731685882892020167E+01    0.911104099536180811E+01   -0.165809340938387395E+01
    0.169492996493705904E-02    0.263832473754882812E+02    0.756117457924915470E+01    0.437485972213141316E+01    0.973868519067764282E-01    0.755086202000671314E+01    0.848974761474538120E+01   -0.146445301432344976E+01
    0.160543463234555784E-02    0.264917411804199219E+02    0.746788100901573682E+01    0.426455070351535248E+01    0.645919293165206909E-01    0.735979987561679483E+01    0.918134215668486675E+01   -0.195527606941268006E+01
    0.172403975195002277E-02    0.263491897583007812E+02    0.780067818464609886E+01    0.441463228887110226E+01    0.396019220352172852E-01    0.779451740719350905E+01    0.783866925142291304E+01   -0.181423595102175139E+01
    0.179006453761805864E-02    0.262740268707275391E+02    0.759396333734294071E+01    0.433634327498850158E+01    0.806796476244926453E-01    0.750802502557425111E+01    0.875902162898399261E+01   -0.202046068042404192E+01
    0.162376733573500981E-02    0.264690322875976562E+02    0.742452208068687725E+01    0.414826135388564854E+01    0.700642168521881104E-01    0.725246198167163403E+01    0.872191393107538815E+01   -0.204521369108902284E+01
    0.174544050275843104E-02    0.263245162963867188E+02    0.742196476036324881E+01    0.468713081218638283E+01    0.383341982960700989E-01    0.730318733015163524E+01    0.839464030194813660E+01   -0.172253115492181008E+01
    0.166239118238692397E-02    0.264220161437988281E+02    0.758622963492958036E+01    0.445577140084479417E+01    0.946813151240348816E-01    0.737778348107816928E+01    0.810120167470106978E+01   -0.209268468677545316E+01
    0.174476481337556915E-02    0.263252906799316406E+02    0.761752884027136368E+01    0.437296452713804928E+01    0.757417380809783936E-01    0.747792009339755559E+01    0.808237507738896888E+01   -0.212750363699588130E+01
    0.161575948849673745E-02    0.264789199829101562E+02    0.768291301042791730E+01    0.457902677893607901E+01    0.488580688834190369E-01    0.770150309420090462E+01    0.779385940263415211E+01   -0.159176286096047992E+01
    0.169004253207653572E-02    0.263890228271484375E+02    0.758435695069568983E+01    0.467826959103325901E+01    0.345052294433116913E-01    0.746333321581660947E+01    0.741638780372133422E+01   -0.184119879321657298E+01
    0.193204309989777976E-02    0.261213741302490234E+02    0.749065634521146251E+01    0.440950652662835374E+01    0.839488357305526733E-01    0.722565232087911902E+01    0.701979581377351103E+01   -0.168730102682521332E+01
    0.197742450948944389E-02    0.260749397277832031E+02    0.761671465544189630E+01    0.443289016506127531E+01    0.933605730533599854E-01    0.734309731949658850E+01    0.727199213674890643E+01   -0.200375593947299580E+01
    0.174763580093525777E-02    0.263220024108886719E+02    0.747100459292914110E+01    0.450310873203699469E+01    0.666378512978553772E-01    0.721456578436553375E+01    0.783313504395383564E+01   -0.193655494568744513E+01
    0.162234948771007624E-02    0.264707794189453125E+02    0.734005105455123630E+01    0.454128136237146673E+01    0.224424358457326889E-01    0.723007667962804135E+01    0.779162032264806736E+01   -0.170259440864952571E+01
    0.196498346118121866E-02    0.260875625610351562E+02    0.740135549948181470E+01    0.443439396786775308E+01    0.432704798877239227E-01    0.716608103091249404E+01    0.751069618523929350E+01   -0.188632929986645603E+01
    0.170710953199601371E-02    0.263689270019531250E+02    0.740217574816219326E+01    0.454534605276916981E+01    0.519853383302688599E-01    0.713039348886723090E+01    0.786955316872632693E+01   -0.217269541204528416E+01
    0.182207801865216183E-02    0.262385749816894531E+02    0.757770850940235974E+01    0.378852992774281905E+01    0.160658508539199829E+00    0.746654463927648671E+01    0.815653231383399735E+01   -0.213642263765641394E+01
    0.158825530121230857E-02    0.265132579803466797E+02    0.762174730508864595E+01    0.457250128042750514E+01    0.114094495773315430E+00    0.738209850891508612E+01    0.725256677225874924E+01   -0.180468902988841240E+01
    0.191527364321029611E-02    0.261388092041015625E+02    0.757287131552901016E+01    0.449397010219310289E+01    0.554797165095806122E-01    0.741525211058379519E+01    0.851524183622490227E+01   -0.202485494668821220E+01
    0.232565762536601946E-02    0.257505245208740234E+02    0.773821755245747589E+01    0.459651494023273965E+01    0.150736253708600998E-01    0.782530308744685499E+01    0.853440622238641566E+01   -0.180093372612756020E+01
    0.198085968033871870E-02    0.260714683532714844E+02    0.795441639879916274E+01    0.452741078666135088E+01    0.574465841054916382E-01    0.807841410372809854E+01    0.839088393228901452E+01   -0.111453772112889338E+01
    0.159952339482350445E-02    0.264991188049316406E+02    0.797135043631135964E+01    0.440202410744892259E+01    0.102778729051351547E-01    0.817500546208908929E+01    0.841466193350605174E+01   -0.122346480207895292E+01
    0.156493851805028332E-02    0.265428371429443359E+02    0.743350677478874822E+01    0.441882464971446431E+01    0.726750269532203674E-01    0.741875052233531385E+01    0.895411075934363332E+01   -0.117517369417342565E+01
    0.176443612672612534E-02    0.263028678894042969E+02    0.734044978606219534E+01    0.454197289494623213E+01    0.607919506728649139E-01    0.713696436243107524E+01    0.732869276172372075E+01   -0.132390459571092367E+01
    0.189177975264792240E-02    0.261634941101074219E+02    0.722755667393523105E+01    0.476212613379471428E+01    0.329564101994037628E-01    0.679253782926967542E+01    0.746382460390632030E+01   -0.142410462559907680E+01
    0.179103787113070912E-02    0.262729396820068359E+02    0.722422109342792762E+01    0.479268777288418324E+01    0.502946451306343079E-01    0.657614136375040026E+01    0.753694439124718318E+01   -0.100886758048463010E+01
    0.180333183616982612E-02    0.262592582702636719E+02    0.739060939546478224E+01    0.460559410583536621E+01    0.196246299892663956E-01    0.732429455691428188E+01    0.802560013278333173E+01   -0.826244830785742401E+00
    0.201006865770236593E-02    0.260421924591064453E+02    0.721944471329664061E+01    0.473869841504865974E+01    0.393754169344902039E-01    0.671262940156419674E+01    0.810722653129417559E+01   -0.924027999728675331E+00
    0.154750464228738203E-02    0.265652427673339844E+02    0.723939912908766825E+01    0.462542670308456128E+01    0.200717486441135406E-01    0.702335020450699155E+01    0.760442088956234841E+01   -0.854516554844953813E+00
    0.164316163230303369E-02    0.264452857971191406E+02    0.747016928874652653E+01    0.442808576573431711E+01    0.340931154787540436E-01    0.748914405602754130E+01    0.805673315348673746E+01   -0.113294035052490027E+01
    0.159870140236529094E-02    0.265001468658447266E+02    0.731690775748007116E+01    0.475154733878904878E+01    0.699565634131431580E-01    0.699068195275564097E+01    0.704905016035911203E+01   -0.955376218326643434E+00
    0.181077320595080405E-02    0.262510223388671875E+02    0.723701319687821876E+01    0.477105476595892064E+01    0.449167229235172272E-01    0.677518806813029251E+01    0.821663064509477437E+01   -0.934799940658875395E+00
    0.172294836704586221E-02    0.263504562377929688E+02    0.739403609083988300E+01    0.454812966678069674E+01    0.507541857659816742E-01    0.729793876058858615E+01    0.751040735090540412E+01   -0.108138123950656073E+01
    0.161126168538892390E-02    0.264844951629638672E+02    0.715176385963290251E+01    0.474277814918238771E+01    0.248615792952477932E-02    0.682961691708816598E+01    0.812487039605247752E+01   -0.140967819230644698E+01
    0.179604436703256006E-02    0.262673568725585938E+02    0.778933076356230991E+01    0.460977618758060093E+01    0.765987709164619446E-01    0.776132039961372300E+01    0.773048581395678447E+01   -0.110251599635788544E+01
    0.164352365866027544E-02    0.264448451995849609E+02    0.729313893501783461E+01    0.476581114790521010E+01    0.611351244151592255E-01    0.699439980891488311E+01    0.752862647995007706E+01   -0.854567035324359292E+00
