 F
        1684       10510           3         150
   -0.207172797560740385E+02   -0.147721347195573767E+02
 T
   2
    0.200000000000000000E+01    0.300000000000000000E+01    0.933333333333333376E-01    0.906666666666666621E+00
   0
   0
 T T     0           0
    0.000000000000000000E+00   -0.340282346638528860E+39    0.000000000000000000E+00
 T F     1          14
    0.230784351648514452E-05   -0.229679951426476947E+02   -0.145181216886454987E+02
 T F     1         136
    0.346322403962715501E-04   -0.208285732262133116E+02   -0.148020378643565031E+02
