 F
        2546       17340           3         150
   -0.200988749904736164E+04   -0.199905560477160202E+04
 T
   2
    0.200000000000000000E+01    0.300000000000000000E+01    0.900000000000000022E+00    0.100000000000000006E+00
   0
   0
 T T     0           0
    0.000000000000000000E+00   -0.340282346638528860E+39    0.000000000000000000E+00
 T F     1         135
    0.792589338286894201E-07   -0.200990914941901951E+04   -0.199898235634950220E+04
 T F     1          15
    0.152527881770688643E-06   -0.201373103736043390E+04   -0.200240235338922412E+04
