 F
        1398        6898           3         150
   -0.160078096546944906E+02   -0.118255968176349917E+02
 T
   2
    0.200000000000000000E+01    0.300000000000000000E+01    0.126666666666666677E+00    0.873333333333333295E+00
   0
   0
 T T     0           0
    0.000000000000000000E+00   -0.340282346638528860E+39    0.000000000000000000E+00
 T F     1          19
    0.255386102892469255E-04   -0.182030980777666613E+02   -0.120654484718004902E+02
 T F     1         131
    0.222020515127519923E-03   -0.161258349734266524E+02   -0.117955499769476422E+02
