 F
        1416        7633           3         150
   -0.171252732302981023E+02   -0.126432143237445764E+02
 T
   2
    0.200000000000000000E+01    0.300000000000000000E+01    0.813333333333333353E+00    0.186666666666666675E+00
   0
   0
 T T     0           0
    0.000000000000000000E+00   -0.340282346638528860E+39    0.000000000000000000E+00
 T F     1         122
    0.178761904605243270E-03   -0.172974112485084426E+02   -0.125862806829127596E+02
 T F     1          28
    0.401951539845255332E-04   -0.189695665908979763E+02   -0.129463079441728670E+02
