 F
        1208        5516           3         150
   -0.243294967684100705E+02   -0.213775788080036087E+02
 T
   2
    0.200000000000000000E+01    0.300000000000000000E+01    0.933333333333333376E-01    0.906666666666666621E+00
   0
   0
 T T     0           0
    0.000000000000000000E+00   -0.340282346638528860E+39    0.000000000000000000E+00
 T F     1          14
    0.107680734684298952E-03   -0.268131150261040538E+02   -0.216098916479964416E+02
 T F     1         136
    0.772163886935093701E-03   -0.244166253543072926E+02   -0.213564297526627875E+02
