 F
        2139       15430           3         150
   -0.696419560151661301E+02   -0.608697701796665598E+02
 T
   2
    0.200000000000000000E+01    0.300000000000000000E+01    0.666666666666666630E+00    0.333333333333333315E+00
   0
   0
 T T     0           0
    0.000000000000000000E+00   -0.340282346638528860E+39    0.000000000000000000E+00
 T F     1         100
    0.510028902410105198E-06   -0.697667305552856618E+02   -0.604951204585898523E+02
 T F     1          50
    0.313793498649750451E-05   -0.717849415234325647E+02   -0.636889533905670220E+02
