 F
        1542        9078           3         150
   -0.202651096239789901E+02   -0.148261243538744178E+02
 T
   2
    0.200000000000000000E+01    0.300000000000000000E+01    0.933333333333333376E-01    0.906666666666666621E+00
   0
   0
 T T     0           0
    0.000000000000000000E+00   -0.340282346638528860E+39    0.000000000000000000E+00
 T F     1          14
    0.128147808696527571E-04   -0.243890434921017416E+02   -0.173172614907954348E+02
 T F     1         136
    0.824697954369731242E-04   -0.202814226977733654E+02   -0.147851529739479499E+02
