 F
        2318       36971           3         150
   -0.220597975193509761E+02   -0.129132586847341919E+02
 T
   2
    0.200000000000000000E+01    0.300000000000000000E+01    0.200000000000000011E+00    0.800000000000000044E+00
   0
   0
 T T     0           0
    0.000000000000000000E+00   -0.340282346638528860E+39    0.000000000000000000E+00
 T F     1          30
    0.338886342115194718E-08   -0.632463535295492179E+02   -0.486887104783680300E+02
 T F     1         120
    0.101582423788502980E-05   -0.220597975193509761E+02   -0.129132586847341919E+02
