 F
        1752        9047           3         150
   -0.294209546086676390E+02   -0.240594052866374781E+02
 T
   2
    0.200000000000000000E+01    0.300000000000000000E+01    0.906666666666666621E+00    0.933333333333333376E-01
   0
   0
 T T     0           0
    0.000000000000000000E+00   -0.340282346638528860E+39    0.000000000000000000E+00
 T F     1         136
    0.228757905290609240E-04   -0.295763678274108521E+02   -0.242513160363648446E+02
 T F     1          14
    0.100777216497708950E-05   -0.313593228163028073E+02   -0.229180343353840676E+02
