 F
        1559        9494           3         150
   -0.205263999418031204E+02   -0.154061759749243876E+02
 T
   2
    0.200000000000000000E+01    0.300000000000000000E+01    0.813333333333333353E+00    0.186666666666666675E+00
   0
   0
 T T     0           0
    0.000000000000000000E+00   -0.340282346638528860E+39    0.000000000000000000E+00
 T F     1         122
    0.741230766573476059E-04   -0.205815321662039779E+02   -0.153107720852866596E+02
 T F     1          28
    0.112719559793747167E-04   -0.234518603076986238E+02   -0.170893683474463849E+02
