 F
        1388        6121           3         150
   -0.244539752245008586E+02   -0.210015044214518127E+02
 T
   2
    0.200000000000000000E+01    0.300000000000000000E+01    0.660000000000000031E+00    0.340000000000000024E+00
   0
   0
 T T     0           0
    0.000000000000000000E+00   -0.340282346638528860E+39    0.000000000000000000E+00
 T F     1          99
    0.173496379227650591E-03   -0.247105014765487923E+02   -0.207244895481817366E+02
 T F     1          51
    0.903916482924231986E-04   -0.259400222200913362E+02   -0.219487817902706688E+02
