 F
        2586       25797           3         150
   -0.269743717183579150E+02   -0.154240553409266195E+02
 T
   2
    0.200000000000000000E+01    0.300000000000000000E+01    0.786666666666666625E+00    0.213333333333333347E+00
   0
   0
 T T     0           0
    0.000000000000000000E+00   -0.340282346638528860E+39    0.000000000000000000E+00
 T F     1         118
    0.102061447086915900E-06   -0.269745453713965837E+02   -0.154231444785081191E+02
 T F     1          32
    0.491004502741135441E-08   -0.356329098237563642E+02   -0.206689006994553885E+02
