 F
        1133        4667           3         150
   -0.186502924101379861E+02   -0.169183504689123652E+02
 T
   2
    0.200000000000000000E+01    0.300000000000000000E+01    0.813333333333333353E+00    0.186666666666666675E+00
   0
   0
 T T     0           0
    0.000000000000000000E+00   -0.340282346638528860E+39    0.000000000000000000E+00
 T F     1         122
    0.106386239754605754E-02   -0.188500707570830173E+02   -0.169046441115439450E+02
 T F     1          28
    0.415490905688997020E-03   -0.203590659541500791E+02   -0.169803331472130985E+02
