 F
        1819        9738           3         150
   -0.247514436288112343E+02   -0.163367925763549628E+02
 T
   2
    0.200000000000000000E+01    0.300000000000000000E+01    0.760000000000000009E+00    0.239999999999999991E+00
   0
   0
 T T     0           0
    0.000000000000000000E+00   -0.340282346638528860E+39    0.000000000000000000E+00
 T F     1         114
    0.287897977814639186E-04   -0.258992196548867888E+02   -0.198246523685324760E+02
 T F     1          36
    0.186903777528123721E-06   -0.251332045320539024E+02   -0.147154197967778035E+02
