 F
        1194        4920           3         150
   -0.188864896828651752E+02   -0.169014654148223329E+02
 T
   2
    0.200000000000000000E+01    0.300000000000000000E+01    0.160000000000000003E+00    0.839999999999999969E+00
   0
   0
 T T     0           0
    0.000000000000000000E+00   -0.340282346638528860E+39    0.000000000000000000E+00
 T F     1          24
    0.224661710268777491E-03   -0.207653524630638699E+02   -0.170142865477842840E+02
 T F     1         126
    0.751767433450566971E-03   -0.190522653603484038E+02   -0.168811228278736039E+02
