 F
        2882       14359           4         150
   -0.421631380342158550E+02   -0.279474685880285563E+02
 T
   3
    0.200000000000000000E+01    0.300000000000000000E+01    0.400000000000000000E+01    0.760000000000000009E+00    0.126666666666666677E+00    0.113333333333333328E+00
   0
   0
   0
 T T     0           0
    0.000000000000000000E+00   -0.340282346638528860E+39    0.000000000000000000E+00
 T F     1         114
    0.411708249698698840E-08   -0.421639585777359684E+02   -0.279397280990644781E+02
 T F     1          19
    0.419895341031071612E-07   -0.502386684364921692E+02   -0.383491185121345737E+02
 T F     1          17
    0.102674751009299010E-07   -0.497459084214158480E+02   -0.367830425773285086E+02
