 F
        1015        3469           3         150
   -0.145317010260644128E+02   -0.131537244927026933E+02
 T
   2
    0.200000000000000000E+01    0.300000000000000000E+01    0.786666666666666625E+00    0.213333333333333347E+00
   0
   0
 T T     0           0
    0.000000000000000000E+00   -0.340282346638528860E+39    0.000000000000000000E+00
 T F     1         118
    0.215113734457619268E-02   -0.147458514724153584E+02   -0.131072848357337346E+02
 T F     1          32
    0.117002200269175670E-02   -0.161779426190408202E+02   -0.133481880767310752E+02
