 F
        1258        5214           3         150
   -0.217108057719347300E+02   -0.197959921272272439E+02
 T
   2
    0.200000000000000000E+01    0.300000000000000000E+01    0.873333333333333295E+00    0.126666666666666677E+00
   0
   0
 T T     0           0
    0.000000000000000000E+00   -0.340282346638528860E+39    0.000000000000000000E+00
 T F     1         131
    0.424478514641393138E-03   -0.217981620350426653E+02   -0.197031656603166283E+02
 T F     1          19
    0.464142415930324757E-03   -0.241919265041896345E+02   -0.208128740359757671E+02
