 F
        1430        7417           3         150
   -0.226919184532999481E+02   -0.189370551725480212E+02
 T
   2
    0.200000000000000000E+01    0.300000000000000000E+01    0.719999999999999973E+00    0.280000000000000027E+00
   0
   0
 T T     0           0
    0.000000000000000000E+00   -0.340282346638528860E+39    0.000000000000000000E+00
 T F     1         108
    0.103158408174912249E-03   -0.229886228728847684E+02   -0.188749979335572426E+02
 T F     1          42
    0.130715221162313721E-03   -0.240516241432436573E+02   -0.191167137825668725E+02
