

    0.475645070435611658E-02    0.358901824951171875E+02    0.818413314129660741E+01    0.459355937982298990E+01    0.115649342536926270E+01    0.735632391755016002E+01    0.881397952368558357E+01   -0.998940269193224761E+00
    0.481249512232069260E-02    0.358482360839843750E+02    0.765002105492335716E+01    0.442977565130405448E+01    0.621115922927856445E+00    0.726352434022874327E+01    0.104198248761473629E+02   -0.636144031300126089E+00
    0.481296769949735373E-02    0.358295211791992188E+02    0.744413628804146299E+01    0.460575788170907785E+01    0.381802201271057129E+00    0.606217204871439463E+01    0.893568811140087327E+01   -0.192506539508044794E+01
    0.492327568852036351E-02    0.357656822204589844E+02    0.762317874288983965E+01    0.385983066026847910E+01    0.540116131305694580E+00    0.730569338543436686E+01    0.801720534790351103E+01   -0.207688811256092665E+01
    0.488817315424568914E-02    0.357614746093750000E+02    0.773259023526776268E+01    0.382597544829752056E+01    0.834245383739471436E+00    0.624802886500242050E+01    0.815298519678547073E+01   -0.214562169211605980E+01
    0.486063014975471677E-02    0.357542572021484375E+02    0.775245789577341249E+01    0.398476516642220657E+01    0.631858110427856445E+00    0.647386454826227720E+01    0.928818929187411868E+01   -0.195802804196244828E+01
    0.485348272637052894E-02    0.357386817932128906E+02    0.739367977603592141E+01    0.271440509649905115E+01    0.886180281639099121E+00    0.732079230863405339E+01    0.880702463583297401E+01   -0.569449748966910363E+00
    0.482397247028000260E-02    0.357323608398437500E+02    0.786854932025616360E+01    0.492422677173173096E+01    0.678948342800140381E+00    0.711190975054513075E+01    0.837617748053035172E+01   -0.101203424546768783E+00
    0.478411810758870397E-02    0.357304344177246094E+02    0.720323053333949126E+01    0.453343666814602209E+01    0.244601279497146606E+00    0.697248886674365043E+01    0.938817491234313195E+01   -0.307212890178613973E+00
    0.477812202419457266E-02    0.357144241333007812E+02    0.768136169481970121E+01    0.453492608030514699E+01    0.676212489604949951E+00    0.710678022138175436E+01    0.784917241298100699E+01    0.136183841288195051E+00
    0.475056480496932176E-02    0.357074737548828125E+02    0.779544938446843805E+01    0.477027837715669278E+01    0.516909241676330566E+00    0.752300609225113970E+01    0.779319076667081578E+01   -0.459531031363428433E+00
    0.472273411953240494E-02    0.357007064819335938E+02    0.799284776445113909E+01    0.484262586768913916E+01    0.640805244445800781E+00    0.734375763097504564E+01    0.100397563202941722E+02    0.189446946312235909E+00
    0.472233311817391466E-02    0.356823577880859375E+02    0.767951229981044303E+01    0.491744835206479003E+01    0.359708905220031738E+00    0.733226881464549241E+01    0.811603644716154982E+01   -0.218274120599260568E+01
    0.468246994083966733E-02    0.356807937622070312E+02    0.780047219741687403E+01    0.406880573098656040E+01    0.786494076251983643E+00    0.709486095232374492E+01    0.967816610635633801E+01   -0.112323733010289373E+01
    0.464562732126007349E-02    0.356780738830566406E+02    0.738570934384573174E+01    0.477275671033703386E+01    0.406380563974380493E+00    0.630626206830909108E+01    0.783748232105370413E+01    0.107478620594226193E+00
    0.468312162589584833E-02    0.356434783935546875E+02    0.802014872488451935E+01    0.477738085285335323E+01    0.735087096691131592E+00    0.758607479646638438E+01    0.852591267164003064E+01   -0.165104135047665923E+01
    0.464327061003460238E-02    0.356420516967773438E+02    0.763757260534187843E+01    0.437684718940983064E+01    0.521354556083679199E+00    0.742700800074659195E+01    0.932894840976696571E+01   -0.805377193043876005E+00
    0.466429412881718547E-02    0.356144981384277344E+02    0.768896196153039835E+01    0.454353703495569761E+01    0.567188978195190430E+00    0.715273093897679679E+01    0.999465720436608684E+01   -0.203602816736298164E+01
    0.467154574163239009E-02    0.355928726196289062E+02    0.730517992987094722E+01    0.382230099727388506E+01    0.534410536289215088E+00    0.676545559616908321E+01    0.948133082337928101E+01   -0.293648662859151699E-01
    0.468217423144558567E-02    0.355698089599609375E+02    0.728962826114227713E+01    0.385479627507566747E+01    0.444965243339538574E+00    0.681897063964401706E+01    0.831544321092244765E+01   -0.103910308900264492E+01
    0.472173735041682419E-02    0.355344619750976562E+02    0.735183686855286211E+01    0.407697179237578133E+01    0.430589318275451660E+00    0.616261305010297811E+01    0.813978775583655789E+01   -0.165860866617941838E+01
    0.468291519401341574E-02    0.355324554443359375E+02    0.761126104337120690E+01    0.435298350554725655E+01    0.746672868728637695E+00    0.655949484650742498E+01    0.748950022515341018E+01   -0.263377970523550609E-01
    0.466212752650148679E-02    0.355228347778320312E+02    0.801934686081714254E+01    0.492548989061828646E+01    0.756545245647430420E+00    0.763464745255632238E+01    0.855659021970157774E+01   -0.149590749441694526E+01
    0.467285936555809304E-02    0.354997177124023438E+02    0.733182349267131528E+01    0.439123426390787674E+01    0.399810642004013062E+00    0.629630842606859620E+01    0.100471803879814097E+02   -0.834305715318333085E+00
    0.470919899734520853E-02    0.354657058715820312E+02    0.732207542237230768E+01    0.391822119789334611E+01    0.401996821165084839E+00    0.704029606314245893E+01    0.881943490120858797E+01    0.191925486861089567E+00
    0.466601013837297362E-02    0.354656143188476562E+02    0.793969514167631996E+01    0.431613526289745053E+01    0.702508270740509033E+00    0.733156501129999150E+01    0.733910710772338426E+01   -0.203408666000081073E+01
    0.462727547187878618E-02    0.354637680053710938E+02    0.746947705640143944E+01    0.406965330075044385E+01    0.470129311084747314E+00    0.644867847916177350E+01    0.101557513075197861E+02   -0.334811374860272348E+00
    0.459280270234597478E-02    0.354602050781250000E+02    0.732865932674116571E+01    0.463714602603531389E+01    0.288819342851638794E+00    0.680675614023324194E+01    0.868278799006180435E+01   -0.148792937927572999E+01
    0.455646571065268773E-02    0.354575729370117188E+02    0.772438674226727873E+01    0.454728175046628369E+01    0.698032379150390625E+00    0.692276330973617071E+01    0.733949435924104510E+01   -0.742657832474663770E+00
    0.469104900266728402E-02    0.353808364868164062E+02    0.786067501249500289E+01    0.456759929274958409E+01    0.572802364826202393E+00    0.754291466499948626E+01    0.875802543947168033E+01   -0.433831284834447439E+00
    0.465447622200726961E-02    0.353779716491699219E+02    0.802217200436525957E+01    0.441845730767103539E+01    0.931158721446990967E+00    0.740840777914399684E+01    0.794882072468014211E+01   -0.311445674868712441E+00
    0.464873128947060170E-02    0.353619232177734375E+02    0.798992013453345873E+01    0.428281242604532952E+01    0.772579312324523926E+00    0.743178857937965809E+01    0.841746124671890783E+01   -0.212988311754166926E+01
    0.464472065138322662E-02    0.353451309204101562E+02    0.811244801884489597E+01    0.465213835454790914E+01    0.104350948333740234E+01    0.727351126764472511E+01    0.876078110727287118E+01   -0.115018935265975042E+01
    0.465377888089942710E-02    0.353227157592773438E+02    0.709183433155346776E+01    0.259126467977077857E+01    0.647187232971191406E+00    0.669558059795528848E+01    0.906162681911501622E+01   -0.105951282788391099E+01
    0.465922756209925445E-02    0.353018569946289062E+02    0.836290247433716338E+01    0.479643409241919638E+01    0.128333067893981934E+01    0.741489966671482303E+01    0.949835649084128697E+01   -0.199514386136251454E+01
    0.462889382319852261E-02    0.352964019775390625E+02    0.739822289611834716E+01    0.411035061388135237E+01    0.561475515365600586E+00    0.647617583014582721E+01    0.103239536343885447E+02   -0.213201377039410556E+00
    0.459214866324836324E-02    0.352938232421875000E+02    0.800676343977946559E+01    0.417205572344234810E+01    0.824988722801208496E+00    0.737414268696099384E+01    0.929793045568009902E+01   -0.200587746966065206E+01
    0.457258366094138481E-02    0.352838439941406250E+02    0.791408925196093804E+01    0.439696443552112815E+01    0.780187964439392090E+00    0.749037705766433515E+01    0.894677590130815403E+01   -0.169731930639378459E+01
    0.456621687212840216E-02    0.352681121826171875E+02    0.799968942812777506E+01    0.451967486483007441E+01    0.844036877155303955E+00    0.747693308885266728E+01    0.867248607227691792E+01   -0.871824335636474101E+00
    0.455394865827135186E-02    0.352549743652343750E+02    0.767628484674880607E+01    0.474254670422426283E+01    0.512752950191497803E+00    0.687798426043002653E+01    0.803527076892832604E+01   -0.515152990635847630E-02
    0.451469736803384106E-02    0.352537689208984375E+02    0.743729363564117918E+01    0.261498713375759007E+01    0.110943710803985596E+01    0.658875385812088421E+01    0.753544497498068910E+01   -0.142071090522885957E+01
    0.449553094538447141E-02    0.352437591552734375E+02    0.766569328858323740E+01    0.458149242875627305E+01    0.612456500530242920E+00    0.710483372485530129E+01    0.726002248841207809E+01   -0.279356306500419427E+00
    0.447993080883054683E-02    0.352321929931640625E+02    0.735629322864992119E+01    0.446808797536924729E+01    0.304273664951324463E+00    0.711636154635140805E+01    0.907603706177341074E+01   -0.241443700250661530E+00
    0.457353343523017770E-02    0.351723175048828125E+02    0.808822158001226654E+01    0.459295472692206719E+01    0.905295848846435547E+00    0.716059263936174517E+01    0.104224398180940838E+02   -0.138364415216049652E+01
    0.455057460609233858E-02    0.351638641357421875E+02    0.734290681957856695E+01    0.448867760181125774E+01    0.417968809604644775E+00    0.676624887137684450E+01    0.848825720050151133E+01   -0.785752197991039347E+00
    0.455109090681640738E-02    0.351451187133789062E+02    0.721841391509656383E+01    0.426754441566644616E+01    0.288743108510971069E+00    0.618947137678464099E+01    0.104759798781689142E+02   -0.413091852862851550E+00
    0.453016254465044878E-02    0.351358184814453125E+02    0.731186409811027627E+01    0.283232635301794655E+01    0.846116423606872559E+00    0.676644039038969680E+01    0.863664985841687383E+01    0.205598020296014372E+00
    0.451129184606843987E-02    0.351256484985351562E+02    0.756639706914490162E+01    0.463695177804341352E+01    0.376616239547729492E+00    0.732246930482788905E+01    0.879069718036723025E+01   -0.415861938392207087E+00
    0.452638785619319164E-02    0.351004486083984375E+02    0.769375135484192985E+01    0.425919481210250694E+01    0.686633408069610596E+00    0.713378803069841805E+01    0.962937214237411254E+01   -0.164007576392761267E+01
    0.448952293742698079E-02    0.350982856750488281E+02    0.760261156654255021E+01    0.407723846975394633E+01    0.675330340862274170E+00    0.686468482370979594E+01    0.921211872710465762E+01   -0.267389153107045363E+00
    0.445430041353378752E-02    0.350955200195312500E+02    0.780975675694124849E+01    0.456519657709329607E+01    0.640128433704376221E+00    0.739811228177170577E+01    0.818295950052914733E+01   -0.169594568734006690E+01
    0.446637653199478697E-02    0.350715866088867188E+02    0.805689267879162507E+01    0.480639018064079337E+01    0.847515881061553955E+00    0.739896700507498473E+01    0.967238439553244334E+01   -0.116238198749232602E+01
    0.445067382509050594E-02    0.350601119995117188E+02    0.756895779934298218E+01    0.426818716064710468E+01    0.647293448448181152E+00    0.639634954036227388E+01    0.988862315240725209E+01   -0.887729243459470574E+00
    0.450286625370514663E-02    0.350182762145996094E+02    0.802459179980694692E+01    0.402325920564590334E+01    0.929208219051361084E+00    0.739117630346970955E+01    0.104695364866009015E+02   -0.215985057553838056E+01
    0.449045133529801365E-02    0.350052795410156250E+02    0.835337148459890422E+01    0.482988813320532362E+01    0.126163446903228760E+01    0.739948399555771097E+01    0.918871404707712003E+01   -0.148365836142658658E+01
    0.445798412355129930E-02    0.350012741088867188E+02    0.786858267598552175E+01    0.385518419304083393E+01    0.847740292549133301E+00    0.725914669777139565E+01    0.769494027409030501E+01   -0.199301314290294385E+01
    0.442050418935545451E-02    0.349996414184570312E+02    0.760437767860294045E+01    0.474810447876007835E+01    0.453795075416564941E+00    0.686436564345326961E+01    0.956266927433726188E+01   -0.136088696965260914E+01
    0.438725385015666276E-02    0.349962234497070312E+02    0.828118352208470121E+01    0.490133761577789606E+01    0.112775099277496338E+01    0.750284317587841976E+01    0.916586298708681468E+01   -0.153950775807483131E+01
    0.441023788838397143E-02    0.349672546386718750E+02    0.790534133525986427E+01    0.422355149733832569E+01    0.877960145473480225E+00    0.653849407671606109E+01    0.974657908247293747E+01   -0.133765564367471312E+01
    0.439826291158208673E-02    0.349541740417480469E+02    0.732335365601180843E+01    0.443824432904555977E+01    0.305764853954315186E+00    0.630487193821394598E+01    0.820083320552171990E+01   -0.799572746385735167E+00
    0.436295741313968456E-02    0.349517745971679688E+02    0.765957031096763341E+01    0.453224090808107594E+01    0.458861023187637329E+00    0.730146111721430557E+01    0.104167318077339495E+02   -0.169934043525725498E+01
    0.434693837743104806E-02    0.349406127929687500E+02    0.768983715729701167E+01    0.444728432083845515E+01    0.549779951572418213E+00    0.735537910608902834E+01    0.923172211842371659E+01   -0.793629030783597367E+00
    0.432638765072393666E-02    0.349315719604492188E+02    0.785023497228054623E+01    0.401350943585169073E+01    0.716348588466644287E+00    0.725656462545388603E+01    0.944811744057482628E+01   -0.189934059027377344E+01
    0.430028729889259283E-02    0.349251556396484375E+02    0.776801168509435591E+01    0.413748252692561991E+01    0.726497709751129150E+00    0.711777015140325808E+01    0.992231581217524550E+01   -0.208719885909022329E+01
    0.426631343241587468E-02    0.349225006103515625E+02    0.786575473808765313E+01    0.476287135532080530E+01    0.597718656063079834E+00    0.738091140412659463E+01    0.862999625508177637E+01   -0.153999675718778528E+01
    0.424277607437851395E-02    0.349150466918945312E+02    0.734958041541877982E+01    0.482572633883245405E+01    0.348290383815765381E+00    0.663930498441666295E+01    0.762171940559700190E+01   -0.281433650315629613E+00
    0.421031646595897233E-02    0.349118881225585938E+02    0.771848835568155156E+01    0.427449395589769665E+01    0.765205621719360352E+00    0.686445595183183421E+01    0.899770758766027612E+01   -0.140794157928608854E+01
    0.417268175541563122E-02    0.349113273620605469E+02    0.762123400848647847E+01    0.443358911333072747E+01    0.463309466838836670E+00    0.736537016079637841E+01    0.954019472499610366E+01   -0.332583141772752722E+00
    0.417869081423574013E-02    0.348899307250976562E+02    0.772653674155444925E+01    0.430324404288741125E+01    0.759707868099212646E+00    0.672563002290887724E+01    0.879430186997022290E+01   -0.996402362781186213E+00
    0.416805998324984439E-02    0.348765068054199219E+02    0.762531544562331121E+01    0.403669287297038348E+01    0.553055286407470703E+00    0.687204101434685022E+01    0.807599733377137241E+01   -0.208251420001066290E+01
    0.414118462210872045E-02    0.348709259033203125E+02    0.796064923750520492E+01    0.494100519837190699E+01    0.759433329105377197E+00    0.711327015269480256E+01    0.753044624006068464E+01   -0.158573378685797062E+01
    0.413085405741412878E-02    0.348574028015136719E+02    0.802626785369623619E+01    0.462609720264534729E+01    0.910353064537048340E+00    0.716984458099157340E+01    0.758915435728316456E+01   -0.146998920199104877E+01
    0.412775469663402474E-02    0.348403854370117188E+02    0.754007840098553395E+01    0.485212269035940302E+01    0.463879525661468506E+00    0.692815874135529963E+01    0.104411200830658046E+02   -0.170370769359658758E+01
    0.409282473119281301E-02    0.348388633728027344E+02    0.781829388143954152E+01    0.443711968156128300E+01    0.815488219261169434E+00    0.691896870779533479E+01    0.899753421725525193E+01   -0.247051944402127965E-01
    0.409212596957791736E-02    0.348206863403320312E+02    0.823304869554788255E+01    0.473737114820564553E+01    0.108369779586791992E+01    0.744609788812946150E+01    0.848034277435801798E+01   -0.167443550640190186E+01
    0.406473222872679764E-02    0.348156013488769531E+02    0.751646789081376454E+01    0.419928359137557727E+01    0.603105366230010986E+00    0.609226908342183915E+01    0.911618971147466084E+01   -0.492428053933633425E+00
    0.405240438559779405E-02    0.348031578063964844E+02    0.732549383992821923E+01    0.260045673020808277E+01    0.103039979934692383E+01    0.684325060341745139E+01    0.776092392102107453E+01   -0.994875673359952861E+00
    0.405743530358456533E-02    0.347821578979492188E+02    0.765672109502847231E+01    0.384593342405695271E+01    0.649443507194519043E+00    0.705875172269881013E+01    0.772712846455035507E+01   -0.175629041281847087E+01
    0.402353780698234617E-02    0.347804183959960938E+02    0.778400328506687789E+01    0.476231478349041382E+01    0.710813939571380615E+00    0.624803384389921668E+01    0.100613898442938545E+02    0.689164168855942449E-01
    0.400738892039485817E-02    0.347699432373046875E+02    0.770104808647181827E+01    0.483740647685222580E+01    0.427536845207214355E+00    0.700292026395570577E+01    0.864181029352690011E+01   -0.193639745664971086E+01
    0.397829297450662429E-02    0.347659988403320312E+02    0.765257605391864359E+01    0.389836659425580567E+01    0.729875385761260986E+00    0.678072027734243221E+01    0.913321178832108771E+01   -0.158788189289444537E+01
    0.397836492055963619E-02    0.347474441528320312E+02    0.753219248036685585E+01    0.440847984407017091E+01    0.541943311691284180E+00    0.621454269240626633E+01    0.762026746427268264E+01   -0.150268014042065667E+01
    0.394377379098452812E-02    0.347463912963867188E+02    0.747170459390676545E+01    0.475709589497887642E+01    0.348455876111984253E+00    0.699787562507902905E+01    0.725111714635144544E+01   -0.182360248904247180E+01
    0.393681053280149282E-02    0.347314071655273438E+02    0.766596611770288749E+01    0.459320501823340965E+01    0.501542389392852783E+00    0.738283553358282152E+01    0.104611334944086813E+02   -0.297376200419932513E+00
    0.390573806604881460E-02    0.347287368774414062E+02    0.741035544469007235E+01    0.412162123145984527E+01    0.489538192749023438E+00    0.696914544724474361E+01    0.940821187591695463E+01   -0.422101844148692784E+00
    0.387558346983846343E-02    0.347257194519042969E+02    0.790594466032602661E+01    0.450398803191391650E+01    0.814800918102264404E+00    0.693198346827318357E+01    0.100830543180314631E+02   -0.156401118004442541E+01
    0.384758393971505437E-02    0.347217025756835938E+02    0.768945521854464342E+01    0.426255349835732833E+01    0.664602756500244141E+00    0.721674306154238199E+01    0.101494219359664655E+02   -0.215152902182864647E+00
    0.381458827069545330E-02    0.347204093933105469E+02    0.786555718506907642E+01    0.422882168944791292E+01    0.810302555561065674E+00    0.665559565265419373E+01    0.104001768376189752E+02   -0.217641346974986361E+01
    0.378583054735847409E-02    0.347170257568359375E+02    0.744094823047419940E+01    0.492871764135797719E+01    0.429579854011535645E+00    0.674659829665785615E+01    0.956556085668772127E+01    0.180461672472986834E-03
    0.382801350160429793E-02    0.346763458251953125E+02    0.766096749875986038E+01    0.465529006049145977E+01    0.671873509883880615E+00    0.693283674603941158E+01    0.884300631522739167E+01    0.903592007663216457E-01
    0.380303332279195196E-02    0.346709213256835938E+02    0.742054744149970080E+01    0.397658508507518205E+01    0.591468214988708496E+00    0.687760990471135436E+01    0.955017413832183237E+01   -0.342534462254692418E+00
    0.376996666825570818E-02    0.346698684692382812E+02    0.790195686542790821E+01    0.445345554196144811E+01    0.857855319976806641E+00    0.661534661705169125E+01    0.858864086837454899E+01   -0.146376999597346558E+01
    0.374019679937501095E-02    0.346672058105468750E+02    0.733886258708140637E+01    0.453718226162763649E+01    0.356799125671386719E+00    0.682633269991996450E+01    0.701231877272054671E+01   -0.679521417114782311E+00
    0.378910597242510276E-02    0.346227035522460938E+02    0.748364094386753376E+01    0.458703252074132806E+01    0.560127377510070801E+00    0.679539206167373511E+01    0.868720483354906214E+01   -0.243097055796705153E+00
    0.377217084427550415E-02    0.346131439208984375E+02    0.743417463167617232E+01    0.471350292798826942E+01    0.335674703121185303E+00    0.610259981065408752E+01    0.826727968376349232E+01   -0.176767207928510928E+01
    0.376007044428412892E-02    0.346010513305664062E+02    0.763023079894580647E+01    0.430605053296239859E+01    0.629540085792541504E+00    0.692854837894210895E+01    0.727514518721942416E+01   -0.733128607565608048E+00
    0.373036449155625871E-02    0.345983963012695312E+02    0.770672934467051718E+01    0.458521897411763479E+01    0.540000319480895996E+00    0.703470336899342996E+01    0.100020226997642911E+02   -0.135122536839590390E+01
    0.372552567146536024E-02    0.345824737548828125E+02    0.791137626705128749E+01    0.452982951491620245E+01    0.757936716079711914E+00    0.736417073879151296E+01    0.806165465315889662E+01   -0.149429879467624094E+00
    0.373481382036448296E-02    0.345589752197265625E+02    0.750151790749420577E+01    0.437870283909807512E+01    0.534599304199218750E+00    0.701806035132785411E+01    0.844121431898474484E+01   -0.353274954318521850E+00
    0.371596607875657311E-02    0.345505752563476562E+02    0.796829748390833981E+01    0.491192576474125353E+01    0.655161976814270020E+00    0.700059607681896079E+01    0.100643751248556210E+02   -0.188527958876553381E+01
    0.369690318281376377E-02    0.345423431396484375E+02    0.751535800943098842E+01    0.431959670142620222E+01    0.590837597846984863E+00    0.668568269783082592E+01    0.976493597405431046E+01   -0.115291461422935360E+01
    0.367087364167314979E-02    0.345379562377929688E+02    0.774280630275380854E+01    0.437925631571098695E+01    0.525417208671569824E+00    0.701571966748332798E+01    0.942312699229530359E+01   -0.201098644233531809E+01
    0.365749332524590394E-02    0.345267410278320312E+02    0.771245822472878118E+01    0.485932673243582602E+01    0.555015504360198975E+00    0.707992043952496797E+01    0.872946455526321330E+01   -0.173205743980124161E+01
    0.363055001711166513E-02    0.345230102539062500E+02    0.765288428322278769E+01    0.387594984782904506E+01    0.588293135166168213E+00    0.706092834044501494E+01    0.934326074162539655E+01   -0.207191271347036832E+01
    0.360699600421129614E-02    0.345175094604492188E+02    0.737264671933363314E+01    0.454557710398338521E+01    0.342420488595962524E+00    0.678607232752821599E+01    0.970624457874902902E+01    0.163545049897343642E+00
    0.357515649027920733E-02    0.345167236328125000E+02    0.769631227178680000E+01    0.440549173362931690E+01    0.631318509578704834E+00    0.722276621626479631E+01    0.793063419528198033E+01   -0.126227147046477151E+01
    0.354924618739258955E-02    0.345127525329589844E+02    0.751894533058932879E+01    0.392797401787797007E+01    0.676567494869232178E+00    0.661018665167765196E+01    0.751486915064964833E+01   -0.669910945542518288E+00
    0.353074897428976887E-02    0.345046844482421875E+02    0.809854508952457053E+01    0.453259307633431785E+01    0.924536883831024170E+00    0.736957120351524431E+01    0.884093482561888067E+01   -0.205610036847510402E+01
    0.351545129420389188E-02    0.344948501586914062E+02    0.768877500433978955E+01    0.477806957639279606E+01    0.620768010616302490E+00    0.686192167810937903E+01    0.916243141044971665E+01   -0.285840026406493308E+00
    0.351614522580514979E-02    0.344759368896484375E+02    0.780522907756430850E+01    0.421836623823893930E+01    0.855063080787658691E+00    0.673886581599121470E+01    0.804157921246855700E+01    0.237217276977661484E+00
    0.351773155008905467E-02    0.344565162658691406E+02    0.785290381593621767E+01    0.437227906255301679E+01    0.665844261646270752E+00    0.742627382155495486E+01    0.979856728902501217E+01    0.402145307841541566E-01
    0.349747682915108960E-02    0.344495468139648438E+02    0.729736963070619549E+01    0.467239009007521666E+01    0.264560371637344360E+00    0.604600327264497306E+01    0.982905300959777151E+01   -0.357579601681572434E-01
    0.346633958717514762E-02    0.344489135742187500E+02    0.782754374241480555E+01    0.443906979110318378E+01    0.734750151634216309E+00    0.699623714266620311E+01    0.774413492812958992E+01   -0.186501257752112215E+01
    0.346262908469218301E-02    0.344325370788574219E+02    0.744947665502738232E+01    0.395145488033259396E+01    0.568882405757904053E+00    0.642961430652907318E+01    0.738931750507405027E+01   -0.950511823844093939E+00
    0.344910642605495690E-02    0.344218444824218750E+02    0.774840219709645162E+01    0.460726728296805721E+01    0.518574953079223633E+00    0.649373846284370160E+01    0.104139864543842258E+02   -0.217771691209565477E+01
    0.341759142044801298E-02    0.344216842651367188E+02    0.738893112422660270E+01    0.403517910854646455E+01    0.490015119314193726E+00    0.651214788410616396E+01    0.827570235803162646E+01   -0.130394096117992797E+01
    0.338738504442601639E-02    0.344209213256835938E+02    0.812885976445506486E+01    0.495631952274830478E+01    0.857428014278411865E+00    0.725929044055416739E+01    0.102967908976450886E+02   -0.183092501979744871E+01
    0.336248282429282537E-02    0.344171600341796875E+02    0.748765417497101726E+01    0.411160212975719652E+01    0.572939872741699219E+00    0.678950695675523175E+01    0.803442977198666952E+01   -0.318812232906425130E+00
    0.334653517708960674E-02    0.344081497192382812E+02    0.801672465873329543E+01    0.461836976922657882E+01    0.727997601032257080E+00    0.744589218331100611E+01    0.967362103708422794E+01    0.189794195480128991E+00
    0.333242969555557194E-02    0.343980789184570312E+02    0.743449338633584134E+01    0.437166017401109119E+01    0.496469438076019287E+00    0.620627956610375975E+01    0.805415230132655857E+01   -0.472537184408437838E+00
    0.331609324687936243E-02    0.343893890380859375E+02    0.746075279453101636E+01    0.445258516402137783E+01    0.444696962833404541E+00    0.686988816038363215E+01    0.875327505312619358E+01   -0.964773920416722053E+00
    0.330772000311897133E-02    0.343759269714355469E+02    0.752415745638291167E+01    0.426025408033944863E+01    0.571095168590545654E+00    0.625502961049061401E+01    0.946682355155549082E+01   -0.870963964791674483E+00
    0.327751562062332871E-02    0.343757553100585938E+02    0.794314926502037011E+01    0.475761654735779249E+01    0.741628766059875488E+00    0.718098973632221682E+01    0.736351286678760353E+01   -0.711120929683106695E-02
    0.325674890060769547E-02    0.343699493408203125E+02    0.745295132959271722E+01    0.463450935697851918E+01    0.351713031530380249E+00    0.649409002834486060E+01    0.717184000723981185E+01   -0.147477286385168971E+01
    0.323810805948060269E-02    0.343629112243652344E+02    0.760610144554929857E+01    0.475325114264287496E+01    0.545803666114807129E+00    0.704342987929229025E+01    0.824205191778858648E+01    0.220967842368917644E+00
    0.322086375078880615E-02    0.343550720214843750E+02    0.756938663113679944E+01    0.398973844416030854E+01    0.709394693374633789E+00    0.655856661735276703E+01    0.934691106710586084E+01   -0.298333669268004975E-01
    0.319416245400390517E-02    0.343532028198242188E+02    0.751552636280325892E+01    0.413172298836904783E+01    0.624297440052032471E+00    0.657239621532890705E+01    0.788914113415805041E+01   -0.590651523654238009E+00
    0.316605766627736694E-02    0.343523597717285156E+02    0.790923577640606812E+01    0.434609274172982385E+01    0.762811005115509033E+00    0.651845404461644495E+01    0.104433845977566335E+02   -0.175220988502659458E+01
    0.314228503082861167E-02    0.343489151000976562E+02    0.746877382324357075E+01    0.395341113222208440E+01    0.576255679130554199E+00    0.694647391967701289E+01    0.722477683613030841E+01    0.222057367103223324E+00
    0.311332408442813830E-02    0.343489151000976562E+02    0.800948692462927347E+01    0.462838936485917074E+01    0.845004498958587646E+00    0.738675545432944958E+01    0.104018048695675738E+02   -0.165543611447019146E+01
    0.308476537995586685E-02    0.343488273620605469E+02    0.772315515013102782E+01    0.486592946916941305E+01    0.591930866241455078E+00    0.701406122471969251E+01    0.832830811231330159E+01   -0.157219884045889691E+01
    0.306298157785622662E-02    0.343444824218750000E+02    0.767402824585911958E+01    0.486401338133424410E+01    0.538830518722534180E+00    0.624615101847742604E+01    0.940767408296576768E+01   -0.180902652523998464E+01
    0.304317364099884573E-02    0.343389396667480469E+02    0.741651687377640290E+01    0.424030228990121305E+01    0.373916327953338623E+00    0.647171534647280211E+01    0.100531109152220210E+02   -0.206465207387894223E+01
    0.301678862444833404E-02    0.343378372192382812E+02    0.788601964187661864E+01    0.448913270871131509E+01    0.750470221042633057E+00    0.674200274654804943E+01    0.823290035693915456E+01   -0.210190705196226579E+01
    0.299672492810231427E-02    0.343326644897460938E+02    0.765193712381244850E+01    0.455818669202293858E+01    0.519752144813537598E+00    0.701584988956707356E+01    0.931718851096320400E+01   -0.128164789886662311E+01
    0.298593856272263026E-02    0.343213577270507812E+02    0.760391944305737955E+01    0.455814110312279386E+01    0.570250689983367920E+00    0.690460901307767116E+01    0.952034357025856437E+01   -0.722910642672536019E+00
    0.297161809100699240E-02    0.343124542236328125E+02    0.767336376671612364E+01    0.453531320637691593E+01    0.586747109889984131E+00    0.674460115337329569E+01    0.732325237988891953E+01   -0.121859827006114152E+01
    0.295015497374605295E-02    0.343084335327148438E+02    0.767577024202717606E+01    0.389948808150336212E+01    0.643253326416015625E+00    0.712099272865572264E+01    0.951655749657419570E+01   -0.207612536875965192E+01
    0.292614992229992595E-02    0.343062553405761719E+02    0.748342128987827415E+01    0.463874258499573511E+01    0.525482952594757080E+00    0.651928029396268371E+01    0.790218907560733985E+01   -0.193873645003108219E+00
    0.290178667236082408E-02    0.343044586181640625E+02    0.773692284317185131E+01    0.470617699807839696E+01    0.599306404590606689E+00    0.643900897629332292E+01    0.815787814225253705E+01   -0.198343111733033273E+01
    0.287521776893996791E-02    0.343043365478515625E+02    0.762283908745474825E+01    0.426651743568965891E+01    0.668347120285034180E+00    0.637690536660042895E+01    0.950696899041163412E+01   -0.118824724104321588E+01
    0.285157770901378529E-02    0.343023300170898438E+02    0.752767978545317007E+01    0.455401305435794068E+01    0.614997267723083496E+00    0.669797590845688617E+01    0.758778434985442196E+01    0.848552325574547517E-01
    0.283341790626797860E-02    0.342965888977050781E+02    0.745561981679245633E+01    0.474419674095855193E+01    0.405665189027786255E+00    0.645241322598548983E+01    0.777718315869386867E+01   -0.120150197052653684E+01
    0.286157547149037831E-02    0.342582931518554688E+02    0.807573438483427530E+01    0.432295263583983758E+01    0.877729892730712891E+00    0.717264941575821702E+01    0.740925924942257019E+01   -0.202154272936139723E+01
    0.284259826592828807E-02    0.342530822753906250E+02    0.768640085363924008E+01    0.459677548733461983E+01    0.624318003654479980E+00    0.692165167705408813E+01    0.837176220546316685E+01   -0.358056324922846114E+00
    0.282840414003506175E-02    0.342445755004882812E+02    0.785459919785980887E+01    0.449025397480194588E+01    0.684511840343475342E+00    0.712938767267650331E+01    0.765675696581055565E+01   -0.204609213956976577E+01
    0.280523458974153445E-02    0.342425079345703125E+02    0.782772259496949552E+01    0.466469306705909048E+01    0.666419744491577148E+00    0.727580879583587592E+01    0.796898192329269239E+01   -0.160772007896670477E+01
    0.278588701046426695E-02    0.342378311157226562E+02    0.756711634540878109E+01    0.399569895072217474E+01    0.587092280387878418E+00    0.698604403774730986E+01    0.101755595413272975E+02   -0.192572778723425131E+01
    0.276359808379718049E-02    0.342353782653808594E+02    0.782702312328168848E+01    0.446113725035880648E+01    0.690544068813323975E+00    0.731475511946387513E+01    0.942532522370134274E+01   -0.142855087465321806E+01
    0.274693625107099272E-02    0.342289543151855469E+02    0.749067515716691634E+01    0.446404118506846181E+01    0.477416276931762695E+00    0.663040563207424682E+01    0.783630184167075949E+01   -0.184587777177456291E+01
    0.272416905867677766E-02    0.342270812988281250E+02    0.783208153240920169E+01    0.438507748120403740E+01    0.707588255405426025E+00    0.628869851953622039E+01    0.811897403323689915E+01   -0.937726770130107523E+00
    0.270317811741032201E-02    0.342240333557128906E+02    0.765889850001911476E+01    0.481373262208606167E+01    0.436673074960708618E+00    0.710377136107214824E+01    0.931160451239433229E+01   -0.202790357810759669E+01
    0.268082473392902481E-02    0.342221221923828125E+02    0.784229705487142681E+01    0.496059944083084314E+01    0.601655483245849609E+00    0.696484822622000088E+01    0.899158850310679725E+01   -0.183868475974062906E+01
    0.265702890948434252E-02    0.342214355468750000E+02    0.752933196722557341E+01    0.471355040390476709E+01    0.408617526292800903E+00    0.700721904327540912E+01    0.858886116776218778E+01   -0.142495766558279779E+00
    0.265734557703219913E-02    0.342026786804199219E+02    0.751535983220158066E+01    0.464401159277786046E+01    0.388404250144958496E+00    0.695916012103229686E+01    0.702367344222857160E+01   -0.176562849696451329E+01
    0.263702545750997682E-02    0.341995124816894531E+02    0.755259102230867718E+01    0.420065154689905995E+01    0.622390627861022949E+00    0.633581912883601195E+01    0.751096130711129106E+01   -0.382733036102029800E+00
    0.262325234319979190E-02    0.341914672851562500E+02    0.758361787194827563E+01    0.480909066980376831E+01    0.425470083951950073E+00    0.676606816371096542E+01    0.102178579332106807E+02   -0.180808239220381939E+01
    0.261572037322659826E-02    0.341786994934082031E+02    0.808801740049331030E+01    0.479059809561055250E+01    0.851978242397308350E+00    0.746566128599085843E+01    0.956508608657465587E+01    0.212495588585557282E+00
    0.259684265897261414E-02    0.341746673583984375E+02    0.781065285431400280E+01    0.439333746813286208E+01    0.711425781250000000E+00    0.675731221522609271E+01    0.861600498941022153E+01   -0.176504440691808684E+01
    0.257295296274212635E-02    0.341746330261230469E+02    0.794798582958013533E+01    0.484074744374253907E+01    0.804074645042419434E+00    0.682507726180294405E+01    0.997099605529306388E+01    0.216979486536681421E+00
    0.255341453782662346E-02    0.341713600158691406E+02    0.745679193895981829E+01    0.472561107531668334E+01    0.395219326019287109E+00    0.659708398949623920E+01    0.719477515317520755E+01   -0.945337089425083210E+00
    0.254586456581260565E-02    0.341587638854980469E+02    0.745310717071055961E+01    0.442497440120716323E+01    0.380998075008392334E+00    0.606081404731133411E+01    0.963264274912941687E+01   -0.701856958962445709E+00
    0.253363051307743973E-02    0.341498794555664062E+02    0.745541386480618407E+01    0.467735156157672982E+01    0.441358447074890137E+00    0.669776788522517741E+01    0.733939044569776566E+01   -0.898913917334811963E+00
    0.251154359024783388E-02    0.341488723754882812E+02    0.768712733417468286E+01    0.408354211960032210E+01    0.737266600131988525E+00    0.615882397250054936E+01    0.725769222965983030E+01   -0.143920064258036984E+01
    0.249333687466273338E-02    0.341449050903320312E+02    0.778693445353829627E+01    0.439374621076777139E+01    0.721939682960510254E+00    0.666870036957870393E+01    0.701328697745747665E+01   -0.151313158668170411E+01
    0.247088004344543774E-02    0.341444816589355469E+02    0.758678013384657035E+01    0.434199894924585905E+01    0.670152306556701660E+00    0.688926635905786355E+01    0.747533147067418557E+01    0.184793709103828530E+00
    0.246772673053199769E-02    0.341285171508789062E+02    0.786548887081475279E+01    0.463159291215376889E+01    0.689087510108947754E+00    0.709916878296031140E+01    0.920782530293575441E+01   -0.135933367878540867E+01
    0.244530932933428435E-02    0.341282501220703125E+02    0.755414508444190336E+01    0.442254424237088095E+01    0.529115617275238037E+00    0.680807552608425404E+01    0.823873020826531466E+01   -0.213941151062760326E+01
    0.243499318173968264E-02    0.341181869506835938E+02    0.763125704775146119E+01    0.443973887426923408E+01    0.492256581783294678E+00    0.679264943162903556E+01    0.757102242498098654E+01   -0.191552345836306470E+01
    0.241404698364384041E-02    0.341169471740722656E+02    0.786717207845718924E+01    0.475406176135447200E+01    0.693614125251770020E+00    0.675631135009554740E+01    0.888848173272443454E+01   -0.210868320180952828E+01
    0.240092095280092059E-02    0.341093330383300781E+02    0.771348873689809000E+01    0.416210164338054600E+01    0.691879808902740479E+00    0.698618574241430323E+01    0.759184195217335223E+01   -0.178642862824302329E+01
    0.237986836290194964E-02    0.341084289550781250E+02    0.750633826944225824E+01    0.471525271265160484E+01    0.374445259571075439E+00    0.687041354825264605E+01    0.872867530738739816E+01   -0.198541468348002148E+01
    0.235965288210816804E-02    0.341069717407226562E+02    0.749185483251460038E+01    0.455440847301265883E+01    0.516796290874481201E+00    0.665304680048648756E+01    0.873761670100227050E+01   -0.750690657824260033E+00
    0.236562599832945827E-02    0.340833969116210938E+02    0.747561783872227092E+01    0.404103672944988634E+01    0.514655590057373047E+00    0.603009178586682282E+01    0.918932999481580737E+01   -0.150468186558473782E+01
    0.234466375121314364E-02    0.340826797485351562E+02    0.807606300064145266E+01    0.489722837918894527E+01    0.778139948844909668E+00    0.719838519252387776E+01    0.879197417901904998E+01   -0.213381530611982573E+01
    0.232331553701234069E-02    0.340824546813964844E+02    0.761668180971286368E+01    0.456579600412215036E+01    0.577406227588653564E+00    0.675064615664213541E+01    0.855685526742889202E+01   -0.178942072026650068E+01
    0.232810849026058274E-02    0.340598144531250000E+02    0.732488203521181713E+01    0.256078943661826886E+01    0.102628076076507568E+01    0.661590216038074352E+01    0.796587997664887659E+01   -0.111497662024842947E+01
    0.231335732420084265E-02    0.340540084838867188E+02    0.794232640211771557E+01    0.460349613577366057E+01    0.792459249496459961E+00    0.723248279941256556E+01    0.753042167193693768E+01   -0.144789133018419158E+01
    0.230163906349522022E-02    0.340456466674804688E+02    0.752496320099395000E+01    0.474532527814962624E+01    0.471999555826187134E+00    0.634611068895341290E+01    0.853920370793015771E+01   -0.335666289972868848E+00
    0.228462714871739084E-02    0.340419654846191406E+02    0.765135638919510974E+01    0.465966966576871222E+01    0.414102971553802490E+00    0.707237199816174389E+01    0.102956010241522922E+02   -0.205177527931259940E+01
    0.226803079118574310E-02    0.340380287170410156E+02    0.751695999188498654E+01    0.433267175336067467E+01    0.540228009223937988E+00    0.688077262291612790E+01    0.102974069501354233E+02   -0.156790172006998141E+01
    0.225191146733920823E-02    0.340337753295898438E+02    0.753736308749929940E+01    0.411947143598322363E+01    0.595508277416229248E+00    0.658229802631949568E+01    0.857596492870876936E+01   -0.554259228524323078E-01
    0.224127380749259038E-02    0.340247268676757812E+02    0.770227522782120655E+01    0.420135231081692950E+01    0.642699182033538818E+00    0.671416489147179352E+01    0.101211073014122430E+02   -0.185352089266769182E+01
    0.224191291556733244E-02    0.340056381225585938E+02    0.794384529029418296E+01    0.429855174829168263E+01    0.822607040405273438E+00    0.642935411462188178E+01    0.884216045588811106E+01   -0.186395620186163780E+01
    0.225765044724629983E-02    0.339731292724609375E+02    0.740158459722706041E+01    0.451334029983255558E+01    0.448831379413604736E+00    0.680678557386326943E+01    0.776401430943730908E+01   -0.401164385963587611E+00
    0.223747427909732960E-02    0.339725646972656250E+02    0.763566406312192214E+01    0.401475240175724402E+01    0.608887612819671631E+00    0.601188258178627599E+01    0.970886176437285719E+01   -0.135051782892889971E+01
    0.221765606760839515E-02    0.339718399047851562E+02    0.787454921151360399E+01    0.464177915894103332E+01    0.585184514522552490E+00    0.623367291516922251E+01    0.930151290970878364E+01   -0.206140613631427305E+01
    0.220977502379915165E-02    0.339604415893554688E+02    0.754430457150575773E+01    0.438793165651380068E+01    0.550013601779937744E+00    0.616117485279129973E+01    0.966211764756606328E+01   -0.876137950634427787E+00
    0.220251004253716517E-02    0.339485092163085938E+02    0.785019516440550635E+01    0.458687631259533646E+01    0.681641876697540283E+00    0.647472733779647758E+01    0.103950131854132053E+02   -0.120577013952939938E+01
    0.218300152338354479E-02    0.339477844238281250E+02    0.764831595163869782E+01    0.450089362413341831E+01    0.631042420864105225E+00    0.682052367819916050E+01    0.892781529017121045E+01   -0.270699319365657720E+00
    0.216336043258735572E-02    0.339473419189453125E+02    0.774099263370325019E+01    0.470586079778768074E+01    0.722611129283905029E+00    0.675061207419614551E+01    0.986672101881417696E+01   -0.177927327248372791E-01
    0.215516256264835756E-02    0.339364166259765625E+02    0.752273074112246753E+01    0.418842016370943870E+01    0.498738884925842285E+00    0.686002279383521074E+01    0.795021421788252880E+01   -0.193777195944213254E+01
    0.214296590116524197E-02    0.339292488098144531E+02    0.784702725484002794E+01    0.445814990546717649E+01    0.789559900760650635E+00    0.618617329406613603E+01    0.821081401944092093E+01   -0.116000001394462249E+01
    0.212988337889339404E-02    0.339229774475097656E+02    0.756300971152497592E+01    0.405066946443998432E+01    0.505788087844848633E+00    0.613555258915047474E+01    0.915544016667223737E+01   -0.174731355414148970E+01
    0.211352811118188265E-02    0.339198760986328125E+02    0.773434307577934543E+01    0.472631489098109459E+01    0.642796397209167480E+00    0.684107881710648513E+01    0.723505485663462977E+01   -0.160077586578769360E+01
    0.210426647013548310E-02    0.339101409912109375E+02    0.762634587847019940E+01    0.424403775094023583E+01    0.663094580173492432E+00    0.653520847383895909E+01    0.942135156799019668E+01   -0.114614327599454491E+01
    0.209212239647936027E-02    0.339031982421875000E+02    0.780315676746282882E+01    0.440262003022463588E+01    0.758396983146667480E+00    0.619957545582616198E+01    0.954813813186670401E+01   -0.847601428355280628E+00
    0.207346506707131685E-02    0.339025955200195312E+02    0.757964416598118351E+01    0.445492578237998416E+01    0.454870790243148804E+00    0.703644761428716237E+01    0.804862682976532007E+01   -0.181384522312775265E+01
    0.205594247923189923E-02    0.339010505676269531E+02    0.756433715990209166E+01    0.450989480583103752E+01    0.613349318504333496E+00    0.659144189026246341E+01    0.719079591713630961E+01   -0.353682513057256287E+00
    0.203750286768756596E-02    0.339005508422851562E+02    0.762024453316777794E+01    0.462827869258917612E+01    0.587491393089294434E+00    0.672449895649084617E+01    0.817830703122416480E+01   -0.649486606530212507E+00
    0.202196882358285542E-02    0.338973388671875000E+02    0.787160161423624150E+01    0.447634902562836245E+01    0.729308009147644043E+00    0.619518972836050441E+01    0.866523514548557827E+01   -0.200354649167381060E+01
    0.200510705306259068E-02    0.338955688476562500E+02    0.755052350733037780E+01    0.482330421992176728E+01    0.388736844062805176E+00    0.604340280029333599E+01    0.865664780473910156E+01    0.689703676970685464E-01
    0.198912937542743964E-02    0.338930511474609375E+02    0.765001268961332226E+01    0.423814499916231302E+01    0.665246427059173584E+00    0.655715074005863041E+01    0.746620279994229907E+01   -0.172286691830907901E+01
    0.197212012705129175E-02    0.338917083740234375E+02    0.795279786492802643E+01    0.467423768120236627E+01    0.749271750450134277E+00    0.628668555594707534E+01    0.102023736493890009E+02   -0.129222146494303858E+01
    0.195938161003977049E-02    0.338861503601074219E+02    0.807043014745633691E+01    0.469630378561207351E+01    0.861072838306427002E+00    0.730630659227333901E+01    0.100814290033833629E+02   -0.179392360649309146E+01
    0.194470650482288644E-02    0.338826675415039062E+02    0.783561550888338765E+01    0.477129060918767767E+01    0.589617371559143066E+00    0.731123007451353324E+01    0.978634182817112119E+01    0.728430627947380671E-01
    0.192789325395337197E-02    0.338815155029296875E+02    0.749503024345182389E+01    0.440758379405987188E+01    0.393696397542953491E+00    0.628003912587801327E+01    0.102897519732823408E+02   -0.173860558895609141E+01
    0.191285189268197557E-02    0.338786621093750000E+02    0.763124964413315787E+01    0.415322091751366873E+01    0.615393042564392090E+00    0.604585482984174227E+01    0.820960863603114532E+01   -0.992604232629052508E+00
    0.189579689487829359E-02    0.338780555725097656E+02    0.745038593000063365E+01    0.463989629991220376E+01    0.443415701389312744E+00    0.624593211182723085E+01    0.804902891458997161E+01    0.234762995823941001E+00
    0.187835648054403455E-02    0.338780212402343750E+02    0.759722953148038638E+01    0.462039459641077599E+01    0.556172132492065430E+00    0.603477049221891981E+01    0.792326199482255422E+01   -0.540116628139359012E+00
    0.186328930067173053E-02    0.338756103515625000E+02    0.757120931175281164E+01    0.461996366105822354E+01    0.441805779933929443E+00    0.662949185520853224E+01    0.811326895358111955E+01   -0.166577856432616023E+01
    0.185252887970434603E-02    0.338686752319335938E+02    0.786248105524442309E+01    0.399535041743745634E+01    0.834203243255615234E+00    0.626136618857728866E+01    0.101364279402750341E+02   -0.210987148670271596E+01
    0.183647403311282004E-02    0.338675651550292969E+02    0.783290808575576758E+01    0.472847523500950739E+01    0.642394661903381348E+00    0.688765878479100202E+01    0.800977075569199926E+01   -0.177107795252465361E+01
    0.182211464272804082E-02    0.338647460937500000E+02    0.790317337051772295E+01    0.459249834642940158E+01    0.692501604557037354E+00    0.724217210519833188E+01    0.101720471607057661E+02   -0.167735846943618250E+01
    0.180563789726512713E-02    0.338643951416015625E+02    0.773173680703133481E+01    0.442068314069528512E+01    0.786850392818450928E+00    0.660924330811614791E+01    0.930384039386836292E+01    0.142364918731737067E+00
    0.180110952042646577E-02    0.338508987426757812E+02    0.745460790269858631E+01    0.447219979362228681E+01    0.436150461435317993E+00    0.625125249624158741E+01    0.102197271449036204E+02   -0.787034230202810825E+00
    0.179763452780814766E-02    0.338362426757812500E+02    0.753457811579086734E+01    0.469980449397959354E+01    0.483895719051361084E+00    0.644642236788878531E+01    0.833417620254624936E+01   -0.123313053264181560E+01
    0.178926223975325589E-02    0.338270606994628906E+02    0.745410892189578345E+01    0.466482083058654506E+01    0.415950894355773926E+00    0.701806460940960708E+01    0.875270295037902102E+01   -0.559399203559518554E-02
    0.177546840087402808E-02    0.338240203857421875E+02    0.765102688074552351E+01    0.452898376091995214E+01    0.619693338871002197E+00    0.679033426608608970E+01    0.104617019426105848E+02   -0.140146816947607711E+01
    0.175932956769123236E-02    0.338237648010253906E+02    0.778829301900984028E+01    0.484149983324267374E+01    0.600907206535339355E+00    0.675251196023289602E+01    0.100858981728118131E+02   -0.166968602426628010E+01
    0.174768216359854180E-02    0.338185310363769531E+02    0.770307670767113795E+01    0.446853552417414335E+01    0.654185354709625244E+00    0.669179382561944180E+01    0.917861568012210682E+01   -0.918673163523742176E-01
    0.173557551040543585E-02    0.338139152526855469E+02    0.750243380925349079E+01    0.402507676197555941E+01    0.492138385772705078E+00    0.645448220409994011E+01    0.851173334882637356E+01   -0.177834694908249458E+01
    0.172372038954469770E-02    0.338091049194335938E+02    0.758092958023353525E+01    0.408107014032310644E+01    0.553360819816589355E+00    0.625128708174743419E+01    0.811672462045713594E+01   -0.143010388530324972E+01
    0.171157078111868963E-02    0.338047332763671875E+02    0.746202046956101217E+01    0.473902419750968829E+01    0.348040729761123657E+00    0.604421280847675746E+01    0.781339268701268708E+01   -0.692586083565176480E-01
    0.169984720600639965E-02    0.337999610900878906E+02    0.788882551049604963E+01    0.446288707229219028E+01    0.820433557033538818E+00    0.649589084037376896E+01    0.796187496517824567E+01    0.204457501097046190E+00
    0.168544665243174139E-02    0.337984580993652344E+02    0.755558422077913150E+01    0.468236671531059478E+01    0.452246129512786865E+00    0.661704259638417902E+01    0.743719427575052361E+01   -0.117663101775830947E+01
    0.167401057297010178E-02    0.337935562133789062E+02    0.763717193021534779E+01    0.450554537301745484E+01    0.686437070369720459E+00    0.680633954636427241E+01    0.960432263236856798E+01    0.139566249859936153E+00
    0.166310246901487800E-02    0.337881126403808594E+02    0.744618237652793358E+01    0.452736365540107322E+01    0.453596532344818115E+00    0.623653224993156385E+01    0.720636904253526289E+01    0.160900692747446339E+00
    0.166285976109285891E-02    0.337698860168457031E+02    0.745893514299242533E+01    0.442572215293216420E+01    0.444077312946319580E+00    0.661174690151345512E+01    0.738158945101186070E+01   -0.159811601892980359E+01
    0.165975596824414345E-02    0.337551040649414062E+02    0.757018136415653320E+01    0.417904344122368610E+01    0.577404975891113281E+00    0.680175103912258816E+01    0.987518199812090636E+01   -0.180160391903551020E+01
    0.165565029137967282E-02    0.337415390014648438E+02    0.733806908640624300E+01    0.438241820007486993E+01    0.346964895725250244E+00    0.623292687331787754E+01    0.971443368226290005E+01   -0.180144421562540291E+00
    0.165251267584520865E-02    0.337268142700195312E+02    0.744078514949968550E+01    0.434450891648301685E+01    0.560243844985961914E+00    0.669331427878524732E+01    0.880430095984244687E+01   -0.123157543406105408E+00
    0.163867251879673548E-02    0.337251167297363281E+02    0.750823696633443216E+01    0.437527985161558863E+01    0.529104709625244141E+00    0.652597259957425635E+01    0.100641704109584911E+02   -0.129278658951546088E+01
    0.162601790128507869E-02    0.337221031188964844E+02    0.770390063173523298E+01    0.480773991871626016E+01    0.577867388725280762E+00    0.709393838691401335E+01    0.103165626860742954E+02    0.208814050270905049E+00
    0.177940689086518921E-02    0.335417823791503906E+02    0.772334693896101765E+01    0.491693724240907137E+01    0.537256300449371338E+00    0.671883942848397897E+01    0.101750796666715146E+02   -0.210448281714242746E+01
    0.188001263812489464E-02    0.334317855834960938E+02    0.788251940301033915E+01    0.433342589737432160E+01    0.707908928394317627E+00    0.639708356266481992E+01    0.910481968265531449E+01   -0.200498505120823678E+01
    0.185586424938319989E-02    0.334576416015625000E+02    0.763022126607877560E+01    0.405603566126215576E+01    0.625224709510803223E+00    0.605142462965340933E+01    0.948431654694364390E+01   -0.175554261147671409E+01
    0.192088451030708531E-02    0.333887710571289062E+02    0.752240924579703218E+01    0.451449817197440773E+01    0.484579265117645264E+00    0.651003667721088508E+01    0.103197723230917067E+02   -0.115699725281264865E+01
    0.217881138321397326E-02    0.331367835998535156E+02    0.769110117376108793E+01    0.468071062275516958E+01    0.594966113567352295E+00    0.658432093044537137E+01    0.916745739951617544E+01   -0.137901115537529373E+01
    0.192032036851184592E-02    0.333893585205078125E+02    0.759630366990043093E+01    0.451055427270827369E+01    0.510807275772094727E+00    0.653723274520237929E+01    0.993403008723698910E+01   -0.117958935333831794E+01
    0.200158369859716658E-02    0.333064651489257812E+02    0.769195112102250889E+01    0.425227251382768756E+01    0.632667779922485352E+00    0.621990583382723194E+01    0.992029062510114201E+01   -0.145771670330372394E+01
    0.223319204462427146E-02    0.330874786376953125E+02    0.780977140348218057E+01    0.440069825810802229E+01    0.619752705097198486E+00    0.628198183492836737E+01    0.892948207645753556E+01   -0.194714084240490526E+01
    0.241910943628867578E-02    0.329275436401367188E+02    0.780579377203903224E+01    0.448641852711705713E+01    0.665798664093017578E+00    0.631078428791010904E+01    0.942300888540450465E+01   -0.179943151816308711E+01
    0.228257351003656331E-02    0.330437355041503906E+02    0.783833539859340256E+01    0.450030252023741983E+01    0.661004543304443359E+00    0.632914178906653024E+01    0.915597957153240571E+01   -0.196571287249642790E+01
    0.183041587190037303E-02    0.334852561950683594E+02    0.774622577913587662E+01    0.467589724519923955E+01    0.578222036361694336E+00    0.687713761027595005E+01    0.968694521406804654E+01   -0.211236982402144413E+01
    0.198649217492127350E-02    0.333216018676757812E+02    0.768039244688313882E+01    0.479177083780218194E+01    0.531328618526458740E+00    0.619798692487733227E+01    0.975674324530763748E+01   -0.104436107199593198E+01
    0.250104690802983604E-02    0.328609237670898438E+02    0.778406579682549093E+01    0.465500292509284641E+01    0.563152313232421875E+00    0.612327609443036103E+01    0.102403410706842397E+02   -0.205647783126431616E+01
    0.175518769772939364E-02    0.335691909790039062E+02    0.779059438424602746E+01    0.450980630309414643E+01    0.646360397338867188E+00    0.605805982601651749E+01    0.100563679519230949E+02   -0.206236070121233084E+01
    0.177956641363244601E-02    0.335416030883789062E+02    0.769753200456973818E+01    0.447665124430632844E+01    0.513838768005371094E+00    0.653016298897222836E+01    0.104059195528537849E+02   -0.209299425041326437E+01
    0.226719183365411015E-02    0.330572586059570312E+02    0.765255511524946730E+01    0.449405685832143398E+01    0.513786137104034424E+00    0.610053266979061437E+01    0.985976644358279231E+01   -0.187069610157656196E+01
    0.245094199504863712E-02    0.329013977050781250E+02    0.777861676835377747E+01    0.455775806715136600E+01    0.605724096298217773E+00    0.607731500123911772E+01    0.983066318066794587E+01   -0.169494168865799999E+01
    0.205286006416529601E-02    0.332558746337890625E+02    0.754861898185288194E+01    0.447662415828325067E+01    0.483963221311569214E+00    0.644969399068462668E+01    0.103600200936756259E+02   -0.136828539749194844E+01
    0.237499984279835024E-02    0.329643478393554688E+02    0.773197606903761336E+01    0.432340292954638628E+01    0.596531927585601807E+00    0.605338419955743490E+01    0.926062237591627024E+01   -0.209353497008151646E+01
    0.225096906802516213E-02    0.330716209411621094E+02    0.774951930632773944E+01    0.455192003148011537E+01    0.616900622844696045E+00    0.613233706092128994E+01    0.990622013791911371E+01   -0.101276282384841188E+01
    0.173770631846444437E-02    0.335892105102539062E+02    0.753984276422339228E+01    0.455185306972815518E+01    0.444615215063095093E+00    0.644530091889397916E+01    0.959142658878910659E+01   -0.124881138877756537E+01
    0.220005458966943557E-02    0.331173782348632812E+02    0.775012888079572804E+01    0.442072276671751396E+01    0.666878998279571533E+00    0.614484510230535985E+01    0.957698573664816522E+01   -0.155220001186961820E+01
    0.221143061730918631E-02    0.331070632934570312E+02    0.760878866261174913E+01    0.436125440855210744E+01    0.547342121601104736E+00    0.614342897861524939E+01    0.948204481376351005E+01   -0.841744975460261946E+00
    0.198493174766382723E-02    0.333231735229492188E+02    0.762830270110692688E+01    0.441386430145644315E+01    0.553158462047576904E+00    0.617016245004842645E+01    0.104981114842348369E+02   -0.619152453706440342E+00
    0.180736297269824147E-02    0.335106048583984375E+02    0.767332894540510058E+01    0.474546074657889161E+01    0.514170825481414795E+00    0.642161075970671913E+01    0.102823784862965315E+02   -0.950207385630104318E+00
    0.175514082978717265E-02    0.335692443847656250E+02    0.755344541513889478E+01    0.414751602523115626E+01    0.486534118652343750E+00    0.615803831423599668E+01    0.101122641659987877E+02   -0.215409146650877492E+01
    0.207045305786493624E-02    0.332388076782226562E+02    0.757015545743411877E+01    0.432889270424959971E+01    0.477901220321655273E+00    0.622489782102145739E+01    0.915660232655719497E+01   -0.217351803538599730E+01
    0.222012825720689210E-02    0.330992126464843750E+02    0.770444913124031316E+01    0.474237525332595844E+01    0.527047038078308105E+00    0.638357424204775548E+01    0.879279528995303750E+01   -0.144307962508117482E+01
    0.226748590684090930E-02    0.330569992065429688E+02    0.770735536487265449E+01    0.438524466088761411E+01    0.561820745468139648E+00    0.644955237585971908E+01    0.955048177274193932E+01   -0.186892050303022872E+01
    0.217517398326040178E-02    0.331401252746582031E+02    0.766852767593835782E+01    0.472302726105835013E+01    0.528125166893005371E+00    0.623839048808081742E+01    0.955759988756134504E+01   -0.163561506935853718E+01
    0.185836501753562904E-02    0.334549484252929688E+02    0.771395371958185461E+01    0.451167604105330788E+01    0.630658686161041260E+00    0.605490395597861308E+01    0.999181586422582058E+01   -0.242857347697537529E+00
    0.190427183514140300E-02    0.334061431884765625E+02    0.768839393730693921E+01    0.432303165235999654E+01    0.656126499176025391E+00    0.626449397939992547E+01    0.986457327063683032E+01   -0.158931338487907814E+01
    0.217641898396092040E-02    0.331389808654785156E+02    0.762102107334625156E+01    0.464874913740210793E+01    0.530533075332641602E+00    0.658605664458730367E+01    0.980162345485688036E+01   -0.142213955912726497E+01
    0.182025672735929098E-02    0.334963874816894531E+02    0.785049541464286893E+01    0.461467428339838825E+01    0.668483316898345947E+00    0.633460776643494672E+01    0.991051519122066793E+01   -0.133028019340797110E+01
    0.179009928260079245E-02    0.335298004150390625E+02    0.770338629792500829E+01    0.405636470840538177E+01    0.707436501979827881E+00    0.652875506209995038E+01    0.879594365028136238E+01   -0.190243260137996684E+01
    0.196982675690424072E-02    0.333384513854980469E+02    0.763542489244763090E+01    0.436160832110362850E+01    0.558762848377227783E+00    0.665696778956471213E+01    0.786821378111762648E+01   -0.206627053171097552E+01
    0.175142885193070694E-02    0.335734786987304688E+02    0.753074313402082218E+01    0.432172076347814027E+01    0.457618117332458496E+00    0.641008143435165856E+01    0.820636744750164837E+01   -0.193215492671754419E+01
    0.201992738959503974E-02    0.332882194519042969E+02    0.766476119490271479E+01    0.470428254100883425E+01    0.459394216537475586E+00    0.624168674837530180E+01    0.874543637445622224E+01   -0.171882678155555180E+01
    0.185662191695194572E-02    0.334568252563476562E+02    0.758922442825095089E+01    0.474521869021903164E+01    0.456391066312789917E+00    0.645663288455557982E+01    0.857124311189114074E+01   -0.128326230822165788E+01
    0.237545288127240153E-02    0.329639663696289062E+02    0.764877136233598343E+01    0.453734516755983908E+01    0.551254749298095703E+00    0.639248103805127066E+01    0.775965720825559657E+01   -0.141373902921576500E+01
    0.166951103149628219E-02    0.336692810058593750E+02    0.775592161134841529E+01    0.475663733232316766E+01    0.521235287189483643E+00    0.707058760124948638E+01    0.779603454471158308E+01   -0.195643791259910804E+01
    0.184871354581439681E-02    0.334653625488281250E+02    0.780734615012850863E+01    0.467074113496144694E+01    0.573732137680053711E+00    0.711491749120892703E+01    0.878306744888839397E+01   -0.217371671661689048E+01
    0.207603666835627469E-02    0.332334213256835938E+02    0.768336122167291613E+01    0.428073726049870729E+01    0.576189517974853516E+00    0.602604417783502910E+01    0.709724293549959739E+01   -0.166242573222091661E+01
    0.233613276638021047E-02    0.329973487854003906E+02    0.781518984758906488E+01    0.474163616432863311E+01    0.625171363353729248E+00    0.627422088168858938E+01    0.718220260372653474E+01   -0.136248909793173345E+01
    0.179882020397716634E-02    0.335200805664062500E+02    0.763100440276007408E+01    0.481069747982645968E+01    0.412104159593582153E+00    0.616850322396328909E+01    0.839485938262916243E+01   -0.198189826132337288E+01
    0.187876159656046320E-02    0.334331169128417969E+02    0.774900092929747331E+01    0.475154318087587324E+01    0.566681623458862305E+00    0.656658705178828495E+01    0.882530561775586975E+01   -0.152788112822800670E+01
    0.202395362172394901E-02    0.332842369079589844E+02    0.782317351431751185E+01    0.458991005987333622E+01    0.630390167236328125E+00    0.649258657930578842E+01    0.779888132039929083E+01   -0.182687682059230472E+01
    0.231226980249741882E-02    0.330178833007812500E+02    0.773297359646021132E+01    0.450884771587431477E+01    0.633414685726165771E+00    0.610992045450956400E+01    0.737571003137028569E+01   -0.120487700929825214E+01
    0.173351533518978384E-02    0.335940399169921875E+02    0.775137574622669323E+01    0.417691558002611885E+01    0.673689424991607666E+00    0.600771616118426799E+01    0.854125853241368915E+01   -0.199963379420679632E+01
    0.206952128570098799E-02    0.332397079467773438E+02    0.762444293460590306E+01    0.446701647336906937E+01    0.579286754131317139E+00    0.660671967001448479E+01    0.884054189431633120E+01   -0.152827677134480755E+01
    0.202192022086838648E-02    0.332862472534179688E+02    0.769215906881365807E+01    0.434271734907592855E+01    0.659222245216369629E+00    0.649750823961941038E+01    0.834271739599745032E+01   -0.167975460864377091E+00
    0.217872826974098823E-02    0.331368598937988281E+02    0.762653942066826929E+01    0.480389616743615377E+01    0.530958890914916992E+00    0.608285302015686913E+01    0.821684366824496237E+01    0.205991311856430492E+00
    0.341123734861387487E-02    0.322401924133300781E+02    0.763275841877534322E+01    0.456092752765930065E+01    0.557205915451049805E+00    0.631116753537929487E+01    0.798452566912681938E+01    0.895253069629928788E-01
    0.272330911796485288E-02    0.326906471252441406E+02    0.760927196220025692E+01    0.428860672731071624E+01    0.635777056217193604E+00    0.674242566207088245E+01    0.796710248664452259E+01    0.156515998650610388E+00
    0.291407627494250391E-02    0.325552368164062500E+02    0.768778500745145887E+01    0.461578823152044393E+01    0.641315817832946777E+00    0.679700481033537152E+01    0.729155348090905253E+01    0.161707648111334645E+00
    0.187326904007130532E-02    0.334389724731445312E+02    0.740876943097724805E+01    0.458532212736153255E+01    0.334980458021163940E+00    0.620685874433914364E+01    0.815360021548805491E+01    0.922267735376718356E-01
    0.209294986436045103E-02    0.332171936035156250E+02    0.748248549147394826E+01    0.461096008964234993E+01    0.426974415779113770E+00    0.666943942412554058E+01    0.819170685980228086E+01    0.138156954320630021E+00
    0.230102449755397549E-02    0.330276336669921875E+02    0.758375729587221592E+01    0.429329694865621914E+01    0.609460532665252686E+00    0.632411886132326728E+01    0.709825134891214038E+01   -0.341343696541690056E+00
    0.191971245316467686E-02    0.333899917602539062E+02    0.745770447245317047E+01    0.451463278969833937E+01    0.425883084535598755E+00    0.622611021500744677E+01    0.870393530477361388E+01   -0.398314872966812672E+00
    0.229349678330385874E-02    0.330341873168945312E+02    0.744731451569849323E+01    0.447979871255181816E+01    0.406933844089508057E+00    0.617971911564732146E+01    0.709332200249910372E+01    0.877212477549154102E-01
    0.192588843499914212E-02    0.333835678100585938E+02    0.759280989448881183E+01    0.445966972420427599E+01    0.563667416572570801E+00    0.658265134575332134E+01    0.771681641415796449E+01   -0.916339145314051029E+00
    0.209136165720559672E-02    0.332187118530273438E+02    0.755290309607940280E+01    0.465331415744837606E+01    0.452403724193572998E+00    0.638360273963489355E+01    0.762345664785992572E+01   -0.646787432709401644E+00
    0.167097009622712059E-02    0.336675338745117188E+02    0.749937063713169483E+01    0.424573241093270770E+01    0.491785705089569092E+00    0.627444281533317127E+01    0.813074751455685529E+01   -0.400663754226900481E+00
    0.167761247848645964E-02    0.336595993041992188E+02    0.766374267050817259E+01    0.472713643529574856E+01    0.552525341510772705E+00    0.649613794166346015E+01    0.786042816651976572E+01   -0.576795261827854233E+00
    0.301537148097980262E-02    0.324868965148925781E+02    0.768841049291170187E+01    0.466440127392075787E+01    0.623398959636688232E+00    0.655977330169163331E+01    0.774837351226400095E+01    0.339347586478719876E-01
    0.239805981373608472E-02    0.329450225830078125E+02    0.744224388518160129E+01    0.430382262332601151E+01    0.528518855571746826E+00    0.659498830849277162E+01    0.716354026249178411E+01   -0.159991896351914686E+00
    0.182268517891196022E-02    0.334937210083007812E+02    0.766063172864252095E+01    0.457224487827166293E+01    0.515771090984344482E+00    0.668944587981508398E+01    0.918665781047140584E+01   -0.212224615912315562E+01
    0.176026352385060285E-02    0.335634155273437500E+02    0.747102190965069646E+01    0.425979600478154197E+01    0.487929999828338623E+00    0.602000850055076597E+01    0.731736314756086870E+01   -0.528408621208423579E+00
    0.213338712889553491E-02    0.331789207458496094E+02    0.784480668217747912E+01    0.460897550007600909E+01    0.696981728076934814E+00    0.628588094457622582E+01    0.767763918551915037E+01   -0.126828485591356621E+01
    0.189846931713456239E-02    0.334122467041015625E+02    0.773926334586962561E+01    0.400526650235373882E+01    0.721336245536804199E+00    0.635614489479007716E+01    0.841361205595785400E+01   -0.174509502305624165E+01
    0.163037655006104229E-02    0.337167205810546875E+02    0.766563344880495379E+01    0.477289061309263829E+01    0.574497938156127930E+00    0.683357017534050293E+01    0.837023191907909414E+01   -0.145915164477858017E+01
    0.247230490321631580E-02    0.328840408325195312E+02    0.763716680649348323E+01    0.472561599367904250E+01    0.527049124240875244E+00    0.684095904091887341E+01    0.755416527043620523E+01    0.237694829778867689E+00
    0.170147181181151924E-02    0.336313552856445312E+02    0.753634916899919727E+01    0.456675774510469878E+01    0.551811099052429199E+00    0.675074954031129870E+01    0.803567115041376034E+01   -0.437237402403370279E+00
    0.182675025270843385E-02    0.334892654418945312E+02    0.738331306764603124E+01    0.475334952778167885E+01    0.373561471700668335E+00    0.669954223747181565E+01    0.834155339672258656E+01    0.222160275276582109E+00
    0.195224335990467051E-02    0.333563842773437500E+02    0.765136613195243065E+01    0.405646775192682796E+01    0.632482171058654785E+00    0.618065187227188062E+01    0.846783718716400280E+01   -0.216393947475908188E+01
    0.281469637598182922E-02    0.326246337890625000E+02    0.766663085077473383E+01    0.470531493320610661E+01    0.525815725326538086E+00    0.621200299600657679E+01    0.775281579293947498E+01    0.770074139017218329E-02
    0.212404866737491696E-02    0.331876945495605469E+02    0.750006692955422682E+01    0.446541370431404427E+01    0.463848710060119629E+00    0.645980134628571712E+01    0.904762474113091031E+01   -0.339606849465294847E+00
    0.194460261183253876E-02    0.333642272949218750E+02    0.766418733081188996E+01    0.440146403054016133E+01    0.605911254882812500E+00    0.615690273315399583E+01    0.801749257802263848E+01   -0.436076284962348737E+00
    0.193196636435817581E-02    0.333772659301757812E+02    0.758484542735020195E+01    0.434116948544396131E+01    0.488572120666503906E+00    0.603612236031582494E+01    0.718002597066484594E+01   -0.156655610504754028E+01
    0.235998991197369475E-02    0.329770278930664062E+02    0.778382118723383076E+01    0.478812055124275382E+01    0.624561846256256104E+00    0.639084257075227935E+01    0.774127274919828778E+01   -0.130943287200691039E+01
    0.186539649549501553E-02    0.334473953247070312E+02    0.758895606663048472E+01    0.402634585595316441E+01    0.519577741622924805E+00    0.600518709340397017E+01    0.811626948216943234E+01   -0.200233047479085791E+01
    0.231151135451475179E-02    0.330185394287109375E+02    0.778538333850216446E+01    0.484439518383085144E+01    0.526727616786956787E+00    0.610441458600665321E+01    0.911997646888104008E+01   -0.191197182044305403E+01
    0.179966785501450800E-02    0.335191383361816406E+02    0.746338289494374241E+01    0.435180519278552236E+01    0.424055099487304688E+00    0.620842225332302178E+01    0.742842266974926435E+01   -0.589396187597750032E+00
    0.179028366664075512E-02    0.335295944213867188E+02    0.752038897608484280E+01    0.407466255501917107E+01    0.508445024490356445E+00    0.653215184233724422E+01    0.844005520338856741E+01   -0.214224743751609248E+01
    0.223530574428742936E-02    0.330855865478515625E+02    0.779336346241939815E+01    0.434598949439196414E+01    0.634247839450836182E+00    0.602223629311163400E+01    0.908466194752579703E+01   -0.183171499252037440E+01
    0.309431825082451435E-02    0.324352073669433594E+02    0.756906043747232715E+01    0.458339766034146390E+01    0.547356843948364258E+00    0.651070378405528594E+01    0.719416145007662244E+01    0.126855783468080130E+00
    0.240151104264269910E-02    0.329421463012695312E+02    0.771182704418698606E+01    0.430447127164061882E+01    0.680116593837738037E+00    0.616723546977538462E+01    0.779626170697841481E+01    0.586581756868609361E-02
    0.233979832287590410E-02    0.329942131042480469E+02    0.765264258930165653E+01    0.466675151887177542E+01    0.567096054553985596E+00    0.619887114901472902E+01    0.762970519478290932E+01   -0.212337810824281936E+00
    0.174807144510594420E-02    0.335773162841796875E+02    0.766867388838982222E+01    0.433320106699143182E+01    0.745905756950378418E+00    0.657199976204688152E+01    0.104022717089567269E+02    0.126117840013549198E+00
    0.170877313112348058E-02    0.336227912902832031E+02    0.759973493643104359E+01    0.466937512316626346E+01    0.605150043964385986E+00    0.652456418658379089E+01    0.970557084704899609E+01    0.871234342522737570E-01
    0.186143713432172916E-02    0.334516448974609375E+02    0.754677147829969464E+01    0.456652339033160803E+01    0.427140146493911743E+00    0.615502736372197390E+01    0.992067131312506945E+01   -0.237267385139913189E+00
    0.191482318298569925E-02    0.333950920104980469E+02    0.774124748303311794E+01    0.449183933616297004E+01    0.640016138553619385E+00    0.612821982674542554E+01    0.925147713663575644E+01   -0.817229844750522183E-01
    0.162640099351085438E-02    0.337216033935546875E+02    0.753316692191254322E+01    0.433960857133832612E+01    0.609530687332153320E+00    0.688003542130780055E+01    0.882798125031346004E+01    0.235640200187321458E+00
    0.198669678784756543E-02    0.333213958740234375E+02    0.738075091366193714E+01    0.433004247448531654E+01    0.439481496810913086E+00    0.647657231031303660E+01    0.931909583735959046E+01   -0.917114308096009800E-01
    0.188458295810130586E-02    0.334269294738769531E+02    0.755316573995669138E+01    0.491608041033757637E+01    0.480405747890472412E+00    0.660202946573026583E+01    0.881176600957277500E+01    0.140369930880131388E+00
    0.289617860809327117E-02    0.325675582885742188E+02    0.750458662759240802E+01    0.462679467316011461E+01    0.456870228052139282E+00    0.661346261409492620E+01    0.942359224251067751E+01    0.146127584235124619E+00
    0.171284549023064596E-02    0.336180305480957031E+02    0.745230525124752585E+01    0.426170452872486916E+01    0.464107692241668701E+00    0.616361885261830267E+01    0.965080168212683631E+01   -0.601520278671083375E+00
    0.181301497492359753E-02    0.335043601989746094E+02    0.789696238905984949E+01    0.475948828827399328E+01    0.743555426597595215E+00    0.656696577357090039E+01    0.896843334998743735E+01    0.212343139089924637E+00
    0.227341874894161546E-02    0.330517730712890625E+02    0.753437860830427208E+01    0.468702470004906768E+01    0.535363614559173584E+00    0.672263786876714953E+01    0.100654530626017547E+02   -0.103717134950493062E+00
    0.164059893907360452E-02    0.337042198181152344E+02    0.763612464977053307E+01    0.443604704381151116E+01    0.632845759391784668E+00    0.611672854342703687E+01    0.910382621523381985E+01    0.399770593766453075E-01
    0.182467481982719970E-02    0.334915390014648438E+02    0.757366053339033218E+01    0.435650228278493223E+01    0.593747258186340332E+00    0.605589280978009725E+01    0.905784830348809855E+01    0.277313893200741290E-01
    0.171083094086637417E-02    0.336203842163085938E+02    0.764453717982256631E+01    0.437575013747801034E+01    0.555820226669311523E+00    0.637216313765731446E+01    0.947755061606925331E+01   -0.123737708867345919E+00
    0.254153283045529177E-02    0.328288078308105469E+02    0.756539623098135916E+01    0.457372800071950536E+01    0.503458023071289062E+00    0.600608923050066501E+01    0.101116861366989585E+02   -0.178144500872468026E+00
    0.192367468386923425E-02    0.333858680725097656E+02    0.768191444762789821E+01    0.476075714829991892E+01    0.538558185100555420E+00    0.619247205675695866E+01    0.846052365011393803E+01   -0.157344154524383217E+00
    0.173969610387407644E-02    0.335869216918945312E+02    0.782668524696210799E+01    0.489160466692850182E+01    0.597500681877136230E+00    0.632587692189912687E+01    0.103120576783465836E+02    0.216469991863787570E+00
    0.169759809471347711E-02    0.336359138488769531E+02    0.782059543795225309E+01    0.456359864135091797E+01    0.715923368930816650E+00    0.647996292675063312E+01    0.102999220469103143E+02   -0.617638799166706498E-01
    0.228463372205195631E-02    0.330419311523437500E+02    0.768130914465348091E+01    0.478983248829218589E+01    0.501289546489715576E+00    0.625228234795608362E+01    0.997003370770032404E+01    0.817164631668814145E-01
    0.186367523676866952E-02    0.334492416381835938E+02    0.739709545795497014E+01    0.444855730590504450E+01    0.395725816488265991E+00    0.630019349759310554E+01    0.100435617576584093E+02   -0.200811176990346896E+00


    0.193721613906534876E-01    0.358898162841796875E+02    0.751660390286636737E+01    0.626280319570583055E+00    0.455035924911499023E+00    0.934008627745595277E+01    0.767589724465423817E+01   -0.189255915705091415E+01
    0.190985048399607490E-01    0.358706512451171875E+02    0.758171774824093880E+01    0.730367872649503869E+00    0.486575603485107422E+00    0.933206434276814001E+01    0.790927461619962102E+01   -0.109589175399194594E+01
    0.186817602263941868E-01    0.358671569824218750E+02    0.797306992126065062E+01    0.135409320813370670E+01    0.978036150336265564E-01    0.883684658964260805E+01    0.751727298806131650E+01   -0.165079686229168132E+00
    0.183044584211395286E-01    0.358603439331054688E+02    0.822372401496309102E+01    0.147409374731010456E+01    0.107561790943145752E+01    0.891860910889630176E+01    0.779803836618684088E+01   -0.783805632082853254E+00
    0.179764903262720176E-01    0.358488845825195312E+02    0.832112467734319772E+01    0.114010637912609503E+01    0.984748244285583496E+00    0.938960802135675010E+01    0.785596730030797730E+01   -0.207911733839712731E+01
    0.178353358307191644E-01    0.358170318603515625E+02    0.774715869572733862E+01    0.109459710597204740E+01    0.868291854858398438E+00    0.943559988458634358E+01    0.100250520835456385E+02   -0.496078371996198086E-01
    0.175697778899095713E-01    0.357994155883789062E+02    0.762761523554648146E+01    0.848083805581192673E+00    0.555676579475402832E+00    0.913674092095906865E+01    0.824239721492154054E+01   -0.102236311585820272E+01
    0.172652776483502024E-01    0.357867622375488281E+02    0.772448522263501935E+01    0.935162451645806692E+00    0.169607460498809814E+00    0.916230145688051678E+01    0.792087195614521278E+01   -0.181539133842427858E+01
    0.168908871782145892E-01    0.357829895019531250E+02    0.817913767672736469E+01    0.641466157405214732E+00    0.394280171394348145E+01    0.970650656310781912E+01    0.842404041002897763E+01   -0.170046780433168276E+01
    0.165142489762948631E-01    0.357804718017578125E+02    0.819431792939663595E+01    0.122859458008820344E+01    0.372501879930496216E+00    0.930652993970097597E+01    0.822524387527850998E+01   -0.453998465262563711E+00
    0.162886050400559874E-01    0.357603683471679688E+02    0.795004788485104719E+01    0.122393626569003700E+01    0.138348710536956787E+01    0.916627805576114874E+01    0.864308078226495091E+01   -0.146549435822539831E+01
    0.159072426462193196E-01    0.357601318359375000E+02    0.794477532157734601E+01    0.744722900402027932E+00    0.768282651901245117E+00    0.974151621735365225E+01    0.802080845350242910E+01   -0.168912575707018653E+01
    0.156441127363802744E-01    0.357458724975585938E+02    0.786026485834412103E+01    0.114677963776207226E+01    0.815474212169647217E+00    0.955995095265880224E+01    0.946489529527238460E+01   -0.674700537796238287E+00
    0.153803475191411129E-01    0.357322616577148438E+02    0.786063484332809903E+01    0.112614025373726090E+01    0.194972515106201172E+01    0.912423392861209237E+01    0.893361353136644354E+01   -0.633509668974669760E+00
    0.150457117454548799E-01    0.357286376953125000E+02    0.727690930004154257E+01    0.988331024536399205E+00    0.248733663558959961E+01    0.822742127673638812E+01    0.840786919506211916E+01   -0.107145810904089700E+01
    0.146952988064845500E-01    0.357281494140625000E+02    0.809028557463680542E+01    0.115318544023828751E+01    0.155730593204498291E+01    0.922811515306922736E+01    0.837677299714670909E+01   -0.172023039590140758E+01
    0.144406434468970068E-01    0.357154922485351562E+02    0.804714700688821694E+01    0.118713327391353607E+01    0.204174709320068359E+01    0.888598947376953774E+01    0.785078910001689412E+01   -0.105728984274653870E+01
    0.141426288506768857E-01    0.357095794677734375E+02    0.804428095705674728E+01    0.133903320503927548E+01    0.143994748592376709E+01    0.872239582634815314E+01    0.706905954913397672E+01   -0.838308043253113366E+00
    0.138212603245196092E-01    0.357079315185546875E+02    0.820482007570062066E+01    0.145179631041074741E+01    0.192650318145751953E+00    0.907697961529927611E+01    0.760902863493473269E+01   -0.571689515349954158E+00
    0.135563878891617664E-01    0.356990127563476562E+02    0.768950565147038301E+01    0.728111818561571589E+00    0.127849388122558594E+01    0.906737068355749898E+01    0.777081014233323764E+01   -0.342806148179771064E+00
    0.133549231156983583E-01    0.356813392639160156E+02    0.778397209070769147E+01    0.112216344697585990E+01    0.260710239410400391E+01    0.889778161898616204E+01    0.868014745887227690E+01   -0.123106065359333572E+01
    0.130850038686502763E-01    0.356745567321777344E+02    0.803309573673679189E+01    0.104223240087364810E+01    0.363488882780075073E+00    0.950291967504934476E+01    0.825525879767025472E+01   -0.192304798235085261E+01
    0.128364689642454944E-01    0.356652908325195312E+02    0.812694438388139950E+01    0.112612394875700450E+01    0.129567933082580566E+01    0.924009064661765578E+01    0.797469245347902866E+01   -0.718441122240389918E+00
    0.126225933686432059E-01    0.356512756347656250E+02    0.756809208058528515E+01    0.513360868363603617E+00    0.135594379901885986E+01    0.959418675816634270E+01    0.851126761505924989E+01   -0.133555168764976750E+01
    0.125251029901791294E-01    0.356191635131835938E+02    0.808696023874691683E+01    0.979704216816535522E+00    0.118228328227996826E+01    0.954581517468274754E+01    0.871509039015381148E+01   -0.593903443629653083E+00
    0.122978004023280504E-01    0.356081733703613281E+02    0.795445428796105780E+01    0.885731677535840256E+00    0.120418079197406769E+00    0.951063078341495149E+01    0.751968319767922111E+01   -0.187132863663134374E+01
    0.120918389044434287E-01    0.355943336486816406E+02    0.800416101753849496E+01    0.102053644370117857E+01    0.878826022148132324E+00    0.940485343736953716E+01    0.841019248967593569E+01   -0.173702820641738587E+01
    0.118132627624625616E-01    0.355933303833007812E+02    0.819007924874605564E+01    0.162340897585789889E+01    0.717487573623657227E+00    0.887501864670161211E+01    0.787686960983724305E+01   -0.151446868888350039E+01
    0.115600291466233015E-01    0.355890502929687500E+02    0.781371747912398984E+01    0.805171875467564191E+00    0.198421812057495117E+01    0.903560075062834933E+01    0.775304618570786630E+01   -0.165912080957532337E+01
    0.113500023541546289E-01    0.355781021118164062E+02    0.760506786535010448E+01    0.783578685640639261E+00    0.132432270050048828E+01    0.889245147466625951E+01    0.717796801092647740E+01   -0.369440176091167194E+00
    0.112735595858503394E-01    0.355439987182617188E+02    0.785118326926647025E+01    0.115983440028633056E+01    0.106985755264759064E+00    0.880082531288678815E+01    0.727000277165721265E+01    0.849823343503004480E-01
    0.110466342599793953E-01    0.355370483398437500E+02    0.811447937956965504E+01    0.107583060847160605E+01    0.265359610319137573E+00    0.951634179131106350E+01    0.818294771012234179E+01   -0.859207296030786383E+00
    0.108583957256042033E-01    0.355238037109375000E+02    0.760246607799008700E+01    0.587148992956918359E+00    0.369818121194839478E+00    0.957677677421945006E+01    0.713872545381746004E+01   -0.167734453329750233E+01
    0.106523762273549646E-01    0.355144958496093750E+02    0.783145777730546655E+01    0.113202954003281420E+01    0.150472807884216309E+01    0.865111109639024178E+01    0.733475318414736499E+01   -0.110368780765828345E+01
    0.104184225306269574E-01    0.355112915039062500E+02    0.844521988391436906E+01    0.124021010860059744E+01    0.352444320917129517E+00    0.957707829670696853E+01    0.734807437310019029E+01   -0.192504630445953406E+01
    0.102281223629819614E-01    0.355005416870117188E+02    0.801100356139249392E+01    0.107894766483380788E+01    0.233197808265686035E+01    0.874026224586393319E+01    0.738658168885673305E+01   -0.187875873399264126E+01
    0.999149216766513117E-02    0.354997367858886719E+02    0.775132917741657312E+01    0.971943228532512915E+00    0.572234034538269043E+00    0.892186817872815574E+01    0.714908775618648118E+01   -0.299848664145331734E+00
    0.978833834233021165E-02    0.354932022094726562E+02    0.815521339989744298E+01    0.121583739087092235E+01    0.835477471351623535E+00    0.919460135672346013E+01    0.770239899151398255E+01   -0.845774883917673304E+00
    0.956288579548179689E-02    0.354921875000000000E+02    0.758916894615063597E+01    0.620937475239643821E+00    0.962967634201049805E+00    0.951104068610324660E+01    0.744607742106896620E+01   -0.152568773972564120E+01
    0.934437253375013793E-02    0.354907989501953125E+02    0.788496856229453513E+01    0.866739468169734573E+00    0.178370738029479980E+01    0.901243249745257913E+01    0.741677516851063245E+01   -0.104651736823625807E+01
    0.914908735619018691E-02    0.354854202270507812E+02    0.793760545423177621E+01    0.100818291386771275E+01    0.122572064399719238E+01    0.955254499490970233E+01    0.930710384521130862E+01   -0.217731907529820523E+00
    0.895682412632382158E-02    0.354802780151367188E+02    0.783417585755253842E+01    0.742866405016726516E+00    0.107506179809570312E+01    0.963928751689032381E+01    0.880730486267298573E+01   -0.217644284108905417E+01
    0.109254361669755932E-01    0.350827331542968750E+02    0.823770532269004008E+01    0.785226319365572745E+00    0.282004785537719727E+01    0.960806989752557072E+01    0.825512514732607272E+01   -0.203077115177696932E+01
    0.914267510464380345E-02    0.354390144348144531E+02    0.809224338830178347E+01    0.102553886032155583E+01    0.269734144210815430E+01    0.925534958913643457E+01    0.879563936153987136E+01   -0.214271020881709218E+01
    0.102385487617238907E-01    0.352126007080078125E+02    0.788557086200753687E+01    0.784280496872945987E+00    0.279805874824523926E+01    0.907419878270259339E+01    0.807621024209753813E+01   -0.148836556214236548E+01
    0.112596117644571947E-01    0.350224761962890625E+02    0.795370888736688375E+01    0.866990893259682260E+00    0.156938815116882324E+01    0.929123809913110144E+01    0.778424903677848246E+01   -0.179572684720554787E+01
    0.907009024343876855E-02    0.354549560546875000E+02    0.770552126070060339E+01    0.596814482312720940E+00    0.179676759243011475E+01    0.949042951894476872E+01    0.754660055036707611E+01   -0.214861154937968379E+01
    0.111260774994010117E-01    0.350463371276855469E+02    0.816005779383764107E+01    0.705176816207584878E+00    0.344737195968627930E+01    0.958347909254691466E+01    0.851829973784691852E+01   -0.173265498380207772E+01
    0.920196481585111754E-02    0.354260864257812500E+02    0.775467073500106441E+01    0.743249556949063694E+00    0.322421073913574219E+01    0.899302152842492752E+01    0.809875832671772322E+01   -0.124480148023053006E+01
    0.104492517238969178E-01    0.351718597412109375E+02    0.749463975141821237E+01    0.513715024209359772E+00    0.237759876251220703E+01    0.913565457169021577E+01    0.798781560007720604E+01    0.105897903553616946E+00
    0.109116080844666903E-01    0.350852661132812500E+02    0.773170683740163334E+01    0.659510487228195497E+00    0.126688480377197266E+01    0.968221774365353838E+01    0.888475855996594355E+01   -0.102993592270661227E+01
    0.101990214973132522E-01    0.352203369140625000E+02    0.782649892322687268E+01    0.754590244511285535E+00    0.952966392040252686E+00    0.951737238724113688E+01    0.771335969383342501E+01   -0.137505372056825870E+01
    0.916483107044323633E-02    0.354341735839843750E+02    0.766990945469456165E+01    0.674488789271706635E+00    0.711875081062316895E+00    0.951998998770097593E+01    0.800366892979358546E+01   -0.166951200529666632E+01
    0.111080751881648624E-01    0.350495758056640625E+02    0.776782851685518505E+01    0.722301116138470034E+00    0.662492871284484863E+00    0.962549282039086584E+01    0.866787982925338873E+01   -0.152473802761002641E+01
    0.923935475390265555E-02    0.354179763793945312E+02    0.804898364705255176E+01    0.854971876081476956E+00    0.112812542915344238E+01    0.957545505824989363E+01    0.738897555796780736E+01   -0.167034858735875469E+01
    0.908324764393097714E-02    0.354520568847656250E+02    0.756594460054833906E+01    0.596229244959677551E+00    0.125999951362609863E+01    0.931758967104814673E+01    0.754153415439683528E+01   -0.166553404729627941E+01
    0.956436920725880525E-02    0.353488311767578125E+02    0.825748042174116215E+01    0.135048037582594116E+01    0.550289452075958252E+00    0.921539312215955242E+01    0.734090876854261243E+01   -0.202728830390673087E+01
    0.976581633183059780E-02    0.353071441650390625E+02    0.785532162887671603E+01    0.107710225299301121E+01    0.789399385452270508E+00    0.886659397208953592E+01    0.736265302367625818E+01   -0.520077825568982410E+00
    0.100330512804957198E-01    0.352531509399414062E+02    0.771974244110750973E+01    0.743426969265567950E+00    0.142367273569107056E+00    0.931817460954195020E+01    0.804691565506472450E+01    0.250699224316770497E-01
    0.912924008031669974E-02    0.354419555664062500E+02    0.811214833637647814E+01    0.913889826806345673E+00    0.108671694993972778E+00    0.973285403151671069E+01    0.838521411083589641E+01   -0.843235549944105101E+00
    0.121358718854569329E-01    0.348725891113281250E+02    0.784287714198786201E+01    0.649330523690585193E+00    0.510356903076171875E+00    0.979014327288526864E+01    0.868629045655492504E+01   -0.928982473489244009E+00
    0.902510154658030771E-02    0.354649009704589844E+02    0.795587720352043792E+01    0.847874404410678184E+00    0.761977583169937134E-01    0.937517667306490132E+01    0.748345883778131782E+01   -0.298045677911351614E+00
    0.111558483118990165E-01    0.350409927368164062E+02    0.789529490338691886E+01    0.810074520641356099E+00    0.385946244001388550E+00    0.934324709991116720E+01    0.783516573110006842E+01   -0.463752672810557875E-01
    0.107050291363958907E-01    0.351234931945800781E+02    0.789732831763776399E+01    0.786010200318250973E+00    0.837199449539184570E+00    0.937230678252235094E+01    0.819459038531737605E+01   -0.242283745542995366E+00
    0.116742489651312353E-01    0.349501495361328125E+02    0.803226957113733775E+01    0.842160051944872312E+00    0.846241489052772522E-01    0.968601044223631646E+01    0.858842863127843614E+01   -0.441598443696533671E+00
    0.933148418623168385E-02    0.353981323242187500E+02    0.774746274482854158E+01    0.910141735415864850E+00    0.480055332183837891E+00    0.896327672178484391E+01    0.791748911517509679E+01    0.236133315037301728E+00
    0.106246599473764324E-01    0.351385650634765625E+02    0.797436990877682650E+01    0.780179124624156395E+00    0.110306032001972198E+00    0.972760680509624720E+01    0.808068661752819217E+01   -0.766941080804435682E+00
    0.906521300479063569E-02    0.354560317993164062E+02    0.811789146034804965E+01    0.110364556818109949E+01    0.116566661745309830E-01    0.935286890916274771E+01    0.817000271755687812E+01   -0.238622803936286987E+00
    0.111710725263815362E-01    0.350382652282714844E+02    0.796681115467899836E+01    0.990888279440284458E+00    0.616878211498260498E+00    0.929034274991064279E+01    0.801732581016033308E+01   -0.869767789190161844E+00
    0.942039873620626085E-02    0.353791656494140625E+02    0.801742512822086439E+01    0.118324133660870023E+01    0.455966472625732422E+00    0.897400339895447274E+01    0.705802433739326673E+01   -0.295779557630330814E+00
    0.102658468491885532E-01    0.352072753906250000E+02    0.779437734470247268E+01    0.569031260675627482E+00    0.561360776424407959E+00    0.985661429786907561E+01    0.888002090470673977E+01   -0.238657526989646707E+00
    0.960975465050377571E-02    0.353393630981445312E+02    0.777562011417246968E+01    0.779915375317822734E+00    0.289360821247100830E+00    0.936850149214888894E+01    0.739347278530896812E+01   -0.117305694352911427E+01
    0.978714867502061651E-02    0.353027801513671875E+02    0.752784115006806509E+01    0.661468888043431291E+00    0.101288890838623047E+01    0.929499928789472918E+01    0.857660305276606394E+01    0.111169906708498356E+00
    0.986799369816302938E-02    0.352863273620605469E+02    0.811165434559253917E+01    0.121825596029164629E+01    0.524451255798339844E+00    0.910624707236161157E+01    0.734321428335312021E+01   -0.667928143013243769E+00
    0.109587034663465380E-01    0.350766525268554688E+02    0.811785292475632048E+01    0.109873024876121073E+01    0.185222715139389038E+00    0.945021254631259033E+01    0.754705747802469240E+01   -0.141411162291237158E+01
    0.101378506320104426E-01    0.352323684692382812E+02    0.784427903481007505E+01    0.908440495558843097E+00    0.175894185900688171E+00    0.934532279123680176E+01    0.747101061373149733E+01   -0.190430086644055740E+01
    0.991994613001147968E-02    0.352758255004882812E+02    0.832607101295317875E+01    0.120732159935966243E+01    0.178549647331237793E+00    0.958509990009940083E+01    0.825749153657895718E+01   -0.161568363160205219E+01
    0.971228112264170725E-02    0.353181381225585938E+02    0.778155293131467651E+01    0.802312387475559774E+00    0.284126579761505127E+00    0.942613194045335767E+01    0.819247901770305198E+01   -0.175116247620642262E+01
    0.911144431328187246E-02    0.354458580017089844E+02    0.815184100058711536E+01    0.101010426772674422E+01    0.147336959838867188E+00    0.965764137907938469E+01    0.746082967340320558E+01   -0.155943467925409029E+01
    0.112950814475762749E-01    0.350161857604980469E+02    0.799703638567318897E+01    0.748097770040867416E+00    0.179758608341217041E+00    0.979738755128418859E+01    0.803937654713980443E+01   -0.180841687057300571E+01
    0.113224966541885571E-01    0.350113372802734375E+02    0.794044714554139208E+01    0.956213697129310258E+00    0.104752361774444580E+00    0.938108165005927574E+01    0.753422797400266298E+01   -0.153616159274577746E+01
    0.108295640459358609E-01    0.351003608703613281E+02    0.810225779691419667E+01    0.119524991752848364E+01    0.142489343881607056E+00    0.928080186526453055E+01    0.738018124301437961E+01   -0.199854158628074186E+01
    0.103000914772666576E-01    0.352006149291992188E+02    0.786979138892361618E+01    0.722164850765116717E+00    0.112749874591827393E+00    0.974160864634006707E+01    0.803546314099787296E+01   -0.192694325060492977E+01
    0.972191874843567061E-02    0.353161544799804688E+02    0.764983456631818015E+01    0.643809538494077405E+00    0.210289787501096725E-01    0.932151798473772786E+01    0.754707364178157292E+01    0.101813163192256528E+00
