 F
        2819       39423           3         150
   -0.276565782666392366E+02   -0.157642299647194744E+02
 T
   2
    0.200000000000000000E+01    0.300000000000000000E+01    0.673333333333333339E+00    0.273333333333333317E+00
   0
   0
 T T     0           8
    0.470553159226834331E-08   -0.290883202773495206E+02   -0.141405551253111543E+02
 T F     1         101
    0.872420105854846955E-08   -0.282115713526786216E+02   -0.161561826366730088E+02
 T F     1          41
    0.100836777949609193E-07   -0.293330572249376331E+02   -0.166350618639325560E+02
