 F
        3655       50065           3         150
   -0.344944241284116160E+02   -0.164618900342610850E+02
 T
   2
    0.200000000000000000E+01    0.300000000000000000E+01    0.140000000000000013E+00    0.859999999999999987E+00
   0
   0
 T T     0           0
    0.000000000000000000E+00   -0.340282346638528860E+39    0.000000000000000000E+00
 T F     1          21
    0.175808988743765660E-10   -0.425331223529167559E+02   -0.225670998227861759E+02
 T F     1         129
    0.566265125961621654E-10   -0.344947469092970351E+02   -0.164599190711634513E+02
