 F
        1402        9491           3         150
   -0.161835131692186138E+02   -0.118882707042552394E+02
 T
   2
    0.200000000000000000E+01    0.300000000000000000E+01    0.239999999999999991E+00    0.760000000000000009E+00
   0
   0
 T T     0           0
    0.000000000000000000E+00   -0.340282346638528860E+39    0.000000000000000000E+00
 T F     1          36
    0.491590455331087180E-04   -0.175756979092702394E+02   -0.118256008580868368E+02
 T F     1         114
    0.192148151085455484E-03   -0.164692394672239146E+02   -0.119089973885728000E+02
