

    0.182205433789743403E-01    0.223016471862792969E+02    0.757035034578742305E+01    0.943375442043956625E+00    0.387296169996261597E+00    0.936045033342263366E+01    0.870774257475504498E+01   -0.909243247259124532E+00
    0.177944237216138036E-01    0.222934207916259766E+02    0.777771214021427593E+01    0.108461086366803161E+01    0.399421304464340210E+00    0.899067531921511609E+01    0.706567731055069359E+01   -0.109934829134079393E+01
    0.176622767777784330E-01    0.222527732849121094E+02    0.779225813975354420E+01    0.107390110621863011E+01    0.637124001979827881E+00    0.900713512790699156E+01    0.795561021211527386E+01   -0.175672019264984680E+01
    0.176562962777476115E-01    0.221978950500488281E+02    0.758038667342026251E+01    0.764650879044896925E+00    0.659575641155242920E+00    0.933857581940980985E+01    0.828654745643832236E+01   -0.884249364054409570E+00
    0.175212479237936945E-01    0.221576957702636719E+02    0.774487062428007267E+01    0.124275358884015308E+01    0.209949925541877747E+00    0.894956259760986761E+01    0.753096848949977993E+01   -0.144939988471093661E+01
    0.172307130473838797E-01    0.221355819702148438E+02    0.757090387071532867E+01    0.923119842112191336E+00    0.118655705451965332E+01    0.939101386155109452E+01    0.916933067964594706E+01   -0.150083100829445604E+01
    0.169420225990902507E-01    0.221138191223144531E+02    0.790047148828463275E+01    0.179560681067075123E+01    0.284223675727844238E+00    0.911597288368248293E+01    0.897161848531898798E+01   -0.150775232804647885E+00
    0.165015386539235087E-01    0.221109504699707031E+02    0.746548920869827271E+01    0.141902357339859009E+01    0.563598215579986572E+00    0.887294960998131721E+01    0.868088981509208679E+01   -0.751376260428084919E+00
    0.160985703412824845E-01    0.221048412322998047E+02    0.787009609261747300E+01    0.149423100929886066E+01    0.111361873149871826E+01    0.937029916662688400E+01    0.987165304769720819E+01   -0.101402872677405687E+01
    0.157729426861118772E-01    0.220901546478271484E+02    0.785207654112661935E+01    0.114174076383799061E+01    0.310303330421447754E+00    0.905079771110479037E+01    0.769140439178027258E+01   -0.261482712866438316E+00
    0.153632351571850578E-01    0.220872364044189453E+02    0.736563249142207166E+01    0.883709195064608211E+00    0.957137823104858398E+00    0.938211962265883592E+01    0.949085196851480895E+01   -0.532078737503175914E+00
    0.150877788182235770E-01    0.220678653717041016E+02    0.786444729534765585E+01    0.145758142220526921E+01    0.319924391806125641E-01    0.898179187630263698E+01    0.805948472216281786E+01   -0.665861213136903496E+00
    0.149026731070545943E-01    0.220369987487792969E+02    0.761565559218317922E+01    0.110021119630150044E+01    0.518020629882812500E+00    0.962256000491515806E+01    0.974429360905351238E+01   -0.939664032279050376E+00
    0.147709266390695076E-01    0.219992027282714844E+02    0.769765378250553933E+01    0.102780590346758127E+01    0.288535654544830322E+00    0.928021632787960193E+01    0.844591022752673837E+01   -0.159918002426525163E+01
    0.145188369324840867E-01    0.219780750274658203E+02    0.745687996505252393E+01    0.772907496163529606E+00    0.118885956704616547E+00    0.921932144004047593E+01    0.744640503584402236E+01   -0.136303912588182286E+01
    0.143533128020777202E-01    0.219454517364501953E+02    0.770167064021054504E+01    0.123333388614500983E+01    0.777742505073547363E+00    0.876332098347772437E+01    0.757275851713110892E+01   -0.129374701268475212E+01
    0.139646635308608574E-01    0.219447975158691406E+02    0.781343855304330592E+01    0.876377089006847854E+00    0.144282534718513489E+00    0.951518637549930979E+01    0.784675006975535361E+01   -0.217566958923928810E+01
    0.137366138581229823E-01    0.219221725463867188E+02    0.703165535057769198E+01    0.109462431762850954E+01    0.119565820693969727E+01    0.827477965408353811E+01    0.796848718124757127E+01   -0.411072412211850313E+00
    0.139070340875248905E-01    0.218419570922851562E+02    0.760143233059262080E+01    0.811608826553638196E+00    0.276473879814147949E+00    0.931149989446319282E+01    0.783453477710013590E+01   -0.153896892055956669E+01
    0.135535344243954432E-01    0.218378963470458984E+02    0.705944168735684663E+01    0.962171206799085299E+00    0.152242088317871094E+01    0.842245019933091399E+01    0.838232815725830172E+01   -0.437042048996320931E+00
    0.134489819943082976E-01    0.217978286743164062E+02    0.756585434799436385E+01    0.101987332419577470E+01    0.308426529169082642E+00    0.954451594879543030E+01    0.936220509940553391E+01   -0.329304726368911949E+00
    0.133694138232964051E-01    0.217541408538818359E+02    0.807680026257963668E+01    0.170107031062616421E+01    0.641829848289489746E+00    0.866538088574065490E+01    0.726414477141614778E+01   -0.153260313198729214E+01
    0.131131504119175388E-01    0.217372932434082031E+02    0.733257455024395721E+01    0.165966941959021574E+01    0.129906654357910156E+01    0.803119401320988402E+01    0.872907026698478461E+01   -0.155274526851756667E+01
    0.127614521362748434E-01    0.217361106872558594E+02    0.762110559066197357E+01    0.170659724606289576E+01    0.476020693778991699E+00    0.880524498190924554E+01    0.874992288976964439E+01   -0.639739936821591693E+00
    0.124656181066563326E-01    0.217274646759033203E+02    0.746612716263899223E+01    0.972573666180164498E+00    0.230641341209411621E+01    0.892035109685949656E+01    0.907814872029009834E+01   -0.105732600568483393E+01
    0.123155363064585306E-01    0.216961345672607422E+02    0.751850223142938301E+01    0.170238445398452720E+01    0.297925800085067749E+00    0.891821655395541057E+01    0.925227481065629576E+01   -0.468385570007039176E+00
    0.120102766769791484E-01    0.216907768249511719E+02    0.737763458853940435E+01    0.901874236155895348E+00    0.252394223213195801E+01    0.892247108127002519E+01    0.979896374589388230E+01   -0.501536216525594547E+00
    0.118692307860265751E-01    0.216588478088378906E+02    0.745531245527964526E+01    0.172235331555747484E+01    0.562962651252746582E+00    0.848338987508798503E+01    0.830208016203911470E+01   -0.188507429265857951E+00
    0.115976962902629988E-01    0.216495780944824219E+02    0.757546534907406688E+01    0.181099059757830716E+01    0.843175530433654785E+00    0.864892595966122713E+01    0.104513404645679699E+02   -0.179200949972397883E+00
    0.113364921024589529E-01    0.216395816802978516E+02    0.775782492438863702E+01    0.137163970234261123E+01    0.765936613082885742E+00    0.862090012027597297E+01    0.756728338273896473E+01   -0.324330776495720841E+00
    0.110444872906454335E-01    0.216362171173095703E+02    0.769962027786124281E+01    0.135087110730356352E+01    0.675568521022796631E+00    0.863550182148011558E+01    0.776430306039673912E+01   -0.185706383510798467E+01
    0.108010563660179502E-01    0.216252365112304688E+02    0.786674134807016223E+01    0.110176349048665378E+01    0.576938927173614502E+00    0.907061331683247474E+01    0.818378965051559781E+01    0.150144649873213964E-01
    0.105621749543529844E-01    0.216144104003906250E+02    0.743621928636374996E+01    0.173381522680008704E+01    0.906753480434417725E+00    0.852331939752328083E+01    0.933289169201218272E+01   -0.324803678921525618E+00
    0.104611955696246595E-01    0.215780677795410156E+02    0.786465169428392752E+01    0.112098592185188184E+01    0.722890138626098633E+00    0.896164328271254540E+01    0.775935891692728319E+01   -0.280970149397828717E+00
    0.103235238015650134E-01    0.215490074157714844E+02    0.773677540813182141E+01    0.162587163828084247E+01    0.195878967642784119E+00    0.904884424102127127E+01    0.867674892814440035E+01   -0.145150947618019055E+01
    0.100593376294881628E-01    0.215452995300292969E+02    0.781276090036327275E+01    0.151468168649751123E+01    0.981098890304565430E+00    0.854304555950640498E+01    0.718319032872271990E+01   -0.846087708157027718E+00
    0.100140622984549819E-01    0.214987659454345703E+02    0.803667886509463081E+01    0.179701913272736791E+01    0.322121411561965942E+00    0.867223517346895001E+01    0.729759565436039370E+01   -0.147385222230211732E+01
    0.992064081879133822E-02    0.214619560241699219E+02    0.769139301968514122E+01    0.109185689086363480E+01    0.559451878070831299E+00    0.885734031940194377E+01    0.716358061868553175E+01   -0.142892900616653096E+01
    0.972153229554572652E-02    0.214469490051269531E+02    0.779770849748111594E+01    0.150580991510678985E+01    0.900739908218383789E+00    0.868613427461221121E+01    0.786443612660216029E+01   -0.134244468002259421E+01
    0.966779625572323879E-02    0.214024791717529297E+02    0.776357035729087031E+01    0.111432208723278858E+01    0.386593788862228394E+00    0.905154522159761576E+01    0.790894496248506229E+01   -0.135123272235385672E+01
    0.986199229739033109E-02    0.213071479797363281E+02    0.789891070367924630E+01    0.157502412251901358E+01    0.482719361782073975E+00    0.868235251196316860E+01    0.744275688122491630E+01   -0.735673351256161956E+00
    0.975451625011135998E-02    0.212735080718994141E+02    0.777363523864819683E+01    0.160304805084275004E+01    0.914226412773132324E+00    0.849791341522228372E+01    0.762930938144380377E+01   -0.894239520617840400E+00
    0.955924325720525214E-02    0.212583961486816406E+02    0.771140720410007141E+01    0.166121981168081390E+01    0.220443367958068848E+00    0.925356700091263207E+01    0.989463411525372116E+01   -0.460575453935488710E+00
    0.943101266785898590E-02    0.212298507690429688E+02    0.788915817539603115E+01    0.171976291782603274E+01    0.181555479764938354E+00    0.950116250844975241E+01    0.101217950341536067E+02   -0.816145593766752109E+00
    0.938935327113863370E-02    0.211831493377685547E+02    0.787762783555460278E+01    0.161048437562739966E+01    0.147788333892822266E+01    0.869090949708051674E+01    0.818259659978166987E+01   -0.192686276394621103E+00
    0.914224386454025491E-02    0.211809349060058594E+02    0.768630065315935607E+01    0.168226170350700754E+01    0.522057175636291504E+00    0.885345676617298061E+01    0.865309758013215813E+01   -0.658890822657668185E+00
    0.892260556270973310E-02    0.211740150451660156E+02    0.794965242188298316E+01    0.141739706445042901E+01    0.182538688182830811E+00    0.895562760589216822E+01    0.737657959149768505E+01   -0.106752544719195330E+01
    0.872337188536033599E-02    0.211636238098144531E+02    0.733792520887470445E+01    0.111481131152530311E+01    0.261051630973815918E+01    0.838886342067681845E+01    0.881379084704557769E+01   -0.875559476488466659E+00
    0.857927032094623655E-02    0.211413822174072266E+02    0.734129965049444344E+01    0.168246198392979296E+01    0.204177904129028320E+01    0.765926589051738471E+01    0.793315807209258939E+01   -0.115701309779959960E+01
    0.835944178047610606E-02    0.211377410888671875E+02    0.775766481360022908E+01    0.169552847518772576E+01    0.176870512962341309E+01    0.863655207814250758E+01    0.940772496554566118E+01   -0.519060263673784661E+00
    0.816999320107350373E-02    0.211280326843261719E+02    0.760105264056929020E+01    0.170842281749313596E+01    0.821977555751800537E+00    0.861174067002705534E+01    0.837961134613484937E+01   -0.126416835879102729E+01
    0.796510933346649720E-02    0.211232719421386719E+02    0.788189160892935092E+01    0.126219574460392669E+01    0.257139861583709717E+00    0.899024085158388075E+01    0.744763237798631650E+01   -0.827061128239116039E+00
    0.781628788691599193E-02    0.211054382324218750E+02    0.739825376169924542E+01    0.176303636465043878E+01    0.768303990364074707E+00    0.850332306160075646E+01    0.941490536730496608E+01   -0.995548440904827414E+00
    0.760372275055079452E-02    0.211050262451171875E+02    0.811973905807378493E+01    0.161957312688857935E+01    0.599803566932678223E+00    0.885658460399027803E+01    0.755017201810262861E+01   -0.160109498859194943E+01
    0.755567384607741706E-02    0.210621490478515625E+02    0.752388556678549492E+01    0.108478710459986938E+01    0.178909468650817871E+01    0.902146007903805547E+01    0.934379867421830568E+01   -0.125390868095471797E+01
    0.741070619538985141E-02    0.210453395843505859E+02    0.741239894748114558E+01    0.178053069753205184E+01    0.740225076675415039E+00    0.846728813942644898E+01    0.893101231119264050E+01   -0.981240945201560022E+00
    0.727287445499055860E-02    0.210273323059082031E+02    0.765534879071290941E+01    0.159858635515556080E+01    0.146526944637298584E+01    0.865657057089205395E+01    0.101995856385355168E+02   -0.235329039458339828E+00
    0.707673406935497348E-02    0.210264549255371094E+02    0.718572988681273817E+01    0.160174203038343510E+01    0.917500317096710205E+00    0.814972067685686596E+01    0.898244070280092899E+01   -0.865695968974760977E+00
    0.689142803256644933E-02    0.210239677429199219E+02    0.773999880811962804E+01    0.172036184233344369E+01    0.122626435756683350E+01    0.869505089225894423E+01    0.865881978140770769E+01   -0.871854504068652947E+00
    0.676315114954552550E-02    0.210059909820556641E+02    0.785520239505506357E+01    0.130720393728267537E+01    0.339656084775924683E+00    0.896018863861122661E+01    0.796371671440377682E+01   -0.129043497017678765E+01
    0.657923877561289450E-02    0.210055751800537109E+02    0.736863440354367327E+01    0.171274988794112604E+01    0.566891431808471680E+00    0.856832155394742045E+01    0.915565926879617642E+01   -0.530394617565259407E+00
    0.644590770339322980E-02    0.209909667968750000E+02    0.786662155208025382E+01    0.123729821113827931E+01    0.489569604396820068E+00    0.893482816210688213E+01    0.799617333879042835E+01   -0.986620663251267516E-01
    0.637552031970461432E-02    0.209573707580566406E+02    0.782271186431553200E+01    0.168602653290155846E+01    0.764865219593048096E+00    0.913679023863119610E+01    0.986992313156334156E+01   -0.104286792618051738E+00
    0.623841781214568188E-02    0.209452934265136719E+02    0.741337388688456933E+01    0.167267221531756216E+01    0.132438230514526367E+01    0.822481812745067131E+01    0.878436215273772625E+01   -0.124740001001223222E+01
    0.626566532694555409E-02    0.208810214996337891E+02    0.784169566653693728E+01    0.157912938700848504E+01    0.828812956809997559E+00    0.912401404746032796E+01    0.886870379001898179E+01   -0.741297631694721737E+00
    0.609717653674961280E-02    0.208799839019775391E+02    0.775811767967829891E+01    0.158343665523478272E+01    0.852510929107666016E+00    0.842715713533715061E+01    0.749991686492571574E+01   -0.428331045376993735E+00
    0.597019750886360664E-02    0.208665199279785156E+02    0.765093899480140571E+01    0.164551811062927578E+01    0.468142360448837280E+00    0.888831857636090206E+01    0.871353951689622797E+01   -0.734827597584430281E+00
    0.584107592382525874E-02    0.208546943664550781E+02    0.718518187282385146E+01    0.165610960818567476E+01    0.852968990802764893E+00    0.815184913757211405E+01    0.917974906493936516E+01   -0.765549519166664805E+00
    0.575721783798115779E-02    0.208280601501464844E+02    0.739744684394382457E+01    0.167186679553871254E+01    0.132567965984344482E+01    0.825009028556037549E+01    0.994463260431806972E+01   -0.316930276845740933E+00
    0.566531722959223976E-02    0.208046875000000000E+02    0.798372285247306746E+01    0.161937548357168448E+01    0.179996058344841003E+00    0.898906491321772805E+01    0.814828318956724473E+01   -0.193215160877125980E+01
    0.551299857152296510E-02    0.208036403656005859E+02    0.756858096971707361E+01    0.165779004754753867E+01    0.129583370685577393E+01    0.852749926545542714E+01    0.932849560286396695E+01   -0.198283364456789624E+00
    0.537467913300497448E-02    0.207989044189453125E+02    0.746585591063327136E+01    0.175271130032733713E+01    0.575493454933166504E+00    0.867780267584094389E+01    0.975883636539644606E+01   -0.562575562608572444E+00
    0.524423937540613276E-02    0.207924861907958984E+02    0.774336837146460244E+01    0.175830706876830467E+01    0.127197360992431641E+01    0.879396375102952099E+01    0.102694520452772213E+02   -0.838155935944725261E+00
    0.589851299418509608E-02    0.205570888519287109E+02    0.788491030172409868E+01    0.140365033854516241E+01    0.544206857681274414E+00    0.877072573555703983E+01    0.701531740166295403E+01   -0.183445096401849805E+01
    0.579982577469670846E-02    0.205908336639404297E+02    0.803547355331279078E+01    0.155341230143749609E+01    0.417989701032638550E+00    0.880780571675332169E+01    0.754963779233273780E+01   -0.190155070050073660E+01
    0.553277064283816747E-02    0.206851119995117188E+02    0.803785557367300640E+01    0.153215610567338034E+01    0.168440625071525574E+00    0.886809324271529142E+01    0.713572487851763437E+01   -0.189140349925569184E+01
    0.628463761840762636E-02    0.204302730560302734E+02    0.805876303724660303E+01    0.177803729470712368E+01    0.314464092254638672E+00    0.866888942813292296E+01    0.705462720857535874E+01   -0.205733061689639607E+01
    0.606164425057953687E-02    0.205025272369384766E+02    0.794750684240545979E+01    0.154415647784929355E+01    0.170903369784355164E+00    0.895193696018562335E+01    0.802735538669151971E+01   -0.181129071500240402E+01
    0.640542590545188726E-02    0.203921985626220703E+02    0.781177668335013742E+01    0.149056364125176222E+01    0.595414415001869202E-01    0.879735616414894572E+01    0.773672586326221623E+01   -0.135696517583108767E+01
    0.566315553553836497E-02    0.206385269165039062E+02    0.793923417197547376E+01    0.146883631208654952E+01    0.766381502151489258E+00    0.884945234568756511E+01    0.795439239667891762E+01   -0.187397886990970730E+01
    0.549418713247101179E-02    0.206991081237792969E+02    0.807275829189136829E+01    0.141153846523881699E+01    0.904836416244506836E+00    0.911672917919767301E+01    0.830510594370390720E+01   -0.215888935946893490E+01
    0.531285280178569411E-02    0.207662315368652344E+02    0.806319012817417935E+01    0.147295646007458370E+01    0.913793221116065979E-01    0.913721945207421804E+01    0.807721038785849288E+01   -0.176413000593238745E+01
    0.650493175380688696E-02    0.203613681793212891E+02    0.796394908687476111E+01    0.148004544857883058E+01    0.913436040282249451E-01    0.892252658398143339E+01    0.736149959565496825E+01   -0.169106131421562789E+01
    0.682677773126791516E-02    0.202647838592529297E+02    0.800209673001421606E+01    0.174400749503913000E+01    0.198207691311836243E+00    0.877629202352346738E+01    0.779088941244342159E+01   -0.199804172017758885E+01
    0.525404685319143857E-02    0.207884922027587891E+02    0.794317202417402424E+01    0.134266472037533013E+01    0.134569478034973145E+01    0.869677825161388895E+01    0.718185619283125209E+01   -0.177189416777661535E+01
    0.527932607193728858E-02    0.207788925170898438E+02    0.795111239696552641E+01    0.162830849034423952E+01    0.278585702180862427E+00    0.873617754433372617E+01    0.701349099776110663E+01   -0.186857423372139042E+01
    0.679006630089837044E-02    0.202755680084228516E+02    0.791819346696830628E+01    0.145267495394425428E+01    0.322124302387237549E+00    0.879611567601023836E+01    0.728775832386504607E+01   -0.159215572106495928E+01
    0.550785342891581698E-02    0.206941394805908203E+02    0.764262935996457671E+01    0.165682576788472824E+01    0.932955026626586914E+00    0.854375639046803848E+01    0.806814649174112297E+01   -0.533667628438196706E+00
    0.579783490431466913E-02    0.205915203094482422E+02    0.741912039514514543E+01    0.178394304439881290E+01    0.107947123050689697E+01    0.828070511963927380E+01    0.880882248928843836E+01   -0.430898938358575290E+00
    0.530351290192629127E-02    0.207697505950927734E+02    0.771054652946992025E+01    0.175263392591917344E+01    0.146402919292449951E+01    0.860772947628335849E+01    0.915325301209479036E+01   -0.388746021055061730E+00
    0.542527597314646295E-02    0.207243518829345703E+02    0.733259681822211107E+01    0.167235566678865877E+01    0.101930618286132812E+01    0.830257643693456515E+01    0.954714965460312115E+01   -0.104692726627594768E+01
    0.602247899308252892E-02    0.205154914855957031E+02    0.734164192850643538E+01    0.158429412234701728E+01    0.114088916778564453E+01    0.836124195332108577E+01    0.917153663540562647E+01   -0.791428171116653534E+00
    0.789191591188334249E-02    0.199748115539550781E+02    0.711368893159046145E+01    0.164986397656057471E+01    0.105685436725616455E+01    0.797335744014142644E+01    0.990517170997934038E+01   -0.855780390093560328E+00
    0.526283786815965725E-02    0.207851486206054688E+02    0.751756783242146653E+01    0.175438966499924209E+01    0.899083435535430908E+00    0.850931982854896951E+01    0.847024262215270696E+01   -0.464987035659725212E+00
    0.629880420890869229E-02    0.204257698059082031E+02    0.734763470896545989E+01    0.160429712924666035E+01    0.162645876407623291E+01    0.802433544915634833E+01    0.834681070512912626E+01   -0.887988730272925020E+00
    0.712523166368875076E-02    0.201792049407958984E+02    0.721998068430666873E+01    0.168915467849693490E+01    0.115053677558898926E+01    0.804449432145536392E+01    0.864070940349832384E+01   -0.821516464355479759E+00
    0.627144182291915122E-02    0.204344768524169922E+02    0.715237058526890301E+01    0.270197496105258317E+01    0.739636778831481934E+00    0.607344164241298934E+01    0.780734302176854733E+01   -0.899697508355876918E+00
    0.609839413262384857E-02    0.204904384613037109E+02    0.712827965661317187E+01    0.169252772545488206E+01    0.945184946060180664E+00    0.802970822712363486E+01    0.874583005858117524E+01   -0.739905929503789528E+00
    0.591359105498605667E-02    0.205519828796386719E+02    0.737069483176815421E+01    0.162762521567782015E+01    0.161870396137237549E+01    0.815948310353214090E+01    0.983783843380714629E+01   -0.947546777164774090E+00
    0.571656050716467211E-02    0.206197547912597656E+02    0.786771261150330226E+01    0.171377799120607444E+01    0.769503533840179443E+00    0.889222776246083058E+01    0.871309947085892134E+01    0.207570340226553629E+00
    0.533039739684130522E-02    0.207596378326416016E+02    0.750940821730570995E+01    0.166045257093033860E+01    0.550713062286376953E+00    0.884119206569827831E+01    0.939214905269232148E+01   -0.565323779229508716E+00
    0.613238930945976188E-02    0.204793205261230469E+02    0.785327942943983448E+01    0.172369067924189601E+01    0.707560420036315918E+00    0.921586067102610507E+01    0.992047019115974216E+01   -0.667980863160968052E+00
    0.559197042348550180E-02    0.206638259887695312E+02    0.769891277526413020E+01    0.164769263676517741E+01    0.460078001022338867E+00    0.914850995931485755E+01    0.102077026059236058E+02   -0.484853354185937446E+00
    0.560046687808744489E-02    0.206607894897460938E+02    0.792988123151680568E+01    0.161639313369382931E+01    0.437291651964187622E+00    0.943246560141944101E+01    0.946424474655048442E+01   -0.912555786064388696E+00
    0.572184022514531272E-02    0.206179084777832031E+02    0.759231862994939188E+01    0.178327547619880611E+01    0.799083530902862549E+00    0.875908025629317954E+01    0.101288254188719460E+02   -0.415570763462443482E+00
    0.586980985202113174E-02    0.205668449401855469E+02    0.740731689128959747E+01    0.160763341684406535E+01    0.771763265132904053E+00    0.862520800794340659E+01    0.932428099927004617E+01   -0.859819542490912525E+00
    0.634086089224877424E-02    0.204124603271484375E+02    0.750723419856770402E+01    0.171835643411680650E+01    0.864903151988983154E+00    0.863905756661879920E+01    0.973789175789211114E+01   -0.787699586428180165E+00
    0.627399020947973143E-02    0.204336643218994141E+02    0.769298978147733425E+01    0.158911758966521321E+01    0.920523762702941895E+00    0.904407292778539684E+01    0.966054448809951261E+01   -0.100180949915002326E+01
    0.535515526249107521E-02    0.207503700256347656E+02    0.790962402424799116E+01    0.173222141266419682E+01    0.562702894210815430E+00    0.914934244135153918E+01    0.918893954357283604E+01   -0.104199319795806655E+00


    0.681111319296545670E-02    0.223016586303710938E+02    0.830471105054562564E+01    0.567675915618535498E+01    0.139793574810028076E+00    0.860359866024391096E+01    0.100238187549661664E+02   -0.303156420968214935E+00
    0.678395724464113652E-02    0.222921047210693359E+02    0.809514551874774213E+01    0.554167097739810632E+01    0.570107638835906982E+00    0.785579046454391694E+01    0.996300893399611098E+01   -0.350288465797305770E+00
    0.672984800960666537E-02    0.222905769348144531E+02    0.779581815232166875E+01    0.707891432062040504E+01    0.234705165028572083E+00    0.748938951505240436E+01    0.101005874242032068E+02   -0.187278005530531133E+01
    0.668792760964672522E-02    0.222855300903320312E+02    0.914607131915653326E+01    0.528760835742743485E+01    0.150915837287902832E+01    0.891350879657546713E+01    0.102518370476886993E+02   -0.128508181974617552E+01
    0.666241273643220985E-02    0.222756309509277344E+02    0.844720898687829269E+01    0.701312501297927060E+01    0.533917784690856934E+00    0.832488978883160158E+01    0.918302980937476576E+01   -0.197366572250261529E+01
    0.660479296670981805E-02    0.222754592895507812E+02    0.819755736952940772E+01    0.659068040077987227E+01    0.454592406749725342E+00    0.806778294781480021E+01    0.830983355268650037E+01   -0.160758666830124097E+01
    0.655554412583606635E-02    0.222728843688964844E+02    0.873788346541680916E+01    0.609839497489474702E+01    0.680821537971496582E+00    0.853945561393396346E+01    0.989908139297616962E+01   -0.370604265648751152E+00
    0.658432793102841675E-02    0.222465782165527344E+02    0.778537552702527424E+01    0.726322425646984993E+01    0.398207269608974457E-01    0.792652244144423079E+01    0.855210121908170606E+01   -0.662659003145445569E+00
    0.653869786752952434E-02    0.222429428100585938E+02    0.822944588447469805E+01    0.575231220696321977E+01    0.474094480276107788E+00    0.814336457454246165E+01    0.850903151880011244E+01   -0.109966704963203643E+01
    0.649204037559248694E-02    0.222397212982177734E+02    0.869348919304807666E+01    0.680377211182744723E+01    0.553337037563323975E+00    0.858435348535901888E+01    0.936327375383069338E+01   -0.128949389901429479E+01
    0.644124226696405570E-02    0.222378883361816406E+02    0.868398234454984674E+01    0.567809638432313957E+01    0.121313512325286865E+01    0.799780074287541787E+01    0.744943854940094408E+01   -0.144549364813543590E+01
    0.638870272673880760E-02    0.222367248535156250E+02    0.833423467049439992E+01    0.692495517595002319E+01    0.591734886169433594E+00    0.803778554526375011E+01    0.952845076292331328E+01   -0.151429443541986908E+01
    0.636304888053254407E-02    0.222272281646728516E+02    0.767230353498903206E+01    0.695842429648942762E+01    0.710226148366928101E-01    0.748465840656683223E+01    0.707931365389163414E+01   -0.218119941392403627E+01
    0.631239917364578677E-02    0.222256679534912109E+02    0.728332026285915557E+01    0.741043138982209371E+01    0.693796277046203613E-01    0.703540755549532015E+01    0.745545432980201284E+01    0.390243480367322704E-01
    0.627876499943227483E-02    0.222188091278076172E+02    0.834446033987707914E+01    0.636228691765906262E+01    0.506532907485961914E+00    0.813910240080426917E+01    0.997749146099412165E+01   -0.594210194885578025E+00
    0.622933865629699077E-02    0.222170715332031250E+02    0.787174119694507901E+01    0.656978195486200089E+01    0.268780082464218140E+00    0.775703876979476181E+01    0.785079924746001634E+01   -0.159179589001922062E+01
    0.620616516719310358E-02    0.222069816589355469E+02    0.867512780531788152E+01    0.546878111864197081E+01    0.102967929840087891E+01    0.847957397336490182E+01    0.916374204263450665E+01   -0.168360937167414582E+01
    0.615353574608242318E-02    0.222064704895019531E+02    0.796004872649006945E+01    0.629491888023545609E+01    0.418461054563522339E+00    0.783891705477254952E+01    0.100173157880223691E+02   -0.106252831571063866E+01
    0.611517021895965993E-02    0.222014350891113281E+02    0.805515020134722981E+01    0.683612486468708980E+01    0.162568479776382446E+00    0.824024886841357507E+01    0.934247257744375759E+01   -0.131156984803524779E+01
    0.609360683606401891E-02    0.221909561157226562E+02    0.793371042311356334E+01    0.589149969618991154E+01    0.466979146003723145E+00    0.776244721049904296E+01    0.836680303210401632E+01   -0.977923234281104170E+00
    0.605915033176604098E-02    0.221847534179687500E+02    0.833492728306652175E+01    0.644762520439350162E+01    0.422184050083160400E+00    0.824515123725609556E+01    0.823007874814296692E+01   -0.148729365733059238E+01
    0.601360303949470629E-02    0.221823005676269531E+02    0.761786026997130961E+01    0.730066595878690627E+01    0.569982803426682949E-03    0.771201623513977008E+01    0.768981537551097638E+01   -0.175794423488097018E+01
    0.596344822495238191E-02    0.221815071105957031E+02    0.755898703270319849E+01    0.681085226306388325E+01    0.223086833953857422E+00    0.706946209277184412E+01    0.791919054864349548E+01   -0.214181294746966477E+01
    0.593047421770436303E-02    0.221750526428222656E+02    0.854414764364919499E+01    0.669051824112610305E+01    0.326704591512680054E+00    0.868403677129425411E+01    0.958406887080439773E+01   -0.155241566775657835E+01
    0.589714261111880592E-02    0.221687812805175781E+02    0.838889533342237748E+01    0.607630027542277062E+01    0.521336674690246582E+00    0.828523054218764265E+01    0.990832268290244755E+01   -0.410603346331796404E+00
    0.587581567216525092E-02    0.221584835052490234E+02    0.837441017493880402E+01    0.690706526055350079E+01    0.630314707756042480E+00    0.811362918504301867E+01    0.883725610615070600E+01   -0.176356164620161415E+01
    0.584880110222053568E-02    0.221501560211181641E+02    0.872715840391233399E+01    0.565758770610129513E+01    0.549498617649078369E+00    0.872083476279444270E+01    0.928026682770318345E+01   -0.189293037667734865E+00
    0.582261035417646830E-02    0.221415882110595703E+02    0.826892043889172612E+01    0.564961894354021155E+01    0.954622626304626465E+00    0.784240560361972072E+01    0.780421089542392465E+01   -0.119974408940796939E+01
    0.579734956167251778E-02    0.221327400207519531E+02    0.880277563051132539E+01    0.600190436951982331E+01    0.714534521102905273E+00    0.799990901957315437E+01    0.701170644436236579E+01   -0.112399151306032241E+01
    0.577060219001147758E-02    0.221244449615478516E+02    0.813936282515904530E+01    0.573528555760977010E+01    0.273645520210266113E+00    0.827981014767729206E+01    0.984424147867251520E+01   -0.100662737505663458E-01
    0.575698647292647182E-02    0.221116256713867188E+02    0.814836630695084985E+01    0.659479002231305600E+01    0.338652551174163818E+00    0.804876398083667510E+01    0.988107605932177258E+01   -0.385098751910927906E+00
    0.570910256829808890E-02    0.221107864379882812E+02    0.805353581619771930E+01    0.570339803793433742E+01    0.776843249797821045E+00    0.737694163339056175E+01    0.755282725892455087E+01   -0.156853944381841526E+01
    0.567011106534205927E-02    0.221069488525390625E+02    0.764928212090518844E+01    0.641945710233840128E+01    0.145793676376342773E+00    0.753516004804213768E+01    0.788699817534005909E+01   -0.190786908702901226E+01
    0.563214852674659167E-02    0.221028404235839844E+02    0.875279694546113518E+01    0.688277723371280103E+01    0.650940656661987305E+00    0.801411213624404795E+01    0.729777318336010694E+01   -0.963891150899094606E+00
    0.558790293164421366E-02    0.221010704040527344E+02    0.742634319350266203E+01    0.606554680872962937E+01    0.811606794595718384E-01    0.749290580052151434E+01    0.924379207039989126E+01   -0.208975920914404201E+00
    0.554507303775854648E-02    0.220989151000976562E+02    0.728518066184255897E+01    0.577445326626653799E+01    0.150255888700485229E+00    0.718851447504934349E+01    0.103227405609960172E+02   -0.133757417824685776E+01
    0.550919795949089165E-02    0.220943527221679688E+02    0.819992659773196308E+01    0.596201212881753229E+01    0.112645134329795837E+00    0.849702945190360026E+01    0.104747054126941190E+02    0.361748338275544867E-01
    0.546171321645301088E-02    0.220941219329833984E+02    0.882016935847629924E+01    0.534913487285162326E+01    0.160365819931030273E+01    0.794119722316990018E+01    0.711673239504323174E+01   -0.186291578488915954E+01
    0.541419884744814926E-02    0.220940532684326172E+02    0.830577227669770402E+01    0.687219510794875710E+01    0.460212767124176025E+00    0.812779667521868809E+01    0.872782494252182239E+01   -0.153882361537588652E+01
    0.537200355993089438E-02    0.220921573638916016E+02    0.745056031809155073E+01    0.727826239325595115E+01    0.732869200874119997E-03    0.748205513584614756E+01    0.828538888600542833E+01   -0.701244196908448858E+00
    0.533709040542568007E-02    0.220876541137695312E+02    0.819672245650308362E+01    0.624089618590905815E+01    0.554000854492187500E+00    0.798507398668427193E+01    0.100743865089215596E+02   -0.117038190904368844E+01
    0.532136545440442445E-02    0.220760116577148438E+02    0.804012531274560160E+01    0.573097592513985088E+01    0.546206593513488770E+00    0.773160872109740094E+01    0.837194687509015267E+01   -0.189298127449034137E+01
    0.527826247444077284E-02    0.220747337341308594E+02    0.796535731861900764E+01    0.614863031637639956E+01    0.413284420967102051E+00    0.773826957698841067E+01    0.917468325729404022E+01   -0.663598830009961560E-01
    0.523321236542434454E-02    0.220743331909179688E+02    0.857971183617070388E+01    0.619691158435551603E+01    0.126616036891937256E+01    0.781792767667703448E+01    0.752415013672414812E+01   -0.102156499395151634E+01
    0.519017991789614760E-02    0.220733032226562500E+02    0.748107573168909212E+01    0.548545722516704615E+01    0.294345766305923462E+00    0.685063854183290566E+01    0.843987419352646384E+01   -0.196178917751980153E+01
    0.516374637172901680E-02    0.220659713745117188E+02    0.861858769343085029E+01    0.693080037016715877E+01    0.192046776413917542E+00    0.872521264859576995E+01    0.100665291521619888E+02   -0.508807582281298520E+00
    0.512807356373553690E-02    0.220622920989990234E+02    0.851866239652840562E+01    0.720450128125239697E+01    0.331012070178985596E+00    0.855688290780069138E+01    0.959231385895419209E+01   -0.143642288001025209E+01
    0.509570785214136842E-02    0.220574111938476562E+02    0.882767717832581589E+01    0.523789655410348320E+01    0.155642151832580566E+01    0.790708511839032813E+01    0.703029392366045425E+01   -0.107396918549930720E+01
    0.508678832795859091E-02    0.220433712005615234E+02    0.848416732802222029E+01    0.521385974436071109E+01    0.444208890199661255E+00    0.859169425979939305E+01    0.102627335545187446E+02    0.571942812748815754E-01
    0.504550361847727700E-02    0.220421257019042969E+02    0.842847031752120834E+01    0.663609684603542771E+01    0.311150014400482178E+00    0.838997702402072498E+01    0.976177995120275988E+01   -0.118595556888182685E+00
    0.501014117100779047E-02    0.220386486053466797E+02    0.761105115270423127E+01    0.535701547741854789E+01    0.413211256265640259E+00    0.717631387564220624E+01    0.704564962660454075E+01   -0.153773990057417498E+01
    0.497303899706985891E-02    0.220359706878662109E+02    0.837142357549090121E+01    0.556848835248566942E+01    0.142698812484741211E+01    0.750202576921254316E+01    0.726257318343551894E+01   -0.121942318889255530E+01
    0.495273910883400545E-02    0.220266075134277344E+02    0.811023088466830444E+01    0.666941876591714777E+01    0.401285201311111450E+00    0.798076955260466736E+01    0.963723987916488944E+01   -0.141658212158389873E+01
    0.491096845543526842E-02    0.220260028839111328E+02    0.874624201537237411E+01    0.592845273624387925E+01    0.127030324935913086E+01    0.833640530146825576E+01    0.100805686105991139E+02   -0.166887018883488691E+01
    0.487066941357150972E-02    0.220249385833740234E+02    0.827902654860649534E+01    0.554907149624420182E+01    0.706554591655731201E+00    0.819076601496618295E+01    0.945928946902815682E+01   -0.141194886330407465E+01
    0.483276540176591236E-02    0.220230197906494141E+02    0.830604743027476289E+01    0.572647713261824354E+01    0.625177800655364990E+00    0.809195209049007858E+01    0.944931444140286025E+01   -0.418804126122206632E+00
    0.479361550331305376E-02    0.220217437744140625E+02    0.807640561307762539E+01    0.598125473661863793E+01    0.590628445148468018E+00    0.768222150330199227E+01    0.947542532285266681E+01   -0.724409385653522087E+00
    0.475588023455455165E-02    0.220200061798095703E+02    0.747136468765951900E+01    0.606031038979786629E+01    0.294390082359313965E+00    0.687404072078778405E+01    0.868685340494337233E+01    0.122777290129942429E+00
    0.472629629764907081E-02    0.220149421691894531E+02    0.838387180595865367E+01    0.632381347826690643E+01    0.270756006240844727E+00    0.843048489496020714E+01    0.842161007866051747E+01   -0.122684373492069865E+01
    0.469473337926361398E-02    0.220107994079589844E+02    0.732408471072675482E+01    0.560930188932827356E+01    0.250720202922821045E+00    0.691808079748128968E+01    0.100769930327819477E+02   -0.115730497661934839E+01
    0.466006470190010683E-02    0.220080795288085938E+02    0.830502919311503973E+01    0.731073825388387277E+01    0.596207082271575928E-01    0.844535955495240387E+01    0.103082586479903782E+02   -0.645774990028885165E+00
    0.463913071443179583E-02    0.219995403289794922E+02    0.742697741573169345E+01    0.719307111540073763E+01    0.134726643562316895E+00    0.680599201270240250E+01    0.950809939056683362E+01   -0.197440274631645618E+01
    0.461424054620831157E-02    0.219927558898925781E+02    0.874838815009308313E+01    0.621237044072492584E+01    0.100905001163482666E+01    0.846817311696688435E+01    0.999013935704414102E+01   -0.129128833195672099E+01
    0.458252122551740422E-02    0.219890079498291016E+02    0.838550556854211848E+01    0.615922350036063726E+01    0.248556077480316162E+00    0.850930767365728613E+01    0.102795575052388308E+02    0.143790764936515547E+00
    0.454314065246754894E-02    0.219887256622314453E+02    0.869698487468897063E+01    0.523071536870008025E+01    0.687849998474121094E+00    0.856930080388133852E+01    0.878214151927091180E+01    0.207088005939095154E+00
    0.451515563623236613E-02    0.219835395812988281E+02    0.791922016285045682E+01    0.542372897124472164E+01    0.511584758758544922E+00    0.759641812590786536E+01    0.903559655798303041E+01   -0.201672706106055788E+01
    0.451435894766671723E-02    0.219663486480712891E+02    0.842240282453378342E+01    0.627676780825064196E+01    0.493457376956939697E+00    0.820274906043100849E+01    0.835456339265264702E+01   -0.462282128388370905E+00
    0.449656171550259949E-02    0.219567050933837891E+02    0.737567423308276826E+01    0.556336016063245609E+01    0.290374428033828735E+00    0.658742945089766163E+01    0.740876377500811056E+01    0.159385220102392644E+00
    0.446414399279254637E-02    0.219536323547363281E+02    0.792686057169084091E+01    0.558215429631197146E+01    0.473307460546493530E+00    0.759060017921400831E+01    0.818430832724835255E+01   -0.203325991598130651E+01
    0.443691638290483886E-02    0.219483242034912109E+02    0.839792379973417269E+01    0.695928743157171947E+01    0.440641015768051147E+00    0.830122267079831389E+01    0.981836338615581639E+01   -0.147145874104984919E+01
    0.440255162073590733E-02    0.219463310241699219E+02    0.849077438946310181E+01    0.602844409608102971E+01    0.840175151824951172E+00    0.832527506634202474E+01    0.928507126888086276E+01   -0.203882702847199582E+01
    0.436750742206147916E-02    0.219447708129882812E+02    0.917705527481757422E+01    0.674013379363489129E+01    0.110191559791564941E+01    0.817520062281197646E+01    0.706204028032417330E+01   -0.216300971910598649E+01
    0.433158536179244994E-02    0.219437446594238281E+02    0.840566677549202623E+01    0.594929372750289698E+01    0.559609174728393555E+00    0.809381734141619447E+01    0.766076655856238098E+01   -0.105467427669333702E+01
    0.430160395465520838E-02    0.219400920867919922E+02    0.733658902892728548E+01    0.714713404470616886E+01    0.327301099896430969E-01    0.726192908177791541E+01    0.809954224561973568E+01   -0.103837947633880656E+00
    0.426598390006929264E-02    0.219391784667968750E+02    0.848900157190930393E+01    0.587670594762963816E+01    0.527948141098022461E+00    0.830874239850990648E+01    0.827516932191190513E+01   -0.350395381758197733E+00
    0.422935580458329470E-02    0.219388809204101562E+02    0.807154254603026011E+01    0.630280164494943840E+01    0.303384333848953247E+00    0.802057748335820264E+01    0.828159460521780311E+01   -0.742094510957029829E+00
    0.420522821275608021E-02    0.219327793121337891E+02    0.811645437814319060E+01    0.570839230601362502E+01    0.599699378013610840E+00    0.785354772116368327E+01    0.104857579146055322E+02   -0.706124816375910180E+00
    0.417438531783689924E-02    0.219299583435058594E+02    0.846073433600519209E+01    0.548377354320511667E+01    0.439638853073120117E+00    0.851268197308309205E+01    0.952011136206854225E+01   -0.478723277125728375E+00
    0.414005165644094897E-02    0.219289321899414062E+02    0.758204559066528105E+01    0.715825565468589708E+01    0.480202250182628632E-01    0.753240913274372037E+01    0.742768463877033458E+01   -0.142449600706805724E+01
    0.410594164761274132E-02    0.219279346466064453E+02    0.788796578135376514E+01    0.574590578577207189E+01    0.253504186868667603E+00    0.785134416771309951E+01    0.802222322541533472E+01   -0.268928569630752179E+00
    0.407821817494242143E-02    0.219239406585693359E+02    0.737551647697766910E+01    0.570956471215601535E+01    0.262701600790023804E+00    0.695994940408083806E+01    0.992531424183830069E+01   -0.792702823560495817E+00
    0.404455589851265666E-02    0.219229736328125000E+02    0.798855630588708188E+01    0.597484584542079933E+01    0.389411866664886475E+00    0.787388339120336855E+01    0.832903634831589379E+01   -0.118625343076544887E+01
    0.401461959864092555E-02    0.219202880859375000E+02    0.813449516330910605E+01    0.699780599355726807E+01    0.486025035381317139E+00    0.757626283656231525E+01    0.734264879553310212E+01   -0.214534837054769278E+01
    0.399876963813331626E-02    0.219106559753417969E+02    0.797667076841090417E+01    0.707791651691016899E+01    0.160260960459709167E+00    0.798014401997591172E+01    0.886278285992847437E+01   -0.736608107498166742E+00
    0.396663689182469130E-02    0.219092483520507812E+02    0.744476116567455204E+01    0.560402959576418525E+01    0.296117901802062988E+00    0.686602090578969637E+01    0.874172588913094195E+01   -0.164603066328557457E+01
    0.394820790098712043E-02    0.219010181427001953E+02    0.819075296168002076E+01    0.583929889627125309E+01    0.910216927528381348E+00    0.764193230311706362E+01    0.848218589554613978E+01   -0.133094587591267155E+01
    0.391452104224870780E-02    0.219006118774414062E+02    0.764526745279865061E+01    0.595488987393798830E+01    0.305733859539031982E+00    0.748739494876247491E+01    0.908636788894406777E+01   -0.174132665938095976E+01
    0.388187675013604598E-02    0.218998165130615234E+02    0.875199763791780683E+01    0.602067803992200279E+01    0.158172261714935303E+01    0.795267610236442746E+01    0.766849521971397330E+01   -0.147174084151860729E+01
    0.387071252577402339E-02    0.218880329132080078E+02    0.867914729339916846E+01    0.554326693886155919E+01    0.138519799709320068E+01    0.824162329859098186E+01    0.938882084697430841E+01   -0.125412829704910544E+01
    0.384889152196752704E-02    0.218817958831787109E+02    0.864890109281942010E+01    0.588176589772507619E+01    0.144083940982818604E+01    0.814904039202181174E+01    0.993083958171340697E+01   -0.160726050513302887E+01
    0.381560808420061855E-02    0.218816223144531250E+02    0.803641620655362310E+01    0.632957928900314215E+01    0.287707179784774780E+00    0.804112553296674193E+01    0.844065438523030842E+01   -0.199408093595616109E+01
    0.378247899552612392E-02    0.218815193176269531E+02    0.802236350450454871E+01    0.737981556373926573E+01    0.206767946481704712E+00    0.798163590911610932E+01    0.999568987975023404E+01   -0.175993471413583458E+01
    0.375228467517856523E-02    0.218800048828125000E+02    0.738435322220419188E+01    0.563918602772449518E+01    0.242118075489997864E+00    0.712360022038974350E+01    0.914058694683717476E+01   -0.508976429122083296E-01
    0.372095428319884746E-02    0.218792304992675781E+02    0.846428982786996364E+01    0.578232008023266264E+01    0.427129894495010376E+00    0.846100724506757373E+01    0.921776647074807443E+01    0.161253499964454150E+00
    0.369450524077582403E-02    0.218759536743164062E+02    0.856393609182697624E+01    0.673855041554272738E+01    0.496856898069381714E+00    0.852172237033295765E+01    0.947684913816998886E+01   -0.148012141811936937E+01
    0.367196829295129198E-02    0.218706474304199219E+02    0.754287356444532531E+01    0.582964716283769135E+01    0.235884755849838257E+00    0.736003485200947782E+01    0.940296490750149161E+01   -0.651697266907900641E+00
    0.364801337138886744E-02    0.218661937713623047E+02    0.841551875940440652E+01    0.662980377169768076E+01    0.200158268213272095E+00    0.852512737768467410E+01    0.990653535028049248E+01   -0.493454754834226073E-01
    0.362920909011150159E-02    0.218589859008789062E+02    0.741770717731761220E+01    0.671523624553469123E+01    0.102837286889553070E+00    0.713059816161492233E+01    0.936532824343598236E+01   -0.207427247285114857E+01
    0.360049235902862655E-02    0.218573303222656250E+02    0.735969891268158971E+01    0.642942424891354580E+01    0.194533661007881165E+00    0.640110341468665212E+01    0.976317961018240510E+01   -0.129636704014873572E+01
    0.356970078356472209E-02    0.218569641113281250E+02    0.847617354273508639E+01    0.629817558548150558E+01    0.460092842578887939E+00    0.834470624436481856E+01    0.813353001954716248E+01   -0.129073279533627261E+01
    0.354333325136780078E-02    0.218542480468750000E+02    0.790809461917168033E+01    0.663421868096509115E+01    0.294619113206863403E+00    0.767684006421531873E+01    0.813409175969747444E+01   -0.198273370097996593E+01
    0.352021750979975749E-02    0.218497943878173828E+02    0.841544812361581762E+01    0.606021579950416456E+01    0.728540778160095215E+00    0.797147081076466169E+01    0.757092484952101774E+01   -0.131117393987039255E+01
    0.349835337143070742E-02    0.218447113037109375E+02    0.837819955815283279E+01    0.558134940456684969E+01    0.931038975715637207E+00    0.798168774193041219E+01    0.806766726975720694E+01   -0.994110732348189030E+00
    0.346859076135819493E-02    0.218442554473876953E+02    0.793712536556030290E+01    0.564924317334233539E+01    0.418536961078643799E+00    0.776376538891303802E+01    0.902217247418578339E+01    0.336183908016356447E-01
    0.346218914619230052E-02    0.218304061889648438E+02    0.814765001749188222E+01    0.727682503674135361E+01    0.643279105424880981E-01    0.841128612706505940E+01    0.913078812548409147E+01   -0.115969418110184130E+01
    0.343870081323121397E-02    0.218264770507812500E+02    0.731912685142245767E+01    0.719542237257003414E+01    0.981766283512115479E-01    0.682799565867081704E+01    0.800708200855383900E+01   -0.184247250358446912E+01
    0.341632305176998953E-02    0.218219909667968750E+02    0.847994898016866294E+01    0.676459891679770564E+01    0.377489894628524780E+00    0.851396682197022869E+01    0.946735734126865047E+01   -0.146433680813424671E+01
    0.338766214001598714E-02    0.218212966918945312E+02    0.845622851705802070E+01    0.556020812566666578E+01    0.681672513484954834E+00    0.843965588714064019E+01    0.996293801135110613E+01   -0.161098028001088345E+01
    0.335901102330681987E-02    0.218207397460937500E+02    0.785903623422673636E+01    0.580196998968193611E+01    0.351185232400894165E+00    0.776014702380932064E+01    0.104089606383632134E+02   -0.483879170141038539E+00
    0.333123119183563205E-02    0.218198051452636719E+02    0.839589856399343404E+01    0.682833957798247049E+01    0.282980233430862427E+00    0.811848475911929768E+01    0.762645625305925456E+01   -0.112613857374746051E+01
    0.330351412679365372E-02    0.218189716339111328E+02    0.752131032346389361E+01    0.713466662334645019E+01    0.817134082317352295E-01    0.741861377634541519E+01    0.871241980652114378E+01    0.188610496102851410E+00
    0.328149657440851648E-02    0.218148021697998047E+02    0.852187982257115628E+01    0.676394340019779339E+01    0.549832582473754883E+00    0.841220759136286667E+01    0.941287219509087336E+01   -0.173005890885116687E+01
    0.325741628591907180E-02    0.218119888305664062E+02    0.840106725823937950E+01    0.578560450114684777E+01    0.245954722166061401E+00    0.846556470900236135E+01    0.841896536039723742E+01   -0.452713415061066771E+00
    0.322984208030946667E-02    0.218114471435546875E+02    0.786630662696818561E+01    0.557143634328561799E+01    0.563005328178405762E+00    0.729530234455829429E+01    0.790594040842648393E+01   -0.174784319812649969E+01
    0.320847159176866669E-02    0.218071804046630859E+02    0.778604126872687718E+01    0.574816134249561195E+01    0.334798187017440796E+00    0.765330160418591809E+01    0.962844979005987156E+01   -0.471243181745148565E+00
    0.318908502735039054E-02    0.218017578125000000E+02    0.735643950383886924E+01    0.619001421667387763E+01    0.142001733183860779E+00    0.725873199133159819E+01    0.101116798440459021E+02   -0.359291128511851854E+00
    0.316629277646197742E-02    0.217985591888427734E+02    0.832928907153545062E+01    0.597594969415792487E+01    0.410434573888778687E+00    0.825118200076160591E+01    0.985863122572857087E+01    0.661600937560939961E-01
    0.314035533627170455E-02    0.217974662780761719E+02    0.741301040785759202E+01    0.659403704815840808E+01    0.171628519892692566E+00    0.686894233171424151E+01    0.944234861478537191E+01   -0.200225846577743427E+01
    0.311949364279917683E-02    0.217932529449462891E+02    0.758330447797615648E+01    0.744048204993838080E+01    0.494242832064628601E-01    0.759366858103703279E+01    0.959017857355744852E+01   -0.143601634840580461E+01
    0.309614741303416074E-02    0.217907333374023438E+02    0.894961341217325312E+01    0.545076880591646784E+01    0.160087263584136963E+01    0.839049160027537333E+01    0.818547426202929351E+01   -0.130736346572360640E+01
    0.307202067296430056E-02    0.217888355255126953E+02    0.825639506970450299E+01    0.749582473081387324E+01    0.123372182250022888E+00    0.835030899204056531E+01    0.891823739195685405E+01   -0.161599781710752377E+01
    0.304900065230763852E-02    0.217863349914550781E+02    0.866038118283879754E+01    0.607392620643973213E+01    0.117860794067382812E+01    0.782879102465210952E+01    0.705906839144528142E+01   -0.129324541785785874E+01
    0.302716050018011574E-02    0.217831687927246094E+02    0.804306187000158701E+01    0.592896409880410946E+01    0.618173897266387939E+00    0.764596237274030877E+01    0.908305097120310734E+01   -0.110426887812181151E+01
    0.300291832210297259E-02    0.217817058563232422E+02    0.859475377973733323E+01    0.562592175997542121E+01    0.114859127998352051E+01    0.825932217104974065E+01    0.948850640130543788E+01   -0.163949316413667834E+01
    0.299605294694164481E-02    0.217687397003173828E+02    0.733422398259895481E+01    0.575419457185547500E+01    0.222382530570030212E+00    0.696888752174645809E+01    0.937959304635066360E+01   -0.873773052223026037E+00
    0.297412402815058156E-02    0.217658882141113281E+02    0.844371063357043639E+01    0.589975189905682473E+01    0.680316388607025146E+00    0.831740347355844989E+01    0.102223239797651040E+02   -0.979907320758788281E+00
    0.296739240093937600E-02    0.217528762817382812E+02    0.830967653036415754E+01    0.622044283073939930E+01    0.326662302017211914E+00    0.837621638972304261E+01    0.927788554474430249E+01   -0.109028953013467134E+01
    0.294567325640695318E-02    0.217500247955322266E+02    0.821454119054374665E+01    0.630580978546088566E+01    0.629177927970886230E+00    0.797852965441730788E+01    0.947417872653796600E+01   -0.133960846549345991E+01
    0.293759932838467009E-02    0.217379703521728516E+02    0.819395838042715141E+01    0.583806250034537566E+01    0.536510050296783447E+00    0.808932530373424896E+01    0.912344768964789310E+01   -0.119383375363138744E+01
    0.292580897402865614E-02    0.217284698486328125E+02    0.827242010956964968E+01    0.632395065135616097E+01    0.409802377223968506E+00    0.812603053527974240E+01    0.832260542014263116E+01   -0.775716981179892073E+00
    0.290771713478614685E-02    0.217233314514160156E+02    0.781835455273495228E+01    0.615216795811187378E+01    0.252729475498199463E+00    0.781162616725951153E+01    0.957960071996900453E+01   -0.122715750184756955E+01
    0.288808687345500862E-02    0.217193355560302734E+02    0.810842525177507056E+01    0.601522392379776782E+01    0.171495705842971802E+00    0.827775385210425974E+01    0.995727494394052037E+01   -0.783401183918118971E+00
    0.287352310715694500E-02    0.217119026184082031E+02    0.837119559822643211E+01    0.599986305109250750E+01    0.450680136680603027E+00    0.777136908785024794E+01    0.700868532194496385E+01   -0.661395036713768203E+00
    0.284878559252851925E-02    0.217116508483886719E+02    0.812611391083180123E+01    0.551123507586632044E+01    0.794889390468597412E+00    0.758286868008955395E+01    0.775208996615329760E+01   -0.196650233134321284E+01
    0.282541944795032876E-02    0.217105789184570312E+02    0.820540276582936912E+01    0.612929041434556066E+01    0.261092334985733032E+00    0.841505316950795823E+01    0.104723311476154706E+02   -0.115077676638759696E+01
    0.280198841436866400E-02    0.217096900939941406E+02    0.808982856257961380E+01    0.554551221008472606E+01    0.582199752330780029E+00    0.795371519438097430E+01    0.101847476028519868E+02   -0.143471088782746214E+01
    0.278770461620919284E-02    0.217023677825927734E+02    0.761748752357417480E+01    0.634126090219798844E+01    0.110611170530319214E+00    0.776467412908630461E+01    0.104036871262909028E+02   -0.128585670922488249E+01
    0.276596559073734706E-02    0.217004814147949219E+02    0.882745354592313092E+01    0.584141081046530797E+01    0.145908164978027344E+01    0.837355946981530508E+01    0.882715620982690830E+01   -0.129555724013394213E+01
    0.275013650213419602E-02    0.216944160461425781E+02    0.730700250765761972E+01    0.609468888741720605E+01    0.996567830443382263E-01    0.733777218568663248E+01    0.945064920584063017E+01   -0.111513159897522418E+01
    0.273473702564190971E-02    0.216881027221679688E+02    0.839064909169274387E+01    0.594938968009740954E+01    0.115809047222137451E+01    0.772910130714005827E+01    0.849942227077570500E+01   -0.158724113438251413E+01
    0.271508581631663354E-02    0.216849822998046875E+02    0.832429689462970401E+01    0.633602697239503421E+01    0.399722278118133545E+00    0.825120525054530241E+01    0.889486991666319682E+01   -0.872912965417893982E+00
    0.270015040063501140E-02    0.216784706115722656E+02    0.829281897893197417E+01    0.612216093676749651E+01    0.745736777782440186E+00    0.796734747442273417E+01    0.803575362023416773E+01   -0.174030135822806931E+01
    0.268639343164102633E-02    0.216711425781250000E+02    0.836572412993231751E+01    0.684258975571029815E+01    0.419010281562805176E+00    0.832849705166057852E+01    0.100100569572468707E+02   -0.181836616556771236E+01
    0.266952742842837404E-02    0.216661949157714844E+02    0.825176922923276379E+01    0.616282331902650782E+01    0.791679859161376953E+00    0.782257960412005282E+01    0.963760975960980915E+01   -0.162721944111051720E+01
    0.264678837637266975E-02    0.216657600402832031E+02    0.830516597025897241E+01    0.567672582188570907E+01    0.881069779396057129E+00    0.801901303403923649E+01    0.915676725906371303E+01   -0.125821556544724977E+01
    0.262710513077781763E-02    0.216631450653076172E+02    0.801829469562419028E+01    0.575124614793842426E+01    0.549910068511962891E+00    0.778592624041767589E+01    0.930039971955716815E+01   -0.128734102351758439E+01
    0.260562930260792433E-02    0.216620178222656250E+02    0.759734048209973345E+01    0.607311256767522423E+01    0.358872264623641968E+00    0.705948712277470758E+01    0.944216643444857695E+01   -0.921934220122273107E+00
    0.258347395558829792E-02    0.216615524291992188E+02    0.743694177496740672E+01    0.727457823968214257E+01    0.507634058594703674E-01    0.732377935964788573E+01    0.716565974976388187E+01   -0.136563005296445250E+01
    0.256702153218913397E-02    0.216567859649658203E+02    0.800802723756499191E+01    0.603349435879809004E+01    0.283962279558181763E+00    0.801184231157849602E+01    0.869009856125848579E+01   -0.265333106219325598E+00
    0.254621655513940582E-02    0.216555175781250000E+02    0.724407400809976298E+01    0.738583702471122194E+01    0.357683524489402771E-01    0.690441150580760699E+01    0.932025716099427370E+01   -0.173305192508406769E+01
    0.252630046488838255E-02    0.216536788940429688E+02    0.862318851347975723E+01    0.582142900092277760E+01    0.741620302200317383E+00    0.848831442931504299E+01    0.935849558449912067E+01   -0.105155914959813845E+01
    0.251356827160955114E-02    0.216462402343750000E+02    0.772857608243213878E+01    0.739529422646877599E+01    0.752770006656646729E-01    0.761507367721317596E+01    0.837518174586093878E+01   -0.208409215855358321E+01
    0.249403836499031018E-02    0.216442966461181641E+02    0.774245569414698842E+01    0.590004591075846196E+01    0.305765390396118164E+00    0.748235242184434135E+01    0.822487755166053880E+01   -0.187053175723983989E+01
    0.247351821567235331E-02    0.216432762145996094E+02    0.726595215213321044E+01    0.555774982831416242E+01    0.252461284399032593E+00    0.661221149557031573E+01    0.925414870699315273E+01    0.209490694854742809E+00
    0.245945656613091521E-02    0.216371345520019531E+02    0.825723937817066300E+01    0.570186646494718197E+01    0.568899035453796387E+00    0.819263682291694550E+01    0.942194880080061914E+01   -0.116384686501148016E+01
    0.243976766830230523E-02    0.216356658935546875E+02    0.763896158523532431E+01    0.617168362779916624E+01    0.307747393846511841E+00    0.730373991650297150E+01    0.913735937719560098E+01   -0.118770401139609572E+00
    0.242149001994014079E-02    0.216331615447998047E+02    0.871530918928801235E+01    0.557173978458359453E+01    0.120545923709869385E+01    0.787235060929837438E+01    0.711155966145965746E+01   -0.831531486485674209E+00
    0.240775629114942493E-02    0.216269931793212891E+02    0.762669139725752832E+01    0.572107346704043351E+01    0.406119227409362793E+00    0.717999697472360587E+01    0.951549864102270604E+01   -0.144911412344808443E+01
    0.239620876870712046E-02    0.216190643310546875E+02    0.761281055394739070E+01    0.733460875916349142E+01    0.310333296656608582E-01    0.762503836879371999E+01    0.940384338587599800E+01   -0.148049181838207922E+00
    0.237686071529182074E-02    0.216177349090576172E+02    0.887435626733410921E+01    0.582394642873429902E+01    0.108108556270599365E+01    0.868014690935027033E+01    0.100024525649972702E+02   -0.119164763011528407E+01
    0.235630447350746721E-02    0.216175632476806641E+02    0.822647705642530624E+01    0.571660829976824036E+01    0.430585086345672607E+00    0.820733362227422347E+01    0.104099666362964669E+02   -0.681693317795995624E+00
    0.233650974568655381E-02    0.216168918609619141E+02    0.807675333523972050E+01    0.617966973642436823E+01    0.342834264039993286E+00    0.797687484340150110E+01    0.917250502343969565E+01   -0.700670893891102375E+00
    0.232242506313967093E-02    0.216114406585693359E+02    0.731922426928719538E+01    0.620491601604120824E+01    0.192272931337356567E+00    0.645185126199214132E+01    0.961564172154900731E+01   -0.154129308618526717E+01
    0.230232862883551596E-02    0.216112785339355469E+02    0.834662440843660036E+01    0.592870294747710425E+01    0.976617932319641113E+00    0.779042484182270467E+01    0.918946444713898813E+01   -0.202286186253622668E+01
    0.228324862077795843E-02    0.216103782653808594E+02    0.790009134642912780E+01    0.580063344306032569E+01    0.406468808650970459E+00    0.776163195770123959E+01    0.990516120018758173E+01   -0.217087303420957145E+01
    0.226885309880939766E-02    0.216054840087890625E+02    0.889234533354456680E+01    0.588807173369813430E+01    0.616409063339233398E+00    0.886826355723178672E+01    0.975964673707800934E+01   -0.952829098229238225E+00
    0.225028656342214596E-02    0.216043739318847656E+02    0.734794645268102808E+01    0.637587846213279974E+01    0.190534666180610657E+00    0.685647405247509312E+01    0.853678556306658720E+01   -0.178340913223474606E+01
    0.223468332357890055E-02    0.216007461547851562E+02    0.890569142559317584E+01    0.552079223254101148E+01    0.165758347511291504E+01    0.821595956865057708E+01    0.773700593127503211E+01   -0.177484685588261137E+01
    0.221695449956962973E-02    0.215991325378417969E+02    0.805714860450162718E+01    0.595085095880752224E+01    0.672979652881622314E+00    0.767336724357362421E+01    0.861655942265167418E+01   -0.149194032468296411E+01
    0.219952574109351156E-02    0.215973739624023438E+02    0.862135105774357591E+01    0.596209177302913496E+01    0.336947232484817505E+00    0.871343593287033080E+01    0.924085565950234233E+01   -0.503196541637897399E+00
    0.218339350334746879E-02    0.215945529937744141E+02    0.851637425122485325E+01    0.568427034287821087E+01    0.108171725273132324E+01    0.817222593632798677E+01    0.906524831989191782E+01   -0.162397545666221266E+01
    0.216434326282065152E-02    0.215945358276367188E+02    0.791442853532480850E+01    0.727536657757064642E+01    0.208320513367652893E+00    0.767729964283586064E+01    0.752866673372720197E+01   -0.172775471488354393E+01
    0.215232658261725173E-02    0.215881271362304688E+02    0.732159546714612119E+01    0.599365089238648974E+01    0.203986495733261108E+00    0.659034455471860703E+01    0.835539638264800821E+01    0.104303619451831420E+00
    0.213680746068977551E-02    0.215850563049316406E+02    0.753483589273436127E+01    0.764809016431373934E+01    0.507670417428016663E-01    0.750329422575832439E+01    0.990166304412634801E+01   -0.105480664353744080E+01
    0.211842832775474424E-02    0.215847892761230469E+02    0.819187929464623288E+01    0.597097027968139837E+01    0.175776496529579163E+00    0.840539014943805007E+01    0.100071648383574647E+02   -0.679876103828612299E+00
    0.210136327688413864E-02    0.215834217071533203E+02    0.744026572930954533E+01    0.685775079868625159E+01    0.112374454736709595E+00    0.702929176958068958E+01    0.912593143198251155E+01   -0.203460655192273521E+01
    0.208346981162531352E-02    0.215829811096191406E+02    0.799659667074885938E+01    0.729331982976210558E+01    0.168389692902565002E+00    0.804238774433416914E+01    0.898397479347178773E+01   -0.143955418972783100E+01
    0.206600256491940894E-02    0.215822753906250000E+02    0.795039435111100179E+01    0.612007247691294687E+01    0.399789124727249146E+00    0.772365602418598485E+01    0.954451962182353952E+01   -0.496150708643789073E+00
    0.205015934550240985E-02    0.215801277160644531E+02    0.798132762834410148E+01    0.705708894172276047E+01    0.197552993893623352E+00    0.800432568486639262E+01    0.938569391605188841E+01   -0.187566492535696838E+01
    0.203579620747914572E-02    0.215766448974609375E+02    0.789308532973551991E+01    0.634388933313324799E+01    0.278379321098327637E+00    0.784372878383835648E+01    0.926525305973057023E+01   -0.169393370670095189E+01
    0.202373653938922636E-02    0.215709838867187500E+02    0.737970778721104548E+01    0.582337620200297224E+01    0.274857312440872192E+00    0.665983263617286703E+01    0.101309113949802381E+02   -0.159656242534472259E+01
    0.201064736258595514E-02    0.215664176940917969E+02    0.802331548212347556E+01    0.616797036109974606E+01    0.551333844661712646E+00    0.775574927960570193E+01    0.979847374200480026E+01   -0.154818923792369412E+01
    0.199697236141454897E-02    0.215625228881835938E+02    0.805810269288846825E+01    0.736319184971693108E+01    0.721304789185523987E-01    0.819530828332045580E+01    0.865803134212897518E+01   -0.984372341473249035E+00
    0.198213669420581936E-02    0.215598926544189453E+02    0.745279844933738733E+01    0.585763205049339408E+01    0.187120571732521057E+00    0.729546475809941164E+01    0.757589660278005361E+01   -0.178979817937780528E+01
    0.196836086386313050E-02    0.215562973022460938E+02    0.775946337294237054E+01    0.575673454046296040E+01    0.294508844614028931E+00    0.771904181902308029E+01    0.910937366565406137E+01   -0.154248757691804617E+01
    0.195372471119238710E-02    0.215536804199218750E+02    0.771758808886519887E+01    0.579707643688469254E+01    0.251440256834030151E+00    0.774715145180312259E+01    0.948793815581419508E+01   -0.140414065536376986E+01
    0.193795686320657567E-02    0.215523433685302734E+02    0.746814266953351336E+01    0.731688508867995058E+01    0.795627236366271973E-01    0.710848737811657916E+01    0.758834757669758808E+01   -0.200072160764758289E+01
    0.192110669885599598E-02    0.215522651672363281E+02    0.785314620509621353E+01    0.612443500625938775E+01    0.478919088840484619E+00    0.738211592122115778E+01    0.785684075034939955E+01   -0.108589184139129213E+01
    0.190498430983866837E-02    0.215515766143798828E+02    0.761583000907530483E+01    0.719755066578065428E+01    0.475134328007698059E-01    0.763879740550092734E+01    0.821249871026943623E+01   -0.148080695829713171E-01
    0.189071121613154040E-02    0.215490741729736328E+02    0.830803460641759450E+01    0.616904311212793921E+01    0.543769776821136475E+00    0.821816577457985176E+01    0.942543751295018062E+01   -0.158562928170475859E+01
    0.188081994161107724E-02    0.215420207977294922E+02    0.800646492901174156E+01    0.621475763582409257E+01    0.457524597644805908E+00    0.774537719389804824E+01    0.909179194351858655E+01   -0.177997173595462943E+01
    0.186794242515097826E-02    0.215382175445556641E+02    0.801869045790973978E+01    0.580434360871432808E+01    0.558929920196533203E+00    0.766714034868469518E+01    0.103757385419449246E+02   -0.188660631664678791E+01
    0.185348722873515475E-02    0.215362110137939453E+02    0.830257270237872902E+01    0.582597532917811733E+01    0.679345786571502686E+00    0.818309722234302228E+01    0.975953468966135063E+01   -0.130201976460554292E+01
    0.183737852073352550E-02    0.215361251831054688E+02    0.793416517136352528E+01    0.737019941101012588E+01    0.617863200604915619E-01    0.789565703152627218E+01    0.783154356530887164E+01   -0.149413034734958927E+00
    0.182662662886778383E-02    0.215303192138671875E+02    0.771071408718713425E+01    0.602371186847926499E+01    0.289313465356826782E+00    0.753600706362157702E+01    0.820714589595260158E+01   -0.155751656735631183E+00
    0.181110540942827072E-02    0.215298423767089844E+02    0.824654951771102240E+01    0.613232036973638195E+01    0.723538279533386230E+00    0.793332524530081162E+01    0.979408791211652030E+01   -0.186953277752162283E+01
    0.179901400612226940E-02    0.215256958007812500E+02    0.815222625640263665E+01    0.604983839044503391E+01    0.661550045013427734E+00    0.776848903468561591E+01    0.892220350110084404E+01   -0.188476862963723990E+01
    0.178447605564701424E-02    0.215243797302246094E+02    0.784049755576449314E+01    0.628691387967263093E+01    0.461646318435668945E+00    0.745194985462502668E+01    0.816087924152484234E+01   -0.116806044411682519E+01
    0.176896375159702173E-02    0.215242977142333984E+02    0.786458746249734730E+01    0.622151653585826203E+01    0.279403895139694214E+00    0.781139751760696388E+01    0.929077215208687690E+01   -0.203162205907165205E+01
    0.175908354672557545E-02    0.215179557800292969E+02    0.844464134758376872E+01    0.586310305104054841E+01    0.659764468669891357E+00    0.838663587709954506E+01    0.974173964696563743E+01   -0.183361893151317434E+01
    0.174424271152407578E-02    0.215173568725585938E+02    0.814843849918118579E+01    0.719858841286935736E+01    0.236356198787689209E+00    0.813978436266312322E+01    0.960131388617417514E+01   -0.177660796390796327E+01
    0.173217145099198574E-02    0.215137023925781250E+02    0.829623298861623937E+01    0.583615526918919070E+01    0.101016294956207275E+01    0.766167113669557498E+01    0.755047324366093520E+01   -0.175360501547136560E+01
    0.171732672353509612E-02    0.215133724212646484E+02    0.783967588588542963E+01    0.719966789875338797E+01    0.147855848073959351E+00    0.772855394209983348E+01    0.784653056537877802E+01   -0.217901021154608099E+01
    0.170294698586088695E-02    0.215126457214355469E+02    0.770292433824604306E+01    0.556177565320867373E+01    0.385708659887313843E+00    0.753020691528580155E+01    0.879014880840531809E+01   -0.152866763734304145E+01
    0.168829635846478730E-02    0.215123825073242188E+02    0.815733176599900212E+01    0.572488446576643994E+01    0.838207840919494629E+00    0.761219627189399439E+01    0.824092439691048995E+01   -0.167400705610147771E+01
    0.188940445136839223E-02    0.212872734069824219E+02    0.763244490968485856E+01    0.757303703292514641E+01    0.354275330901145935E-01    0.760466285005230791E+01    0.759962385959151465E+01   -0.109780588587517669E+01
    0.226686588470748768E-02    0.209230003356933594E+02    0.751073502190996667E+01    0.600241941623444841E+01    0.262217968702316284E+00    0.715572078179724613E+01    0.757974401070674375E+01   -0.911163430184184886E+00
    0.259233549638404658E-02    0.206546783447265625E+02    0.741640636123814545E+01    0.619729356660925568E+01    0.192835196852684021E+00    0.711720699428803982E+01    0.764348425228536232E+01   -0.958215681679590592E+00
    0.180410348301225936E-02    0.213796691894531250E+02    0.741032458567085328E+01    0.599480345370270395E+01    0.144863292574882507E+00    0.725571973539816018E+01    0.717732126914548729E+01   -0.926489468912638614E+00
    0.182832273998476992E-02    0.213529987335205078E+02    0.764458179215296152E+01    0.729971222949427645E+01    0.777401477098464966E-01    0.759359151953662703E+01    0.916350041930568615E+01   -0.194166015117983770E+01
    0.288384834931690141E-02    0.204415454864501953E+02    0.737159271623125800E+01    0.623540983827974404E+01    0.225976973772048950E+00    0.686840144989904822E+01    0.875794812593619909E+01   -0.139026754998253765E+01
    0.219876930710406759E-02    0.209840011596679688E+02    0.768861607731900509E+01    0.729412300372715094E+01    0.583580520469695330E-03    0.783614726930595040E+01    0.868027435267019776E+01   -0.178418017785840899E+01
    0.287466067248785557E-02    0.204479274749755859E+02    0.740671599508268219E+01    0.621888313035568352E+01    0.230020016431808472E+00    0.700278652868756879E+01    0.864426197053614942E+01   -0.119096086896153186E+01
    0.170480838795305741E-02    0.214928913116455078E+02    0.744458415007476937E+01    0.702261831447791085E+01    0.726005509495735168E-01    0.724134109765810940E+01    0.813600422961491532E+01   -0.200524684879844450E+01
    0.251125776919673476E-02    0.207182292938232422E+02    0.745522639375285490E+01    0.605384091339058639E+01    0.275385558605194092E+00    0.699703222341187203E+01    0.774282776628286129E+01   -0.135627286299190741E+01
    0.181422091798586534E-02    0.213684844970703125E+02    0.761691408189707619E+01    0.602939947750791827E+01    0.359263181686401367E+00    0.706658234859106038E+01    0.768459973698686039E+01   -0.120552279635287607E+01
    0.229234272643673211E-02    0.209006481170654297E+02    0.733449381746988482E+01    0.599910661531954492E+01    0.176689594984054565E+00    0.701825129665262182E+01    0.709143313295386069E+01   -0.134449619868961912E+01
    0.219920760493444575E-02    0.209836025238037109E+02    0.766053237374344143E+01    0.720121010448574328E+01    0.499490909278392792E-01    0.761209626097791858E+01    0.797070598800171215E+01   -0.203055464159014987E+01
    0.190778230123448030E-02    0.212679138183593750E+02    0.736267734027358500E+01    0.595389957771417500E+01    0.154116392135620117E+00    0.711555065280080967E+01    0.740661546541586979E+01   -0.185244647827354481E+01
    0.257111210975815739E-02    0.206711196899414062E+02    0.739122097626044727E+01    0.631310858800974728E+01    0.148770838975906372E+00    0.703551731568962069E+01    0.810417300848505917E+01   -0.181514362101827142E+01
    0.184748903670898905E-02    0.213321418762207031E+02    0.777754979660528001E+01    0.597856846524333818E+01    0.448163807392120361E+00    0.730980574241072212E+01    0.832909962530829517E+01   -0.138478774544114835E+01
    0.217016433681938058E-02    0.210101909637451172E+02    0.761001491232197935E+01    0.589664595674186209E+01    0.254526108503341675E+00    0.723399571670338570E+01    0.787731334582034393E+01   -0.199052930075107959E+01
    0.169574255235153764E-02    0.215035552978515625E+02    0.741705072702864054E+01    0.589859817495388583E+01    0.215272367000579834E+00    0.709775647575349034E+01    0.790867348661237202E+01   -0.899939792916243153E+00
    0.181677125796868353E-02    0.213656749725341797E+02    0.768417367091938974E+01    0.593571245112157797E+01    0.218255996704101562E+00    0.756597022058053703E+01    0.823115414937482726E+01   -0.209810538534488433E+01
    0.183156526610405790E-02    0.213494548797607422E+02    0.735117903797612904E+01    0.638313394814236101E+01    0.116755664348602295E+00    0.719397122021682645E+01    0.832688753059711217E+01   -0.144169162487416336E+01
    0.177569649073689296E-02    0.214114112854003906E+02    0.741365204793020371E+01    0.601112966132793680E+01    0.150004968047142029E+00    0.735912052462505173E+01    0.975960666448524350E+01   -0.128444902193086374E+01
    0.179706309482957106E-02    0.213874893188476562E+02    0.716930813082141682E+01    0.616681010365201399E+01    0.107713982462882996E+00    0.660598832752962739E+01    0.977908932840248823E+01   -0.144232100452132750E+01
    0.220484824879565782E-02    0.209784793853759766E+02    0.742350769330989380E+01    0.587693505054639687E+01    0.237926334142684937E+00    0.705976790848378677E+01    0.970510323868583846E+01   -0.149447048859840415E+01
    0.239439258078627711E-02    0.208135375976562500E+02    0.751622930564222003E+01    0.607927508219541934E+01    0.322043120861053467E+00    0.663402354409511830E+01    0.986735198183268913E+01   -0.135637537529878593E+01
    0.220091759155182157E-02    0.209820480346679688E+02    0.736377703085721969E+01    0.614417666139006879E+01    0.241339981555938721E+00    0.678827767867610632E+01    0.101944660702035961E+02   -0.153973127302161839E+01
    0.217677650923419393E-02    0.210041065216064453E+02    0.749555958489335605E+01    0.619094464397848565E+01    0.298692703247070312E+00    0.696388741015577484E+01    0.964612946348532319E+01   -0.150756866773531950E+01
    0.187676709855388846E-02    0.213006954193115234E+02    0.755324134618015641E+01    0.636535453995628320E+01    0.253157645463943481E+00    0.692958623561614928E+01    0.909748469640592639E+01   -0.214434373373976861E+01
    0.240510310750763475E-02    0.208046112060546875E+02    0.760266214553570752E+01    0.599092207429019030E+01    0.251052886247634888E+00    0.725465296505710278E+01    0.882677853618774932E+01   -0.198722771952690191E+01
    0.244485651536449416E-02    0.207718238830566406E+02    0.741531561716086518E+01    0.613572639528803343E+01    0.201243609189987183E+00    0.696678369558056509E+01    0.965829832485478690E+01   -0.213110653352425805E+01
    0.174424838762777135E-02    0.214471492767333984E+02    0.717721483048684483E+01    0.602267783507623733E+01    0.127347171306610107E+00    0.676339037562317102E+01    0.101894661403468128E+02   -0.121825574012289017E+01
    0.199693004603832729E-02    0.211765747070312500E+02    0.740466957418954586E+01    0.730066946385346149E+01    0.376878790557384491E-01    0.721489523118317244E+01    0.764517312461803922E+01   -0.190468201972184370E+01
    0.190056567756926274E-02    0.212754936218261719E+02    0.738244830143627606E+01    0.614548502378682926E+01    0.121256142854690552E+00    0.731917659549152066E+01    0.930118757360620663E+01   -0.139953754701345856E+01
    0.230683660938163851E-02    0.208880424499511719E+02    0.749367818135139618E+01    0.623902758809375069E+01    0.261500716209411621E+00    0.678272819415941175E+01    0.760137211548133518E+01   -0.195294728049298838E+01
    0.180400541562984154E-02    0.213797779083251953E+02    0.755986497007724445E+01    0.610186404756090628E+01    0.341407030820846558E+00    0.687421666705337486E+01    0.937339368472964196E+01   -0.763423762680658591E+00
    0.210766639435763055E-02    0.210686340332031250E+02    0.782059710532071595E+01    0.600956959016217329E+01    0.389460176229476929E+00    0.754278497554616045E+01    0.747519109880309962E+01   -0.130813903879046833E+01
    0.235773411223686325E-02    0.208443946838378906E+02    0.750593892856177813E+01    0.610899405007192087E+01    0.324347645044326782E+00    0.666670616860322429E+01    0.772619141491997752E+01   -0.128503767795184221E+01
    0.225534664000908618E-02    0.209331893920898438E+02    0.742529028826754622E+01    0.604132948738335873E+01    0.276720434427261353E+00    0.670489320519612164E+01    0.881153068842743892E+01   -0.698189122854498301E+00
    0.183823586819532132E-02    0.213421840667724609E+02    0.755636114846489182E+01    0.598512278471812742E+01    0.370673745870590210E+00    0.671252231741156091E+01    0.931493053826642559E+01   -0.130319532625094814E+01
    0.235765541568388939E-02    0.208444614410400391E+02    0.726979572254355055E+01    0.619927200275611234E+01    0.166731923818588257E+00    0.679592523005567273E+01    0.780161640450734328E+01   -0.653513964756738730E+00
    0.210656518717087680E-02    0.210696792602539062E+02    0.750654255657249880E+01    0.626134912128210086E+01    0.247225433588027954E+00    0.699660822442798569E+01    0.995206712731440390E+01   -0.193922183932519765E+01
    0.241547451247072203E-02    0.207960052490234375E+02    0.736487111526235694E+01    0.633150663610140896E+01    0.165965631604194641E+00    0.704969629577693624E+01    0.717307189829503411E+01   -0.961976230843268443E+00
    0.206008953283850918E-02    0.211142978668212891E+02    0.783570615226686762E+01    0.596401173334649304E+01    0.379516422748565674E+00    0.760715321914217224E+01    0.804246601152134311E+01   -0.163675332080285063E+01
    0.180360803923332704E-02    0.213802185058593750E+02    0.737151619690282889E+01    0.592077195610348728E+01    0.219388276338577271E+00    0.693417098435403467E+01    0.959475829817326975E+01   -0.136039863120490345E+01
    0.230572369268911611E-02    0.208890075683593750E+02    0.754287203172798382E+01    0.596805445234863985E+01    0.230928853154182434E+00    0.716183778992864095E+01    0.763470757738312766E+01   -0.212872826284542427E+01
    0.198272999297181363E-02    0.211908473968505859E+02    0.740049827919865510E+01    0.586926067907526594E+01    0.197159588336944580E+00    0.699010729737114200E+01    0.102266201573315492E+02   -0.201687223889965095E+01
    0.202135385226356054E-02    0.211522617340087891E+02    0.737357062799940266E+01    0.625292039276868827E+01    0.107372500002384186E+00    0.733105974986719211E+01    0.914168660489889717E+01   -0.971262933311920040E+00
    0.221987681871277072E-02    0.209648933410644531E+02    0.760459629275153137E+01    0.629718996823122534E+01    0.220482677221298218E+00    0.745346620258049963E+01    0.791994290441755311E+01   -0.962852465828325066E+00
    0.171392269162836557E-02    0.214822273254394531E+02    0.768652705352166432E+01    0.596392514409786756E+01    0.278814584016799927E+00    0.758088462839647281E+01    0.999894023961742029E+01   -0.742463564943624199E+00
    0.181476427456752753E-02    0.213678855895996094E+02    0.757142318025289018E+01    0.600322977870390595E+01    0.171002238988876343E+00    0.760430029655947326E+01    0.987660013379242585E+01   -0.978018662697374364E+00
    0.169755476846080756E-02    0.215014190673828125E+02    0.757102182755100106E+01    0.631215370342619586E+01    0.219391763210296631E+00    0.732137141940017777E+01    0.917734415940752690E+01   -0.954094053059676206E+00
    0.238683710460321210E-02    0.208198585510253906E+02    0.738511564036561907E+01    0.609723205994498496E+01    0.250694006681442261E+00    0.672070036408943761E+01    0.963840778058120407E+01   -0.717687337141487136E+00
    0.220949802492646091E-02    0.209742660522460938E+02    0.737295528529250266E+01    0.623531400821769743E+01    0.210252389311790466E+00    0.696177345918374790E+01    0.973878151543914150E+01   -0.393158534460539055E+00
    0.189190350344584156E-02    0.212846298217773438E+02    0.754951016304259248E+01    0.612157371308543574E+01    0.286961287260055542E+00    0.712146521784111730E+01    0.101158277588597780E+02   -0.427490738661171044E+00
    0.221247953285683314E-02    0.209715690612792969E+02    0.734636988419142778E+01    0.625037468815010921E+01    0.203291341662406921E+00    0.692129066639221158E+01    0.884501462458594290E+01   -0.750676395701609156E+00
    0.185348392604405801E-02    0.213256626129150391E+02    0.736954045446370287E+01    0.586139286166604556E+01    0.217958137392997742E+00    0.704113903087754522E+01    0.923165027570648888E+01   -0.994049986574008670E+00
    0.194046261930410518E-02    0.212339439392089844E+02    0.766543215596034777E+01    0.747797109490655743E+01    0.367325693368911743E-01    0.771761604924754518E+01    0.911350919127549375E+01   -0.288593125973873432E+00
    0.178573636159375364E-02    0.214001350402832031E+02    0.750645790458275464E+01    0.601709270094547488E+01    0.226996272802352905E+00    0.729933251664693827E+01    0.927697456784090058E+01   -0.249527632850769399E+00
    0.212291103817957008E-02    0.210542201995849609E+02    0.743173740400580929E+01    0.616907388608595131E+01    0.183645889163017273E+00    0.718197280954829242E+01    0.843814167606416632E+01   -0.572141753810289089E+00
    0.279774321189053040E-02    0.205021705627441406E+02    0.740977741834237147E+01    0.631909058736918272E+01    0.220480889081954956E+00    0.694977653200969137E+01    0.884659631550947800E+01   -0.124556986303768058E+01
    0.206884293089059984E-02    0.211058177947998047E+02    0.739637229093608894E+01    0.613173438080802224E+01    0.267308980226516724E+00    0.674111943261443258E+01    0.103526265871833854E+02   -0.284720252048308753E+00
    0.208016330957356155E-02    0.210949039459228516E+02    0.746449252345814696E+01    0.632551581786527617E+01    0.160385504364967346E+00    0.742434346605730600E+01    0.103854627381312934E+02   -0.131391226948736062E+01
    0.171767639434684946E-02    0.214778518676757812E+02    0.755112667623110934E+01    0.748564806661548587E+01    0.433440506458282471E-01    0.745617490420364337E+01    0.782231553620866027E+01   -0.351173761176439392E+00
    0.196227669564755930E-02    0.212115859985351562E+02    0.747792138742111323E+01    0.627335829256574051E+01    0.296561628580093384E+00    0.679855325946523870E+01    0.741970592007253416E+01   -0.490298400451817828E+00
    0.177633672498839386E-02    0.214106903076171875E+02    0.810787320164433645E+01    0.576946891873946122E+01    0.214486733078956604E+00    0.820074901885267593E+01    0.910603861474818110E+01    0.210827371694846555E+00
    0.175360197672703609E-02    0.214364528656005859E+02    0.741711974912720429E+01    0.611584174429284655E+01    0.291115134954452515E+00    0.666129193902255690E+01    0.796200522003730882E+01   -0.105841473514162399E+00
    0.173512670239997892E-02    0.214576358795166016E+02    0.742117241818552742E+01    0.640068132343030527E+01    0.251154333353042603E+00    0.684469132156185811E+01    0.877627328609957758E+01   -0.431430230700600825E+00
    0.215862588846144629E-02    0.210208530426025391E+02    0.736756423597177701E+01    0.609423376819161966E+01    0.245556607842445374E+00    0.668157027079503862E+01    0.864743798545734954E+01   -0.607913524286320950E-01
    0.170411429903283220E-02    0.214937057495117188E+02    0.814937095081121754E+01    0.607363153437586334E+01    0.152352839708328247E+00    0.823050566244597448E+01    0.851954003926531556E+01    0.197492674625500797E+00
    0.181636760513301872E-02    0.213661193847656250E+02    0.782888876740416606E+01    0.606008631093858252E+01    0.238907247781753540E+00    0.778721225906179004E+01    0.891060121425752349E+01    0.807865497740527516E-01
    0.170863337764940522E-02    0.214884090423583984E+02    0.813871806373907702E+01    0.595140962071077517E+01    0.721239089965820312E+00    0.741959032089449888E+01    0.727496745975505110E+01   -0.215138177542573139E+01
    0.170076324723190757E-02    0.214976425170898438E+02    0.801036418551286289E+01    0.612485716929894242E+01    0.433016479015350342E+00    0.770717190109473194E+01    0.781871207369786880E+01   -0.213673865661044537E+01
    0.175761354514455482E-02    0.214318828582763672E+02    0.798880419550209098E+01    0.558446797892829849E+01    0.633008480072021484E+00    0.749799440086711044E+01    0.745804721422121197E+01   -0.185563727252806854E+01
    0.172131355410524360E-02    0.214736213684082031E+02    0.801438625494485635E+01    0.558744065899519882E+01    0.655934333801269531E+00    0.750284426946829974E+01    0.819700195826715294E+01   -0.192482085298110306E+01
    0.169426831981116114E-02    0.215052947998046875E+02    0.869158640589691700E+01    0.571221784694272827E+01    0.993033051490783691E+00    0.784967953049473000E+01    0.700241741503651571E+01   -0.728830744186108159E+00
    0.201200300601550716E-02    0.211615352630615234E+02    0.788891113173175551E+01    0.576884804729808920E+01    0.452547669410705566E+00    0.753122411274207604E+01    0.836018001103768960E+01   -0.207554658158396066E+01
    0.204931417692259896E-02    0.211247863769531250E+02    0.784044548983090728E+01    0.591008173904177436E+01    0.406945049762725830E+00    0.761299599029931162E+01    0.821648383318161812E+01   -0.178084284160024331E+01
    0.180145581592741568E-02    0.213826065063476562E+02    0.826511602660244904E+01    0.599268611441855281E+01    0.635364055633544922E+00    0.810047154690234983E+01    0.956955799274614272E+01   -0.159825159192445776E+01
    0.170591431225175288E-02    0.214915943145751953E+02    0.847645153360559434E+01    0.607125480924873884E+01    0.568029522895812988E+00    0.842179179060377692E+01    0.880508733503447161E+01   -0.133262241255753677E+01
    0.179928556953607224E-02    0.213850173950195312E+02    0.833090480229226316E+01    0.585295682233186554E+01    0.387458354234695435E+00    0.834105310894554641E+01    0.886694535955069796E+01   -0.876197379786870956E+00
    0.178902619933313462E-02    0.213964538574218750E+02    0.804317205246021061E+01    0.568577658043967560E+01    0.593490183353424072E+00    0.779573139643379953E+01    0.963042167234032398E+01   -0.159275407373169275E+01
    0.189311996545250697E-02    0.212833442687988281E+02    0.803276334156883642E+01    0.586106083831139912E+01    0.522003293037414551E+00    0.778373842031941976E+01    0.984857168648068715E+01   -0.202631080415501952E+01
    0.172387960116020429E-02    0.214706420898437500E+02    0.804048822884711356E+01    0.617486570201887552E+01    0.596134722232818604E+00    0.767543495865368630E+01    0.961100600938622662E+01   -0.146988256944201723E+01
    0.180571805953371020E-02    0.213778800964355469E+02    0.787296721568566227E+01    0.629983970224398959E+01    0.449607402086257935E+00    0.747691481627312093E+01    0.945242634820808902E+01   -0.144388756861533185E+01
    0.203814418753977796E-02    0.211357173919677734E+02    0.789177875071912105E+01    0.588436634286331195E+01    0.409480422735214233E+00    0.778141132393700996E+01    0.946630814734907311E+01   -0.140540704358042379E+01
    0.200979760066858975E-02    0.211637287139892578E+02    0.790719244626514595E+01    0.604665642092339528E+01    0.400656640529632568E+00    0.771658904575966531E+01    0.103592201994499185E+02   -0.171587884345382413E+01
    0.203522486045670239E-02    0.211385841369628906E+02    0.793693177361878188E+01    0.598249886719284074E+01    0.429970443248748779E+00    0.776581852828672492E+01    0.100979587626105776E+02   -0.177425924598164375E+01
    0.191400021507190290E-02    0.212614059448242188E+02    0.786510491729686834E+01    0.608424241785035580E+01    0.306056529283523560E+00    0.775631011361653488E+01    0.102214936408609027E+02   -0.215013240690457819E+01
    0.171300106794357700E-02    0.214833030700683594E+02    0.795298308196754089E+01    0.615944774939782036E+01    0.323298633098602295E+00    0.796672034330441647E+01    0.892026296291212262E+01   -0.161525580278005765E+01
    0.171352391415871205E-02    0.214826927185058594E+02    0.794483870116254742E+01    0.739534473802640768E+01    0.117369316518306732E+00    0.799857684086593501E+01    0.929583195914174887E+01   -0.161507638836699585E+01
    0.189634176751640065E-02    0.212799434661865234E+02    0.773613693209097164E+01    0.620658839355442460E+01    0.199180498719215393E+00    0.773614949364841831E+01    0.985910691367984882E+01   -0.176879261508699104E+01
    0.179277340767605123E-02    0.213922691345214844E+02    0.764526852058457962E+01    0.709522950304918076E+01    0.314401872456073761E-01    0.775857130837610320E+01    0.104315123980903603E+02   -0.184853921602936366E+01
    0.223161922890420224E-02    0.209543418884277344E+02    0.773187285670485558E+01    0.609650730563834475E+01    0.289971590042114258E+00    0.747973480644322830E+01    0.901587097178314423E+01   -0.217948711559417285E+01
    0.174952614971422794E-02    0.214411067962646484E+02    0.787351358341520147E+01    0.696099932163713309E+01    0.846538543701171875E-01    0.794021912466811663E+01    0.867752480892080769E+01   -0.202590774446832889E+01
    0.196020804839418554E-02    0.212136955261230469E+02    0.805782117565116707E+01    0.738400297415792739E+01    0.846343934535980225E-01    0.816654475116113687E+01    0.925420568678321054E+01   -0.197384160539699804E+01
    0.178945449382475670E-02    0.213959751129150391E+02    0.771459928216906299E+01    0.558762871246470727E+01    0.370183050632476807E+00    0.753295237229472647E+01    0.969452671886772421E+01   -0.165412478778429284E+01
    0.173723612971088274E-02    0.214552059173583984E+02    0.806493380043749752E+01    0.602238221803050777E+01    0.351201146841049194E+00    0.808153418615247254E+01    0.100564222158209429E+02   -0.163339235865790222E+01
    0.191863303164808790E-02    0.212565708160400391E+02    0.791557215376329371E+01    0.617433772571345507E+01    0.350151956081390381E+00    0.777930069509781941E+01    0.889908005547253111E+01   -0.184685086670201004E+01
    0.191529664025396219E-02    0.212600517272949219E+02    0.792512908393846871E+01    0.629072877387508367E+01    0.307530373334884644E+00    0.785980114471812374E+01    0.911871688813427284E+01   -0.974578150509635144E+00
    0.171703110266656052E-02    0.214786033630371094E+02    0.762382199213679357E+01    0.576685125121433551E+01    0.311091512441635132E+00    0.740609167897029685E+01    0.102587750988121389E+02   -0.102421475944710028E+01
    0.173999682213965209E-02    0.214520301818847656E+02    0.834150391364102184E+01    0.605312250122507134E+01    0.422677278518676758E+00    0.837270812980939105E+01    0.961588112565370778E+01   -0.110646162613008325E+01
    0.173609499875737507E-02    0.214565200805664062E+02    0.824491189879742414E+01    0.591935251287328601E+01    0.442606806755065918E+00    0.829165696986112977E+01    0.982304948184457238E+01   -0.111997374321777987E+01
    0.173841116797237888E-02    0.214538536071777344E+02    0.823984636444655294E+01    0.621422909479784380E+01    0.348554521799087524E+00    0.824770328554450849E+01    0.972308266482556682E+01   -0.845850531517991389E+00
    0.171527006878041135E-02    0.214806556701660156E+02    0.800906838409639121E+01    0.626453800249823711E+01    0.176046490669250488E+00    0.814586634527041475E+01    0.104279024890836887E+02   -0.784682504341797760E+00
    0.211427767145115197E-02    0.210623703002929688E+02    0.772815057800654426E+01    0.579452859301955314E+01    0.372127890586853027E+00    0.741567032048998520E+01    0.101051378784706287E+02   -0.171452339590265335E+01
    0.176544534440738372E-02    0.214229907989501953E+02    0.815991090234918204E+01    0.574209156194734138E+01    0.706492722034454346E+00    0.780439853509374970E+01    0.850617679250713898E+01   -0.202421899861465349E+01
    0.195518953617195923E-02    0.212188224792480469E+02    0.792261557728056331E+01    0.622359959231373505E+01    0.415565878152847290E+00    0.768730303829583583E+01    0.104833555741117710E+02   -0.162502369794316648E+01
    0.206901458921772332E-02    0.211056518554687500E+02    0.771381825905074514E+01    0.723277664965764622E+01    0.375944860279560089E-01    0.780246925327822094E+01    0.884348985093108197E+01   -0.183180696207964799E+01
    0.171204728481945965E-02    0.214844169616699219E+02    0.845419712672590684E+01    0.582430582691568333E+01    0.102743899822235107E+01    0.810104749518435518E+01    0.938289090714106067E+01   -0.171190012607753439E+01
    0.204186982338271268E-02    0.211320648193359375E+02    0.783963368253329485E+01    0.593730006728304716E+01    0.379457533359527588E+00    0.771575253552619778E+01    0.936842636518936267E+01   -0.122765977872022214E+01
    0.174806684028474364E-02    0.214427757263183594E+02    0.787191553672226796E+01    0.583336416423061799E+01    0.463398396968841553E+00    0.762537775942491969E+01    0.877368012989696666E+01   -0.992838536997873389E+00
    0.217607495599317531E-02    0.210047512054443359E+02    0.770710103723294271E+01    0.632396381365245119E+01    0.223852485418319702E+00    0.751660234729940502E+01    0.103548907230007874E+02   -0.202586564220814802E+01
    0.184690417755863155E-02    0.213327751159667969E+02    0.780845373082934291E+01    0.608276528492939761E+01    0.339038968086242676E+00    0.775393290734626106E+01    0.101175472950621774E+02   -0.128062589995597409E+01
    0.176623178868700356E-02    0.214221000671386719E+02    0.795414331938409092E+01    0.603542744925853381E+01    0.308804482221603394E+00    0.796526441241192540E+01    0.940893081607133297E+01   -0.143154620574638591E+01
    0.172187834769368942E-02    0.214729652404785156E+02    0.889291134579117326E+01    0.592301081025925846E+01    0.833469510078430176E+00    0.883702416938888824E+01    0.100768863398796995E+02   -0.159685220085866986E+01
