 F
        5009       46822           3         150
   -0.528855314517101078E+02   -0.286686879593745019E+02
 T
   2
    0.200000000000000000E+01    0.300000000000000000E+01    0.906666666666666621E+00    0.933333333333333376E-01
   0
   0
 T T     0           0
    0.000000000000000000E+00   -0.340282346638528860E+39    0.000000000000000000E+00
 T F     1         136
    0.460376486620396701E-14   -0.188338572833329295E+03   -0.161170663028834497E+03
 T F     1          14
    0.144584642469548449E-12   -0.528855314517101078E+02   -0.286686879593745019E+02
