 F
        3250       50436           3         150
   -0.324858328664502878E+02   -0.163362806094016797E+02
 T
   2
    0.200000000000000000E+01    0.300000000000000000E+01    0.880000000000000004E+00    0.119999999999999996E+00
   0
   0
 T T     0           0
    0.000000000000000000E+00   -0.340282346638528860E+39    0.000000000000000000E+00
 F F     1         132
    0.967781100867691453E-09   -0.324858563347203528E+02   -0.163360629289946537E+02
 T F     1          18
    0.107016154740691020E-09   -0.431457058615137683E+02   -0.256116917580880532E+02
