 F
        1645       10590           3         150
   -0.187409416393150998E+02   -0.128344221988035621E+02
 T
   2
    0.200000000000000000E+01    0.300000000000000000E+01    0.200000000000000011E+00    0.800000000000000044E+00
   0
   0
 T T     0           0
    0.000000000000000000E+00   -0.340282346638528860E+39    0.000000000000000000E+00
 T F     1          30
    0.501653427692518231E-05   -0.204237637487773007E+02   -0.128730428801598791E+02
 T F     1         120
    0.446580094099295667E-04   -0.189465507584372261E+02   -0.128256061399421508E+02
