 F
        1294        6135           3         150
   -0.164583443556057496E+02   -0.126233002422211875E+02
 T
   2
    0.200000000000000000E+01    0.300000000000000000E+01    0.780000000000000027E+00    0.220000000000000001E+00
   0
   0
 T T     0           0
    0.000000000000000000E+00   -0.340282346638528860E+39    0.000000000000000000E+00
 T F     1         117
    0.389618812296825122E-03   -0.167134158747196011E+02   -0.126343611760347692E+02
 T F     1          33
    0.104317948381349443E-03   -0.179493819944767772E+02   -0.125852318040677282E+02
