 F
        3722       33807           3         150
   -0.408947824497524479E+02   -0.222417427871368290E+02
 T
   2
    0.200000000000000000E+01    0.300000000000000000E+01    0.226666666666666655E+00    0.739999999999999991E+00
   0
   0
 T T     0           5
    0.415189532981158388E-06   -0.792544523224404145E+02   -0.629885129806670747E+02
 T F     1          34
    0.983671720248868543E-10   -0.521931108544166875E+02   -0.349245315482025802E+02
 T F     1         111
    0.977497876073815872E-11   -0.408947948434534183E+02   -0.222415855994744511E+02
