 F
        2374       26440           3         150
   -0.250096083358390473E+02   -0.154544580576041408E+02
 T
   2
    0.200000000000000000E+01    0.300000000000000000E+01    0.153333333333333321E+00    0.846666666666666679E+00
   0
   0
 T T     0           0
    0.000000000000000000E+00   -0.340282346638528860E+39    0.000000000000000000E+00
 T F     1          23
    0.883122104699748124E-07   -0.268613079818882454E+02   -0.154072506258983388E+02
 T F     1         127
    0.287924097312109604E-06   -0.251803612431754900E+02   -0.154632479686605855E+02
