 F
        2903       41411           3         150
   -0.363617137326346480E+02   -0.225549561964980150E+02
 T
   2
    0.200000000000000000E+01    0.300000000000000000E+01    0.933333333333333376E-01    0.906666666666666621E+00
   0
   0
 T T     0           0
    0.000000000000000000E+00   -0.340282346638528860E+39    0.000000000000000000E+00
 T F     1          14
    0.134800616914297988E-07   -0.492291677373364109E+02   -0.357629545216810030E+02
 T F     1         136
    0.752865796731109369E-08   -0.363617163133272996E+02   -0.225549221106688265E+02
