 F
        3150       48214           3         150
   -0.321249204957920966E+02   -0.167151888709460295E+02
 T
   2
    0.200000000000000000E+01    0.300000000000000000E+01    0.780000000000000027E+00    0.220000000000000001E+00
   0
   0
 T T     0           0
    0.000000000000000000E+00   -0.340282346638528860E+39    0.000000000000000000E+00
 F F     1         117
    0.191688584505583137E-08   -0.323764119985784760E+02   -0.167059949173536317E+02
 T F     1          33
    0.258233207134420203E-09   -0.336283783786062642E+02   -0.167473420854345427E+02
