 F
        2308       45645           3         150
   -0.252578895971581048E+02   -0.157200875780526932E+02
 T
   2
    0.200000000000000000E+01    0.300000000000000000E+01    0.746666666666666701E+00    0.253333333333333355E+00
   0
   0
 T T     0           0
    0.000000000000000000E+00   -0.340282346638528860E+39    0.000000000000000000E+00
 T F     1         112
    0.475602202166771249E-06   -0.255197068587154341E+02   -0.156872165893538984E+02
 T F     1          38
    0.105863076411264550E-06   -0.267260521729879272E+02   -0.158299178048269180E+02
