

    0.952483945275038255E-02    0.221394081115722656E+02    0.765362899406199215E+01    0.845504930713541647E+01    0.177730679512023926E+00    0.675867623884984425E+01    0.100551068123615490E+02   -0.134633157727669506E+01
    0.946172427813284436E-02    0.221280136108398438E+02    0.772325212038156472E+01    0.794589237289422279E+01    0.202223539352416992E+00    0.664794538682336533E+01    0.937022007982985983E+01   -0.141454858262522754E+01
    0.942953508328401614E-02    0.221101379394531250E+02    0.827109419853518979E+01    0.712936987116475862E+01    0.565953016281127930E+00    0.749039271610359414E+01    0.103447408808595736E+02   -0.129411498465517028E+00
    0.936885609465208311E-02    0.220983581542968750E+02    0.795849724347651666E+01    0.753073519332923524E+01    0.381045967340469360E+00    0.699065609262196208E+01    0.898697499687122736E+01   -0.118216736898849595E+01
    0.932914132372670603E-02    0.220821628570556641E+02    0.881969228445943543E+01    0.721037346052851547E+01    0.987434744834899902E+00    0.828216158933636493E+01    0.959787682245676166E+01   -0.195880575182145344E+01
    0.924685904367415247E-02    0.220751895904541016E+02    0.795312001257574686E+01    0.675602442805765335E+01    0.384128034114837646E+00    0.657806008674368226E+01    0.101759492038138095E+02   -0.195474085333981407E+01
    0.916336225372883090E-02    0.220686397552490234E+02    0.791470072363653809E+01    0.634919551709028518E+01    0.456083655357360840E+00    0.654469972888282392E+01    0.945917635542769375E+01   -0.115360697686419411E+01
    0.912078625855034138E-02    0.220532627105712891E+02    0.825610123595167700E+01    0.761355544979469467E+01    0.164831921458244324E+00    0.806803828755054830E+01    0.953882406563592333E+01   -0.212878336759017062E+01
    0.909371939414779611E-02    0.220345153808593750E+02    0.874818861031762651E+01    0.742348324031222440E+01    0.810161590576171875E+00    0.797302456272946358E+01    0.888450473242105510E+01   -0.907201045357165725E+00
    0.901273991380721444E-02    0.220277137756347656E+02    0.908395625167926113E+01    0.741041981338132683E+01    0.812804996967315674E+00    0.851403458329747487E+01    0.822801418589175348E+01   -0.173963099203439797E+01
    0.891654881568205299E-02    0.220244827270507812E+02    0.798671245566573873E+01    0.782955688837195218E+01    0.285834282636642456E+00    0.648727387416929080E+01    0.825405410960172858E+01   -0.204826574425782271E+01
    0.883253825497785049E-02    0.220187244415283203E+02    0.863369777198018973E+01    0.711533647933878832E+01    0.611866176128387451E+00    0.807884154915114117E+01    0.962229840394563496E+01    0.101880896015698941E+00
    0.878082435780349647E-02    0.220057773590087891E+02    0.883854828039083884E+01    0.736274649599072628E+01    0.237822368741035461E+00    0.870279106816458814E+01    0.867330125836664223E+01   -0.146731781318453347E+01
    0.870012512382892580E-02    0.219995517730712891E+02    0.792255348246448410E+01    0.614325940131315207E+01    0.473150730133056641E+00    0.628710375628092422E+01    0.100449375406604755E+02   -0.124693476670417880E+01
    0.861152356874582414E-02    0.219953327178955078E+02    0.887110450791853467E+01    0.770182107725283949E+01    0.180844590067863464E+00    0.823553460340749055E+01    0.768101692017266213E+01   -0.656581738615934274E+00
    0.850679494738053495E-02    0.219951133728027344E+02    0.802104829221765492E+01    0.721878560407908410E+01    0.356086850166320801E+00    0.725044659845348782E+01    0.840620805901038182E+01   -0.175075144140487549E+01
    0.842883118452887256E-02    0.219888362884521484E+02    0.819730557370947821E+01    0.709266058409056921E+01    0.503030538558959961E+00    0.725885263524035906E+01    0.885573274908252905E+01   -0.215517847995980549E+01
    0.836357741390254469E-02    0.219796886444091797E+02    0.795788524907686234E+01    0.752438566620906268E+01    0.301908612251281738E+00    0.729841175610843429E+01    0.726309184695759580E+01   -0.115280080120469641E+00
    0.834192332348195585E-02    0.219601821899414062E+02    0.906362455908821829E+01    0.719655301355964205E+01    0.124164164066314697E+01    0.842323066732460646E+01    0.102311689879655106E+02   -0.127254877144879552E+01
    0.827603208858830944E-02    0.219513511657714844E+02    0.843775650529097732E+01    0.775060333990980865E+01    0.170674711465835571E+00    0.831729750926538713E+01    0.987117610648001786E+01   -0.182416238517350071E+01
    0.830593291480091409E-02    0.219194469451904297E+02    0.855131004688939456E+01    0.783256034300556259E+01    0.496938019990921021E+00    0.812523190853627142E+01    0.885844867826913962E+01   -0.188921211158766722E+01
    0.823237690739857426E-02    0.219125461578369141E+02    0.772065381633883696E+01    0.804233389277994704E+01    0.231022939085960388E+00    0.686659390625765642E+01    0.850504812092280815E+01   -0.787779561431928732E+00
    0.814326403579972158E-02    0.219096221923828125E+02    0.797253530460689319E+01    0.800289954825078809E+01    0.337776839733123779E+00    0.683593836547428868E+01    0.753023133715170445E+01   -0.114236421435242197E+01
    0.805579950599267548E-02    0.219065284729003906E+02    0.796296543683305025E+01    0.770886687621650069E+01    0.372564762830734253E+00    0.668368571673597778E+01    0.766003993835155672E+01   -0.295469509645860162E+00
    0.796715426464043343E-02    0.219039669036865234E+02    0.898970234754616015E+01    0.706471476789811259E+01    0.637212634086608887E+00    0.844716931698039630E+01    0.998487195836977648E+01    0.193178988852474642E+00
    0.789605622876464637E-02    0.218972034454345703E+02    0.899885454502804549E+01    0.734132946615245707E+01    0.121579504013061523E+01    0.806013980125993967E+01    0.916318633055442611E+01   -0.365681124036860483E+00
    0.782942962082755663E-02    0.218894596099853516E+02    0.851953279499039340E+01    0.732489861592860958E+01    0.661490678787231445E+00    0.802310364521315833E+01    0.884511091247710013E+01   -0.156544907689018875E+01
    0.773930345610886715E-02    0.218879241943359375E+02    0.874797131740375455E+01    0.791492147158847281E+01    0.463441461324691772E-01    0.836008452851955219E+01    0.794479269707282665E+01   -0.630511056578231477E+00
    0.764534270083952385E-02    0.218876628875732422E+02    0.886579929380759957E+01    0.719069315101908835E+01    0.145013022422790527E+01    0.793026703061953242E+01    0.932401720353104757E+01   -0.177801037791146443E+01
    0.757877866268102073E-02    0.218804607391357422E+02    0.802651840643345693E+01    0.635721715322624359E+01    0.486928224563598633E+00    0.644540904484171495E+01    0.994968821524477320E+01   -0.195597260601563905E+01
    0.750723636704115314E-02    0.218747386932373047E+02    0.827369954635821614E+01    0.732614870450537481E+01    0.538776576519012451E+00    0.748546720939178023E+01    0.964659183342283200E+01   -0.289051621435508999E+00
    0.744145603059978653E-02    0.218676490783691406E+02    0.898855985305287142E+01    0.755598061967542556E+01    0.832718431949615479E+00    0.829038127706215278E+01    0.990428816963852299E+01   -0.528462876686386807E+00
    0.739377479950470949E-02    0.218558139801025391E+02    0.859924380537507815E+01    0.734503820293144027E+01    0.160510063171386719E+00    0.847326482982842855E+01    0.946299916372404226E+01    0.296617122584068582E-01
    0.731910521504922345E-02    0.218514232635498047E+02    0.832064407947376417E+01    0.770864097608216881E+01    0.354871511459350586E+00    0.798603177658248509E+01    0.854922617433490473E+01   -0.171410194356990919E+01
    0.725462047777496871E-02    0.218444309234619141E+02    0.856194805665481162E+01    0.725434432634326054E+01    0.424912571907043457E+00    0.813228802416215757E+01    0.838978046924811771E+01   -0.864292828285678105E+00
    0.718196576798453383E-02    0.218398704528808594E+02    0.909290557978290792E+01    0.743693933426084719E+01    0.923689723014831543E+00    0.829156923476113761E+01    0.838152630163990864E+01   -0.459334500999727391E+00
    0.711970091295952966E-02    0.218325939178466797E+02    0.861259561219161185E+01    0.748878952625298844E+01    0.808365881443023682E+00    0.769449748617292428E+01    0.938163056796623707E+01   -0.214210067730434961E+01
    0.705072356947974554E-02    0.218273735046386719E+02    0.874532698557670152E+01    0.741821958422950711E+01    0.100338459014892578E+01    0.806971728477331673E+01    0.982045483273596531E+01   -0.159837699536075917E+01
    0.698136911800121239E-02    0.218224525451660156E+02    0.887779784221031498E+01    0.731172498187164877E+01    0.115250849723815918E+01    0.819921808887790249E+01    0.920969404024865312E+01   -0.165639284615549487E+01
    0.691140486998151424E-02    0.218179054260253906E+02    0.795521522310385176E+01    0.812660653882500483E+01    0.300406187772750854E+00    0.718137346753860228E+01    0.104901442162794787E+02   -0.131822814777231523E+01
    0.683117522707308699E-02    0.218165664672851562E+02    0.785794299752889458E+01    0.801843412194469174E+01    0.287401795387268066E+00    0.697306900153498077E+01    0.977018194903708093E+01   -0.989065478409390408E+00
    0.677215825656901898E-02    0.218092288970947266E+02    0.830842071313461616E+01    0.751136824374025647E+01    0.227738201618194580E+00    0.819882956338678071E+01    0.921648103670034580E+01   -0.137128963299620521E+01
    0.671669950172210962E-02    0.218009834289550781E+02    0.804416429302582259E+01    0.633917556510867186E+01    0.529762506484985352E+00    0.691222218387443643E+01    0.833050552585628168E+01   -0.184534783922958834E+01
    0.668441408622777282E-02    0.217859287261962891E+02    0.857102629464869281E+01    0.761080640601803715E+01    0.328601211309432983E+00    0.831296981234532062E+01    0.900668402658381595E+01   -0.188276052270951211E+01
    0.663327872151741205E-02    0.217765960693359375E+02    0.818353935374477892E+01    0.734479334839549747E+01    0.383519172668457031E+00    0.754046425965927369E+01    0.856067480912463807E+01   -0.145531057750579951E+00
    0.656729138449851403E-02    0.217719001770019531E+02    0.810943299849069987E+01    0.635018310147157994E+01    0.541042745113372803E+00    0.710120814160676872E+01    0.832899692969287742E+01   -0.184874152934928482E+01
    0.649336572591090785E-02    0.217698497772216797E+02    0.832201809443985496E+01    0.731247694481328914E+01    0.407612532377243042E+00    0.790364343820473181E+01    0.803915932483216977E+01   -0.122396198126082734E+01
    0.645622793201139616E-02    0.217566299438476562E+02    0.764174007463987337E+01    0.783659615134042298E+01    0.167611852288246155E+00    0.679564485981040711E+01    0.862130138716782746E+01    0.180150598280597762E+00
    0.640168948633045541E-02    0.217489051818847656E+02    0.769962820501007972E+01    0.792789727482968143E+01    0.113997355103492737E+00    0.612071791868640425E+01    0.797037228336996506E+01   -0.189709376178974898E+01
    0.633075685742611263E-02    0.217464981079101562E+02    0.899295031987607452E+01    0.734849296871853497E+01    0.113022041320800781E+01    0.841659866457651518E+01    0.102851250102826306E+02   -0.178311178033458351E+01
    0.628009259400893593E-02    0.217378768920898438E+02    0.779306718903950468E+01    0.784476912620027722E+01    0.256566464900970459E+00    0.678484094630223655E+01    0.898546072269793505E+01   -0.242612516248571719E+00
    0.624754597084310748E-02    0.217235774993896484E+02    0.769340546737088360E+01    0.773741053940790113E+01    0.135555848479270935E+00    0.683067181301652138E+01    0.945447946351669977E+01   -0.199727708224202649E+01
    0.617691324512406343E-02    0.217216262817382812E+02    0.775548733695727410E+01    0.815016303072697212E+01    0.243403837084770203E+00    0.673565720887220554E+01    0.925776622666445270E+01   -0.953007571003608778E+00
    0.612026755011979475E-02    0.217153606414794922E+02    0.932817720612147916E+01    0.715417544549409889E+01    0.202625536918640137E+01    0.829026034407971224E+01    0.896613101876358698E+01   -0.196855458309617548E+01
    0.606238348453627500E-02    0.217096748352050781E+02    0.782806567921236596E+01    0.740344073311427486E+01    0.290296018123626709E+00    0.633492450704970089E+01    0.770478355432883966E+01    0.466434903434054249E-01
    0.600016957087162218E-02    0.217056140899658203E+02    0.846568486129647368E+01    0.737562467042963643E+01    0.615764856338500977E+00    0.775729166890285793E+01    0.938443451414047303E+01   -0.209930582692405165E+00
    0.596216120528753578E-02    0.216936321258544922E+02    0.928312255978203282E+01    0.714272916714198036E+01    0.202489805221557617E+01    0.817747240767644357E+01    0.833256660534872751E+01   -0.142172304818839157E+01
    0.589955781423681311E-02    0.216900520324707031E+02    0.882692475281844047E+01    0.765297214743559451E+01    0.124998104572296143E+01    0.785933326456726178E+01    0.833760044226429464E+01   -0.198018420523491634E+01
    0.584156023177354392E-02    0.216851196289062500E+02    0.806478794515932584E+01    0.777376217163970296E+01    0.156831994652748108E+00    0.776399067856910019E+01    0.102986011918979976E+02   -0.718985689914685144E+00
    0.580635041459246458E-02    0.216725196838378906E+02    0.862154578432063090E+01    0.743791848952579482E+01    0.106089636683464050E+00    0.837956754064904352E+01    0.816301302448337651E+01    0.336388163894607573E-01
    0.581079096103985070E-02    0.216462993621826172E+02    0.810969884817153641E+01    0.786810161646797646E+01    0.302699804306030273E+00    0.750957673124155267E+01    0.992956171743644767E+01    0.810597075408932000E-01
    0.575196527403583173E-02    0.216419582366943359E+02    0.844303606211814639E+01    0.794472836194342236E+01    0.176444962620735168E+00    0.832287087798827407E+01    0.985915395650554238E+01   -0.157404675664539173E+01
    0.570931868837342999E-02    0.216321506500244141E+02    0.783898013857337350E+01    0.735065981764576737E+01    0.249448880553245544E+00    0.607034213400830680E+01    0.905848866912403672E+01   -0.210272891200644585E+01
    0.564105774891671911E-02    0.216315155029296875E+02    0.811172004099864807E+01    0.745800051108890827E+01    0.313308119773864746E+00    0.767670989209683619E+01    0.907052981209362663E+01   -0.150173484376104804E+01
    0.559042964486782239E-02    0.216248550415039062E+02    0.779820634477391472E+01    0.802209299433418366E+01    0.261123239994049072E+00    0.645499933473572263E+01    0.877373427726175059E+01   -0.170370816415220894E+00
    0.552473336009063481E-02    0.216238059997558594E+02    0.832704299900432510E+01    0.799634881126820929E+01    0.608103200793266296E-01    0.835109521884463568E+01    0.101599220524554994E+02   -0.104660975961649294E+01
    0.545906978246787217E-02    0.216230278015136719E+02    0.826288052623086955E+01    0.780225731436002778E+01    0.222132638096809387E+00    0.806366998105256449E+01    0.103459522287022008E+02   -0.190096242318547248E+01
    0.539283386115960942E-02    0.216227512359619141E+02    0.809588382542394491E+01    0.797646504905726772E+01    0.142727866768836975E+00    0.790600662492686190E+01    0.103177367296323865E+02   -0.175010245558257282E+01
    0.533928311835532056E-02    0.216180191040039062E+02    0.869709524123138422E+01    0.772913525655198796E+01    0.785323977470397949E+00    0.797719596611247539E+01    0.817762530646448482E+01   -0.146058654902584939E+01
    0.527391209580237771E-02    0.216179656982421875E+02    0.768833359715180276E+01    0.801321503191722506E+01    0.179266244173049927E+00    0.700197174049126669E+01    0.798721091319639154E+01    0.209129053934250742E+00
    0.523353703964506058E-02    0.216086444854736328E+02    0.904933837851029388E+01    0.751168009538146997E+01    0.129817366600036621E+01    0.821467989312457192E+01    0.994878503440768469E+01   -0.114330081038317588E+01
    0.518088622534884722E-02    0.216041755676269531E+02    0.860681220425947124E+01    0.742900291590051509E+01    0.760989606380462646E+00    0.774012240380069283E+01    0.997472500665783279E+01   -0.430937509842228117E+00
    0.512422809339542051E-02    0.216014766693115234E+02    0.832368684476356613E+01    0.757719825573450745E+01    0.124448962509632111E+00    0.815725233647875392E+01    0.856020101579046155E+01   -0.308906636482811692E+00
    0.506604882939115479E-02    0.215996227264404297E+02    0.860500598119646831E+01    0.732666057758241784E+01    0.528735995292663574E+00    0.825370251472415717E+01    0.100054209305749851E+02   -0.137188033856126301E+01
    0.501160713389144519E-02    0.215965404510498047E+02    0.896040009304216056E+01    0.705698633200649361E+01    0.661498069763183594E+00    0.846540053631274425E+01    0.980714684260103908E+01    0.818212020186561695E-01
    0.496196499863862679E-02    0.215917587280273438E+02    0.852244133305441309E+01    0.742671936063550664E+01    0.536755502223968506E+00    0.801963015729033835E+01    0.834151080089471897E+01   -0.168770148853957069E+01
    0.491138580434831006E-02    0.215875587463378906E+02    0.874704487159807798E+01    0.755185722927987158E+01    0.109397017955780029E+01    0.754895982667065990E+01    0.102639899592693062E+02   -0.181153692595287086E+01
    0.485181817106158670E-02    0.215872726440429688E+02    0.837448111136800222E+01    0.730092571329800410E+01    0.598196268081665039E+00    0.758460909891141100E+01    0.924852297856750027E+01   -0.248130583663723980E+00
    0.481225991227961832E-02    0.215789546966552734E+02    0.787411365989791090E+01    0.817938500768876864E+01    0.206778049468994141E+00    0.613268842499367928E+01    0.831216800252847143E+01   -0.187190954850963998E+01
    0.477832554910272937E-02    0.215684165954589844E+02    0.820645133220124379E+01    0.756235960117949002E+01    0.180680915713310242E+00    0.791081964842763163E+01    0.966274610572960668E+01    0.880025580276457831E-01
    0.472592108461581534E-02    0.215657806396484375E+02    0.810640241949866969E+01    0.738040032155378345E+01    0.405052721500396729E+00    0.757768672041496139E+01    0.966274502238547939E+01   -0.143028224794278236E+01
    0.468982174372020201E-02    0.215564250946044922E+02    0.892628222729257992E+01    0.716218040721858262E+01    0.881536543369293213E+00    0.820464077823466198E+01    0.854955108563602906E+01   -0.156134888894074564E+00
    0.467226239810814622E-02    0.215392360687255859E+02    0.884954017905800860E+01    0.755242859797208688E+01    0.134790754318237305E+01    0.778632122192725173E+01    0.752575765500094107E+01   -0.161425351234676717E+01
    0.462160289471785952E-02    0.215363483428955078E+02    0.850421553950213394E+01    0.783492624737106080E+01    0.382196694612503052E+00    0.816514612559265451E+01    0.100008089109929639E+02   -0.129215758136688130E+01
    0.457149267239634078E-02    0.215334606170654297E+02    0.792983146270753902E+01    0.783458331873066260E+01    0.323931068181991577E+00    0.635160837116308752E+01    0.831730443428810418E+01    0.234675471620220399E-01
    0.451631445726435009E-02    0.215330562591552734E+02    0.916687477429155706E+01    0.736728682327421414E+01    0.177515876293182373E+01    0.810679161466550369E+01    0.974595477991836390E+01   -0.149199410361991225E+01
    0.450329833763198507E-02    0.215141372680664062E+02    0.781150665213489148E+01    0.719803121068575447E+01    0.358976989984512329E+00    0.677705159232001364E+01    0.747682766943884669E+01    0.134248969017332520E+00
    0.446550409551411780E-02    0.215063018798828125E+02    0.870675732447917916E+01    0.766085421453782001E+01    0.804540514945983887E+00    0.794364611924521036E+01    0.798410022699564514E+01   -0.110341961961400803E+01
    0.441926477082644781E-02    0.215024280548095703E+02    0.896366938996142970E+01    0.745109697892427914E+01    0.158182847499847412E+01    0.782014137888741612E+01    0.914909102229390925E+01   -0.132184319418000706E+01
    0.436921032793802407E-02    0.215005187988281250E+02    0.773011560957109634E+01    0.822121376272083459E+01    0.166077032685279846E+00    0.613892432120539233E+01    0.901991056076742659E+01   -0.182138938903573333E+01
    0.432123910468557807E-02    0.214979076385498047E+02    0.870217715534545455E+01    0.736964103845713048E+01    0.105443704128265381E+01    0.787540283280799347E+01    0.102014032044512657E+02   -0.125871669082121507E+01
    0.428250120688760793E-02    0.214912261962890625E+02    0.773873785915666002E+01    0.795068199594017244E+01    0.115218371152877808E+00    0.602192266360655815E+01    0.834058855244886743E+01   -0.201234698653948696E+01
    0.424015801121498809E-02    0.214864082336425781E+02    0.843576164928207284E+01    0.735769051899633553E+01    0.430526226758956909E+00    0.810721457083446495E+01    0.101353186605038559E+02   -0.164642376874692409E+01
    0.419278791806973646E-02    0.214841861724853516E+02    0.852161941812769541E+01    0.731250525989911626E+01    0.849780082702636719E+00    0.769929832077210463E+01    0.918199170361182304E+01   -0.128351830068415529E+01
    0.414298268082723912E-02    0.214833946228027344E+02    0.856892053002013299E+01    0.763953582035023082E+01    0.290517717599868774E+00    0.834303117295289276E+01    0.979155126558323730E+01   -0.849336031672818903E+00
    0.409706938247248256E-02    0.214809913635253906E+02    0.883014204788759649E+01    0.750294836527742071E+01    0.629807710647583008E+00    0.830485852549283443E+01    0.918287170750003767E+01   -0.715667155111546105E+00
    0.405861053818840686E-02    0.214751625061035156E+02    0.854722637005106733E+01    0.756911498259051463E+01    0.838327050209045410E+00    0.761111787988760824E+01    0.884950092359834883E+01   -0.168996033393259015E+01
    0.402209656498084354E-02    0.214685459136962891E+02    0.820122194102513191E+01    0.735783963172710287E+01    0.490608990192413330E+00    0.757895869500257646E+01    0.997040660980902338E+01   -0.151152699161905990E+01
    0.398275349932674522E-02    0.214635143280029297E+02    0.865941439540920754E+01    0.772737574764219026E+01    0.497072637081146240E+00    0.827461052365822702E+01    0.103350167180087222E+02   -0.125991488968303633E+01
    0.395848331409293618E-02    0.214510478973388672E+02    0.892073440443130394E+01    0.728659947146576492E+01    0.950167775154113770E+00    0.813981678238432238E+01    0.948152078312401336E+01   -0.154595844313832664E+00
    0.391737079293121796E-02    0.214472370147705078E+02    0.758884245977250149E+01    0.825306375485006427E+01    0.989738106727600098E-01    0.634340894824545209E+01    0.721137956513560496E+01   -0.180463478809736344E+01
    0.387255780692059631E-02    0.214455566406250000E+02    0.824601166520059081E+01    0.775784097243239401E+01    0.119896627962589264E+00    0.806418446575681003E+01    0.885425658368045809E+01   -0.529849189274309129E+00
    0.385265725797291235E-02    0.214311695098876953E+02    0.872723126047865527E+01    0.772002752083977661E+01    0.363360464572906494E+00    0.852729295131914533E+01    0.922033744248198772E+01   -0.127567566845866143E+01
    0.381361477965561383E-02    0.214268493652343750E+02    0.907027038710510070E+01    0.765677814937723156E+01    0.105130422115325928E+01    0.843107425199459115E+01    0.866297229479591202E+01   -0.185644835704257005E+01
    0.376907920481110064E-02    0.214256515502929688E+02    0.846345886641081968E+01    0.758121077399034604E+01    0.451223373413085938E+00    0.802687487291987445E+01    0.917545380711193914E+01   -0.185890892219150317E+01
    0.375797650593581983E-02    0.214068603515625000E+02    0.773457591775796338E+01    0.791410413349566877E+01    0.208030372858047485E+00    0.701094382112186221E+01    0.950946358909343026E+01   -0.111694530310634321E+01
    0.371656029512198657E-02    0.214043331146240234E+02    0.790025508799016052E+01    0.759280225945856913E+01    0.258819192647933960E+00    0.734441866219962680E+01    0.918871612920538539E+01   -0.384999409584703356E+00
    0.367218792527052810E-02    0.214036636352539062E+02    0.859694853199067666E+01    0.753265767128234032E+01    0.697122931480407715E+00    0.787918866099336324E+01    0.995526326729564914E+01   -0.939128667626037972E+00
    0.383886140470740675E-02    0.213148365020751953E+02    0.813927309956473977E+01    0.774449651843671560E+01    0.107399776577949524E+00    0.797545753495522991E+01    0.852033261201620995E+01   -0.691024680467104746E+00
    0.420895720280778894E-02    0.211307582855224609E+02    0.826265579190406463E+01    0.736110856501942479E+01    0.387841194868087769E+00    0.771641139855408564E+01    0.918541331058972865E+01   -0.594261386789800561E-01
    0.369801985579554064E-02    0.213895931243896484E+02    0.817049299831445097E+01    0.796183496723691686E+01    0.251078139990568161E-01    0.812434729766247443E+01    0.898186809805129727E+01   -0.407605622170885251E+00
    0.416940983601552656E-02    0.211496391296386719E+02    0.808301298757343289E+01    0.771190319219120113E+01    0.260167151689529419E+00    0.759161403473340357E+01    0.812045698316730125E+01   -0.848216111893842273E+00
    0.424847449583265046E-02    0.211120681762695312E+02    0.776705476928407279E+01    0.787749381327732578E+01    0.159726575016975403E+00    0.724890391810705825E+01    0.951141297591248325E+01   -0.168239382052860709E+00
    0.442052126961912494E-02    0.210326728820800781E+02    0.807237753169451722E+01    0.764727916458495560E+01    0.309115320444107056E+00    0.748790567352450331E+01    0.841615051216871635E+01   -0.128118291332242951E+00
    0.429993589560165139E-02    0.210879878997802734E+02    0.783294431725719953E+01    0.784692467920532177E+01    0.201916411519050598E+00    0.728590882792510364E+01    0.821939678285093045E+01   -0.365502585181520789E+00
    0.368513812493433211E-02    0.213965721130371094E+02    0.787843990958902474E+01    0.792810602257018893E+01    0.124320849776268005E+00    0.748791829966944267E+01    0.841211016206423423E+01    0.916962758735726524E-01
    0.374326699114146131E-02    0.213652706146240234E+02    0.786886740003342489E+01    0.789079760088037929E+01    0.111750178039073944E-01    0.779087274668663365E+01    0.920903302735706575E+01   -0.149052926863461721E+00
    0.422148737534662997E-02    0.211248130798339844E+02    0.793580669226214308E+01    0.764492444911357083E+01    0.222839072346687317E+00    0.745601787615673928E+01    0.870710205057953601E+01    0.179305377856292747E+00
    0.429092782065598147E-02    0.210921821594238281E+02    0.809432762169116060E+01    0.771624525873964817E+01    0.150279641151428223E+00    0.785657611896201136E+01    0.921284439467729577E+01   -0.753725810387129158E-01
    0.428006466632493456E-02    0.210972518920898438E+02    0.831297884111406127E+01    0.775148842489422485E+01    0.211117729544639587E+00    0.804900695430030844E+01    0.949387752497946025E+01   -0.629978070432931192E+00
    0.428599144007668284E-02    0.210944843292236328E+02    0.853956333622996233E+01    0.756505901007709092E+01    0.135564506053924561E+00    0.839289589244002876E+01    0.932683140955319701E+01    0.154536817365439116E+00
    0.374996288588438616E-02    0.213616962432861328E+02    0.872009190182258820E+01    0.771745474180958535E+01    0.160897001624107361E+00    0.865253807798475982E+01    0.981053709116375927E+01   -0.831853164118930177E+00
    0.376426286928359215E-02    0.213540840148925781E+02    0.915071435800549260E+01    0.719135043271029861E+01    0.638427615165710449E+00    0.864954905442990984E+01    0.104174722548630108E+02    0.164282034915890662E+00
    0.388393489167508741E-02    0.212914905548095703E+02    0.880926484156356793E+01    0.751313309466661927E+01    0.476290225982666016E+00    0.835541022920043019E+01    0.102448731290758488E+02   -0.883419329996306679E-01
    0.382363619191175954E-02    0.213227844238281250E+02    0.876056154584737001E+01    0.726453985584425777E+01    0.635651469230651855E+00    0.819414784039470767E+01    0.923474227585964336E+01   -0.195482223477894124E-01
    0.390232424533195439E-02    0.212820434570312500E+02    0.886499022993273833E+01    0.730624300756660094E+01    0.681113004684448242E+00    0.823397728664522965E+01    0.966871185483143059E+01    0.825415910219637894E-01
    0.380541078305566757E-02    0.213323402404785156E+02    0.883476268106820406E+01    0.750200260981651645E+01    0.360468834638595581E+00    0.864498282981170796E+01    0.104707650631028208E+02   -0.993500132457472374E+00
    0.410653499811637363E-02    0.211800289154052734E+02    0.846209238278509801E+01    0.779902937688308295E+01    0.111866913735866547E+00    0.843052618767189088E+01    0.995036009578340952E+01   -0.982804146047159044E+00
    0.375370908258269680E-02    0.213596992492675781E+02    0.855720580105332829E+01    0.763995184917090064E+01    0.361349165439605713E+00    0.822543122757768153E+01    0.919728098095466606E+01   -0.876403636293729082E+00
    0.372863426103309898E-02    0.213731040954589844E+02    0.854341396997859093E+01    0.730944849542466013E+01    0.419178843498229980E+00    0.810230537111155336E+01    0.862520262378142810E+01   -0.288931395699369986E+00
    0.404371739076055114E-02    0.212108592987060547E+02    0.871560246690800788E+01    0.756009713828487762E+01    0.345584750175476074E+00    0.854228146196653704E+01    0.100551524103601455E+02   -0.111744715327792155E+01
    0.441238817134572640E-02    0.210363559722900391E+02    0.870629128399386509E+01    0.740142786691125032E+01    0.371976584196090698E+00    0.832962251711309420E+01    0.922391237095725636E+01    0.123868747995973028E+00
    0.390800745955682469E-02    0.212791328430175781E+02    0.863463449586953047E+01    0.770990578592120812E+01    0.149532020092010498E+00    0.849328307104585356E+01    0.910831257232643665E+01    0.333746567162083174E-01
    0.380615119607238947E-02    0.213319511413574219E+02    0.849175353574527847E+01    0.773027827098662978E+01    0.174085736274719238E+00    0.829222574160330339E+01    0.947298281840446776E+01   -0.330147780706959493E+00
    0.372903254340905621E-02    0.213728904724121094E+02    0.872752259867178815E+01    0.740185146036206376E+01    0.820098400115966797E+00    0.785841349768113329E+01    0.102114757159590042E+02   -0.600022145718348554E-02
    0.375550299889455775E-02    0.213587436676025391E+02    0.859976883522318047E+01    0.736475757909555817E+01    0.405138790607452393E+00    0.821719528446715586E+01    0.100439124590911071E+02   -0.405237503695361267E+00
    0.373698218396240631E-02    0.213686313629150391E+02    0.820351943625059121E+01    0.789058251217375251E+01    0.800207480788230896E-01    0.819965439586296085E+01    0.101182662274797401E+02   -0.113509013067819620E+01
    0.392030712850901120E-02    0.212728481292724609E+02    0.879554285347771447E+01    0.749057522212624516E+01    0.342738449573516846E+00    0.851434430421057797E+01    0.904190934188343753E+01   -0.649754634818310528E+00
    0.426046404009704834E-02    0.211064319610595703E+02    0.854308105679188223E+01    0.762969739727417551E+01    0.383675128221511841E+00    0.822177052652830298E+01    0.902442606424297900E+01   -0.110362502629864512E+01
    0.378417456812512243E-02    0.213435325622558594E+02    0.847323395796930967E+01    0.764297941949687765E+01    0.371955543756484985E+00    0.803955242853441376E+01    0.104291678148293681E+02   -0.782955296892572372E+00
    0.391484869687935659E-02    0.212756347656250000E+02    0.834982700236497166E+01    0.787317092718239664E+01    0.171895831823348999E+00    0.811152924814321175E+01    0.995353039449783594E+01   -0.103867890450702216E+00
    0.415098491970708472E-02    0.211584968566894531E+02    0.866300534310561154E+01    0.760886179743672919E+01    0.482705831527709961E+00    0.825362062918745032E+01    0.843932380046483033E+01   -0.141166520422438246E+01
    0.389471738511650185E-02    0.212859458923339844E+02    0.873312587127635709E+01    0.771315173162670931E+01    0.397357881069183350E+00    0.822691113375199023E+01    0.784786662372573485E+01   -0.164156002315218297E+01
    0.402737242787740840E-02    0.212189598083496094E+02    0.869902966593168969E+01    0.743927578861134720E+01    0.835697174072265625E+00    0.802807040398467286E+01    0.825394160773610075E+01   -0.131874444927887868E+01
    0.388362376738509221E-02    0.212916507720947266E+02    0.880600675212604500E+01    0.746681605904939882E+01    0.750809252262115479E+00    0.807487013446183965E+01    0.765781340409605349E+01   -0.170166298466990273E+01
    0.380412991841531239E-02    0.213330135345458984E+02    0.870803600434862624E+01    0.744647195029453801E+01    0.474646568298339844E+00    0.840258186178325417E+01    0.860694249314202509E+01   -0.207451495789345364E+01
    0.411674570862063244E-02    0.211750621795654297E+02    0.900029695558794351E+01    0.749335993217995444E+01    0.155260300636291504E+01    0.798458476318501731E+01    0.848280870370008344E+01   -0.206679356337202824E+01
    0.397566058674019614E-02    0.212448062896728516E+02    0.888377264543325929E+01    0.758666352945717648E+01    0.110434162616729736E+01    0.785338333360340535E+01    0.721129488896532145E+01   -0.158904106861620376E+01
    0.382214870783824422E-02    0.213235626220703125E+02    0.871817900291229009E+01    0.742432070554512347E+01    0.914656877517700195E+00    0.804534860312154265E+01    0.920478711193925569E+01   -0.126094035176877428E+01
    0.386410994914182125E-02    0.213017253875732422E+02    0.894537254008473681E+01    0.764221942772423635E+01    0.959603667259216309E+00    0.835213410397773437E+01    0.949439073257718924E+01   -0.214652003933867830E+01
    0.374867923429649452E-02    0.213623809814453125E+02    0.905285850044956142E+01    0.749749929740142651E+01    0.120866549015045166E+01    0.837187660408718415E+01    0.967672276908022333E+01   -0.160661846078449044E+01
    0.368222933246828464E-02    0.213981513977050781E+02    0.918318686033450149E+01    0.756956477947469963E+01    0.998143792152404785E+00    0.864929478774213933E+01    0.952978813536304870E+01   -0.182134569238582622E+01
    0.414511438227859602E-02    0.211613273620605469E+02    0.868617246769141538E+01    0.756523863741383273E+01    0.960979580879211426E+00    0.779717304770401576E+01    0.927225605158653288E+01   -0.214952085922348024E+01
    0.391816544079612999E-02    0.212739410400390625E+02    0.846678459118290760E+01    0.775057945259324654E+01    0.276309013366699219E+00    0.828530201008161704E+01    0.914337636852073921E+01   -0.147584464309838226E+01
    0.371497268049513418E-02    0.213804454803466797E+02    0.868683803257660259E+01    0.767418279938708991E+01    0.189990490674972534E+00    0.865654706045640943E+01    0.921403678494720069E+01   -0.159134200321869335E+01
    0.414335167942835470E-02    0.211621780395507812E+02    0.854302224521437203E+01    0.750107061362906080E+01    0.564616143703460693E+00    0.809701227128038958E+01    0.912327494822455698E+01   -0.211988513586771932E+01
    0.373325980130797576E-02    0.213706245422363281E+02    0.859803731877264532E+01    0.733056720124866246E+01    0.836071252822875977E+00    0.792517204373715778E+01    0.959602342601642988E+01   -0.163706585106355473E+01
    0.374369182830088399E-02    0.213650436401367188E+02    0.864619078483157821E+01    0.735436240381292716E+01    0.764846265316009521E+00    0.808801999232526647E+01    0.939435770417538052E+01   -0.144760009825504277E+01
    0.397228759639027280E-02    0.212465038299560547E+02    0.865562130274453523E+01    0.744665866699036005E+01    0.933127880096435547E+00    0.768028524755324948E+01    0.103282340796908354E+02   -0.206239276338264421E+01
    0.374669919681983781E-02    0.213634376525878906E+02    0.859017447064755224E+01    0.752166892630780648E+01    0.764086723327636719E+00    0.787826847913105865E+01    0.976707386196143545E+01   -0.125594975198289616E+01
    0.401622268002775357E-02    0.212245044708251953E+02    0.859214935699666071E+01    0.751702521549329816E+01    0.807276844978332520E+00    0.785222384056302936E+01    0.103235987915467149E+02   -0.124107859094276529E+01
    0.372151503712891225E-02    0.213769264221191406E+02    0.869674134045310154E+01    0.750564431251963171E+01    0.261007606983184814E+00    0.863359344351286673E+01    0.994115575631562365E+01   -0.197983055802645858E+01
    0.378107581814497067E-02    0.213451709747314453E+02    0.885730263600598988E+01    0.765086915322811389E+01    0.846336543560028076E+00    0.828821876581534234E+01    0.104903188138399557E+02   -0.154577341166322646E+01
    0.376752748577490696E-02    0.213523502349853516E+02    0.846153155382654631E+01    0.741686334077861442E+01    0.419634878635406494E+00    0.813485897514138756E+01    0.981866714910293226E+01   -0.188334627827009582E+01
    0.436021295293884635E-02    0.210601463317871094E+02    0.856781395957560044E+01    0.748816212366793366E+01    0.790372133255004883E+00    0.775074860537869803E+01    0.986718748251924183E+01   -0.209396648819008568E+01
    0.401417023437364903E-02    0.212255268096923828E+02    0.852918647976101774E+01    0.746322288463355754E+01    0.793203115463256836E+00    0.770790785945088430E+01    0.939572297709989535E+01   -0.134154162267349708E+01
    0.411825358200904740E-02    0.211743297576904297E+02    0.885797766682942900E+01    0.747059368051363926E+01    0.755851387977600098E+00    0.837703152924348160E+01    0.874457388130043434E+01   -0.191568259057474055E+01
    0.375230605700302986E-02    0.213604469299316406E+02    0.884326867305630238E+01    0.753145463205824939E+01    0.128499758243560791E+01    0.767898220304453538E+01    0.891784039078130064E+01   -0.198103441158113247E+01
    0.375175501187014057E-02    0.213607406616210938E+02    0.872644502833641234E+01    0.768019073765217630E+01    0.316580116748809814E+00    0.854667558282212170E+01    0.969772166403655156E+01   -0.124286750828485992E+01
    0.395890728781990789E-02    0.212532520294189453E+02    0.889752101030592435E+01    0.750317504953602299E+01    0.486123502254486084E+00    0.862524811404458625E+01    0.931953009156254275E+01   -0.113346243189936957E+01
    0.370432392092245053E-02    0.213861865997314453E+02    0.845515237429182953E+01    0.770737219385254502E+01    0.137245491147041321E+00    0.842257028212298309E+01    0.920380566700838720E+01   -0.126381038456776817E+01
    0.401686619987225504E-02    0.212241840362548828E+02    0.769961458653029318E+01    0.778389954030017606E+01    0.187985748052597046E+00    0.697219945448842005E+01    0.855841731210563417E+01   -0.167449457505368304E+01
    0.431789351623272644E-02    0.210796527862548828E+02    0.764152566624991181E+01    0.809081481362601984E+01    0.908693969249725342E-01    0.612918793280972807E+01    0.730674069896930956E+01   -0.203460658517584614E+01
    0.374387034569429594E-02    0.213649482727050781E+02    0.776147848018032871E+01    0.771749003304698622E+01    0.205920130014419556E+00    0.669485913004155631E+01    0.736737489971304171E+01   -0.203383275100899263E+01
    0.393372203840475308E-02    0.212660160064697266E+02    0.761441199550364978E+01    0.852201982419027892E+01    0.784616917371749878E-01    0.627435623851065394E+01    0.753629090237767407E+01   -0.169820883049398907E+01
    0.391463962698550445E-02    0.212757415771484375E+02    0.768427998465686635E+01    0.784344311353707191E+01    0.118929259479045868E+00    0.621404714840323802E+01    0.725764579332197979E+01   -0.207469989079968720E+01
    0.371663466006772521E-02    0.213795509338378906E+02    0.781262008492464588E+01    0.767192025799427935E+01    0.212010428309440613E+00    0.639986731787889251E+01    0.955284813747622508E+01   -0.200025377462228748E+01
    0.419849776129614747E-02    0.211357345581054688E+02    0.801600213948868934E+01    0.776032982219673872E+01    0.222093477845191956E+00    0.757868810068338306E+01    0.976106005177276614E+01   -0.176617524179988017E+01
    0.401258184112992990E-02    0.212263183593750000E+02    0.799853400000563930E+01    0.750344221803990941E+01    0.348181277513504028E+00    0.733542392090300321E+01    0.902637365598486241E+01   -0.135035090661981649E+01
    0.393232673176421767E-02    0.212667255401611328E+02    0.794814288820129988E+01    0.791512673877502593E+01    0.282225042581558228E+00    0.734045579916590984E+01    0.922246004234618866E+01   -0.127756658874141071E+01
    0.450565384032274637E-02    0.209945220947265625E+02    0.795632074295821035E+01    0.776736392824694910E+01    0.182922571897506714E+00    0.765758854949671441E+01    0.100366833134258364E+02   -0.148873021309556863E+01
    0.411927092306776325E-02    0.211738357543945312E+02    0.801169634015014864E+01    0.785945989919817833E+01    0.235431641340255737E+00    0.764864785364923883E+01    0.950058772057812106E+01   -0.136784034870598470E+01
    0.425616339441827005E-02    0.211084518432617188E+02    0.816467741762304300E+01    0.749638858404424191E+01    0.292899549007415771E+00    0.777251272834791074E+01    0.869434392990640070E+01   -0.194730798579207676E+01
    0.398894534899214056E-02    0.212381343841552734E+02    0.790092885931641220E+01    0.780094875498824614E+01    0.117819905281066895E+00    0.772025060973418409E+01    0.941650169412562299E+01   -0.129149990906640255E+01
    0.408928089649761642E-02    0.211884498596191406E+02    0.825529785442139108E+01    0.762484570894034253E+01    0.375674664974212646E+00    0.786145569397552446E+01    0.924259415207063384E+01   -0.152251653764624084E+01
    0.389524856508302424E-02    0.212856731414794922E+02    0.825816300011948812E+01    0.762792233618702209E+01    0.157400548458099365E+00    0.814183262108822881E+01    0.937709442026091722E+01   -0.214931408488943987E+01
    0.382848546765533759E-02    0.213202495574951172E+02    0.812586925157059703E+01    0.778559792108245308E+01    0.856706276535987854E-01    0.803533016539167733E+01    0.103083266697301816E+02   -0.185774261688509457E+01
    0.424311348194865261E-02    0.211145935058593750E+02    0.830569026819343392E+01    0.765590211673624488E+01    0.316626369953155518E+00    0.793319422816885655E+01    0.100904120837428675E+02   -0.213436819808417155E+01
    0.407157505718463292E-02    0.211971282958984375E+02    0.825392920129366203E+01    0.770302878103712096E+01    0.311902463436126709E+00    0.783375277791470381E+01    0.822193526226392457E+01   -0.167089738955726652E+01


    0.876571943945755015E-02    0.221466789245605469E+02    0.745971469002753018E+01    0.316941184483527394E+01    0.754013657569885254E+00    0.608297195331230700E+01    0.824403880994216287E+01   -0.131642231141391397E+01
    0.872782579050846580E-02    0.221263580322265625E+02    0.832085403024039394E+01    0.167528753950944531E+01    0.351517915725708008E+00    0.946242887719351344E+01    0.891934833403274574E+01   -0.437961156206802427E+00
    0.892071136150906704E-02    0.220536537170410156E+02    0.765323106009716803E+01    0.446934301698662395E+01    0.630882441997528076E+00    0.679902080611129911E+01    0.801475966326500888E+01   -0.235360102777288693E+00
    0.890325624792875567E-02    0.220285854339599609E+02    0.810942688981257476E+01    0.107115381527433029E+01    0.435669153928756714E+00    0.944454056311232293E+01    0.775048247046113303E+01   -0.190686972692441947E+01
    0.885985756359026003E-02    0.220093727111816406E+02    0.829128460391986088E+01    0.128874952902870521E+01    0.344959758222103119E-01    0.944722572449130560E+01    0.815746778820808061E+01   -0.204795282645138688E+01
    0.888321923609426689E-02    0.219751205444335938E+02    0.820743024691677547E+01    0.151805216797178777E+01    0.973231792449951172E+00    0.937084534643980582E+01    0.900106300661508030E+01   -0.168932723144481489E+00
    0.884193331758276017E-02    0.219554519653320312E+02    0.828911130988189448E+01    0.175813696674309217E+01    0.144487053155899048E+00    0.887264776014871259E+01    0.758335903228375141E+01   -0.159823177894163382E+01
    0.875793776738905717E-02    0.219455566406250000E+02    0.847813761229893714E+01    0.123505797267950790E+01    0.721319317817687988E+00    0.959536365067217822E+01    0.830144279190815482E+01   -0.675150838773006523E+00
    0.875096015007859052E-02    0.219181652069091797E+02    0.824581185947224427E+01    0.122138212645821431E+01    0.942227542400360107E-01    0.944878676489018687E+01    0.815039280444949199E+01   -0.171852622272989830E+01
    0.870311482202875200E-02    0.219001445770263672E+02    0.805494006809523455E+01    0.845103478712754486E+00    0.860491469502449036E-01    0.970655934312943103E+01    0.835093259524458809E+01   -0.996529271971816621E+00
    0.865314584686413188E-02    0.218826751708984375E+02    0.838756345068775921E+01    0.207217080305435353E+01    0.161550831794738770E+01    0.918522807897505089E+01    0.958719544187851369E+01   -0.891619884199515766E+00
    0.868742129733894239E-02    0.218457832336425781E+02    0.804230472132157104E+01    0.473412599850397253E+01    0.813903748989105225E+00    0.616245132466982248E+01    0.797330199015587748E+01   -0.132129443672146873E+01
    0.857007934273298216E-02    0.218439960479736328E+02    0.845789656110148869E+01    0.126361017370512974E+01    0.516327358782291412E-01    0.954258526740524005E+01    0.736740012023580348E+01   -0.289778719195989298E+00
    0.852142678676653768E-02    0.218263969421386719E+02    0.830513180888280722E+01    0.209452361716933577E+01    0.160468086600303650E+00    0.874663654057141038E+01    0.790258702841850802E+01   -0.292308049553082760E-01
    0.849393197072381527E-02    0.218038749694824219E+02    0.872368214946070530E+01    0.183196362003245850E+01    0.170322418212890625E+00    0.929911886073771754E+01    0.745103334028155828E+01   -0.959297895051917093E+00
    0.840451728928482376E-02    0.217960548400878906E+02    0.819089093165808002E+01    0.120386632639604696E+01    0.416051179170608521E+00    0.931291832897307792E+01    0.759839740864644586E+01   -0.196484614707883831E+01
    0.837769529738906574E-02    0.217734622955322266E+02    0.820609528403750765E+01    0.105449131487080638E+01    0.186943076550960541E-01    0.957792311558160492E+01    0.816712501197321039E+01   -0.979043749282429765E+00
    0.829174968899826226E-02    0.217651004791259766E+02    0.771022591162268611E+01    0.399599802624403111E+01    0.711445212364196777E+00    0.705434233878181871E+01    0.720220071780387894E+01   -0.280020464422158666E+00
    0.818598734437037644E-02    0.217617893218994141E+02    0.850192051730821596E+01    0.127941996691009341E+01    0.275558352470397949E+00    0.960974535175267697E+01    0.706988941709430119E+01   -0.728874574117222673E+00
    0.815973825546666143E-02    0.217392272949218750E+02    0.808473835793351370E+01    0.891196772499017853E+00    0.449519753456115723E+00    0.961620605225373737E+01    0.795992727895825425E+01   -0.857413335541598487E+00
    0.820056377197388858E-02    0.217002601623535156E+02    0.846088871929291209E+01    0.145938525482684556E+01    0.148391211032867432E+01    0.933236801511764114E+01    0.860407750802970739E+01   -0.116265159796150797E+01
    0.827866487637251430E-02    0.216523170471191406E+02    0.831583839071670994E+01    0.122279195032329402E+01    0.186504590511322021E+01    0.912883571623640755E+01    0.728641135740508705E+01   -0.904617566970309150E+00
    0.821032580324813910E-02    0.216399097442626953E+02    0.828256083869647775E+01    0.208361706602837415E+01    0.370879113674163818E+00    0.847337946593807700E+01    0.717799009355451290E+01    0.547956520444450312E-01
    0.812460167031886157E-02    0.216319160461425781E+02    0.749858312624631207E+01    0.302111019475165765E+01    0.872008442878723145E+00    0.696770181596062166E+01    0.981151388842799577E+01   -0.142749873390280868E+01
    0.806572226274579474E-02    0.216174774169921875E+02    0.808910606567731350E+01    0.202798436296957840E+01    0.404260337352752686E+00    0.875971247392205044E+01    0.815491024048630386E+01   -0.370520335859028771E+00
    0.795293139081769407E-02    0.216166572570800781E+02    0.812870794354606474E+01    0.188259516605753352E+01    0.101160690188407898E+00    0.877199779581656003E+01    0.787212041036010746E+01   -0.194062461880839909E+01
    0.790880810287136402E-02    0.215987987518310547E+02    0.788744989476578251E+01    0.741688818417866047E+00    0.344650268554687500E+00    0.941022733623798402E+01    0.757791814157197585E+01    0.193527935799573392E-01
    0.779785454927040943E-02    0.215980701446533203E+02    0.770776874191004691E+01    0.383418944337586209E+01    0.785077691078186035E+00    0.670278129345448281E+01    0.100401113659194650E+02   -0.164533691523884484E+01
    0.775656644708588514E-02    0.215797023773193359E+02    0.847804213449069621E+01    0.204324571221849993E+01    0.176416397094726562E+01    0.913876399636889580E+01    0.903883911822032715E+01   -0.820066602756658547E+00
    0.770981126413270487E-02    0.215628089904785156E+02    0.820040276137610569E+01    0.115181628449009232E+01    0.592364788055419922E+00    0.935880742113407393E+01    0.777539727264829317E+01   -0.909726628323042297E+00
    0.760138123275522649E-02    0.215621509552001953E+02    0.822051719709898521E+01    0.149990592223685293E+01    0.329856306314468384E+00    0.889424343701410791E+01    0.731633647429921474E+01    0.195954424644396052E+00
    0.749300395372734344E-02    0.215618858337402344E+02    0.848607378498054210E+01    0.208012545448155883E+01    0.320604085922241211E+00    0.908320870245844780E+01    0.832493068280314041E+01   -0.212630462861342773E+01
    0.738568585193635774E-02    0.215617523193359375E+02    0.834614768635881354E+01    0.938863909210996606E+00    0.113543339073657990E+00    0.968070201278650266E+01    0.802969127954630935E+01    0.116167218421046048E+00
    0.728123097575356527E-02    0.215612545013427734E+02    0.862520632575450641E+01    0.211157517933134198E+01    0.751058816909790039E+00    0.889378695410572995E+01    0.732116304717236943E+01   -0.194901456837469000E+01
    0.719104572909712997E-02    0.215571956634521484E+02    0.850748379821909140E+01    0.184381555705035205E+01    0.138358324766159058E+00    0.910889891746897362E+01    0.714366897192326089E+01   -0.200031100237810433E+01
    0.715589080254445346E-02    0.215380115509033203E+02    0.822049695030596794E+01    0.158742241885839919E+01    0.134906923770904541E+01    0.911068516503841863E+01    0.873316585528061751E+01    0.190656943921663213E-02
    0.713209454626284774E-02    0.215156879425048828E+02    0.847390127715358688E+01    0.154589389903944019E+01    0.629613697528839111E-01    0.927880325224987956E+01    0.787928366201968622E+01   -0.190381123659981721E+00
    0.723591754307253976E-02    0.214577980041503906E+02    0.841735878717368635E+01    0.183986704856436289E+01    0.610387980937957764E+00    0.887909981606364518E+01    0.787096759149123226E+01    0.717301966459475970E-01
    0.724682367303761468E-02    0.214258003234863281E+02    0.839081968874137551E+01    0.149697921731427308E+01    0.157405436038970947E+00    0.956641450761869372E+01    0.887759632035540491E+01   -0.349027651071760481E+00
    0.735078139399050149E-02    0.213683280944824219E+02    0.864179726419861538E+01    0.195023879529847100E+01    0.304995059967041016E+00    0.908756361903570919E+01    0.724863868206380868E+01   -0.834750164403160078E+00
    0.728445175604859347E-02    0.213574714660644531E+02    0.809398549606130580E+01    0.931206646895762380E+00    0.665699392557144165E-01    0.959479611746723826E+01    0.822908237998627712E+01   -0.638627982130379301E+00
    0.720285600120974378E-02    0.213510150909423828E+02    0.829176496995972201E+01    0.178677535491149175E+01    0.232326388359069824E+00    0.878263088817660709E+01    0.705270098688563696E+01   -0.121011537238728639E+01
    0.710204338093156813E-02    0.213502197265625000E+02    0.826425094624712742E+01    0.104789345844065740E+01    0.356047004461288452E+00    0.958636973872887310E+01    0.736569163535969462E+01   -0.645804763015909167E+00
    0.706848292309478297E-02    0.213307075500488281E+02    0.776298872165653631E+01    0.373645670199600621E+01    0.858525276184082031E+00    0.638084557170801947E+01    0.956248504142212674E+01   -0.114897072267874312E+01
    0.699620853361154413E-02    0.213222770690917969E+02    0.816900621653588566E+01    0.909941490386674490E+00    0.122973859310150146E+01    0.958370622741074030E+01    0.806546898777994414E+01   -0.144681293982495696E+01
    0.692514203264784668E-02    0.213137111663818359E+02    0.819789129592147425E+01    0.172528587799848898E+01    0.559117086231708527E-01    0.878754140968473862E+01    0.722615867080134766E+01   -0.166959390456697188E+01
    0.688245986363501816E-02    0.212970905303955078E+02    0.851321796799090613E+01    0.127622554296261326E+01    0.104499149322509766E+01    0.965470363979465418E+01    0.862991414110628341E+01   -0.155212189541606049E+01
    0.684762488675625010E-02    0.212782535552978516E+02    0.820142881179373084E+01    0.142324904766998994E+01    0.163424327969551086E+00    0.913857943031493392E+01    0.766237145110189299E+01   -0.122182799041966694E+01
    0.680061946389248079E-02    0.212630443572998047E+02    0.831993056554220978E+01    0.199165642991882796E+01    0.209731489419937134E+00    0.882215767115799565E+01    0.768239785459923041E+01   -0.976113759222932087E+00
    0.670378697089637435E-02    0.212627410888671875E+02    0.845485841212970435E+01    0.171466275663962153E+01    0.308252274990081787E+00    0.885794100496117309E+01    0.728288245022318748E+01    0.163532055563769152E+00
    0.673691674321001688E-02    0.212238960266113281E+02    0.872705904723799542E+01    0.189802991228810480E+01    0.362266927957534790E+00    0.927517618069038008E+01    0.781872564914285917E+01   -0.175520609876038858E+01
    0.672987397751199142E-02    0.211970024108886719E+02    0.858864154350280629E+01    0.171295121108928150E+01    0.373151063919067383E+00    0.925848017999578410E+01    0.750598824440629286E+01   -0.920502421060919618E+00
    0.663981496176214818E-02    0.211949615478515625E+02    0.831250733322991842E+01    0.203498825479721912E+01    0.593971490859985352E+00    0.853534360230000111E+01    0.733464177623239255E+01    0.115591517738864447E-01
    0.658800683642662890E-02    0.211816425323486328E+02    0.845680764760541237E+01    0.168375827484828089E+01    0.113968968391418457E+00    0.911398469394605470E+01    0.736486417106908053E+01   -0.823843281986097242E+00
    0.655724438499750810E-02    0.211620178222656250E+02    0.784202716575834025E+01    0.376150618134304793E+01    0.916870594024658203E+00    0.655363943775521118E+01    0.909093883610312226E+01   -0.179486809617035448E+01
    0.654186168688613602E-02    0.211377296447753906E+02    0.795807894493094725E+01    0.292975185736552701E+01    0.142239856719970703E+01    0.644218866333494589E+01    0.942166811165983553E+01   -0.175406390577159921E+01
    0.644846759354590973E-02    0.211375026702880859E+02    0.863510993085076706E+01    0.152108203496957817E+01    0.471583396196365356E+00    0.947266119353585268E+01    0.791314290599240699E+01   -0.104730423225426938E+01
    0.637078988024317259E-02    0.211327552795410156E+02    0.817120146084128862E+01    0.945600756438495393E+00    0.141163063049316406E+01    0.937363052749584824E+01    0.763752154010367423E+01   -0.666923991812578665E+00
    0.627919130267791652E-02    0.211327342987060547E+02    0.821602364537353758E+01    0.960490250518733935E+00    0.224413245916366577E+00    0.968463434887068253E+01    0.862646097997396666E+01   -0.436141433484347418E+00
    0.620252926494614752E-02    0.211283168792724609E+02    0.831799278662457020E+01    0.138021547796099409E+01    0.558004640042781830E-01    0.931800544623209781E+01    0.754071295973931921E+01   -0.158264332896930382E+01
    0.622290647008976600E-02    0.210927715301513672E+02    0.855232374803784445E+01    0.176743874786664290E+01    0.151406722143292427E-01    0.917289446226794070E+01    0.790732293293478516E+01   -0.338988466017974721E+00
    0.615687015157324012E-02    0.210851230621337891E+02    0.841344009408898330E+01    0.124586904964624168E+01    0.472357779741287231E+00    0.947778736014693379E+01    0.718736286832195237E+01   -0.620814874020194418E+00
    0.607078420212027632E-02    0.210842990875244141E+02    0.829242855352357289E+01    0.114437739347918455E+01    0.265243977308273315E+00    0.968782086961228472E+01    0.872738496757660442E+01   -0.112379716244427175E+01
    0.602882390741897069E-02    0.210691852569580078E+02    0.851664048443592669E+01    0.159010511278484623E+01    0.299723207950592041E+00    0.930267397124574735E+01    0.733737427697479561E+01   -0.991382670915195385E+00
    0.594699490206684455E-02    0.210675315856933594E+02    0.810873010084920764E+01    0.780772597978731886E+00    0.464716404676437378E-01    0.961565630927816173E+01    0.805426348576607509E+01    0.171459691529810332E+00
    0.586468233803269946E-02    0.210664215087890625E+02    0.838227000416950752E+01    0.198543919410129077E+01    0.454976499080657959E+00    0.904513415408933241E+01    0.827540952803389196E+01   -0.187857773012568630E+01
    0.580647731933046050E-02    0.210573844909667969E+02    0.849970422030356332E+01    0.172140428614139052E+01    0.268089085817337036E+00    0.917791457775842012E+01    0.755814855352649761E+01   -0.160003663069995716E+01
    0.577738585382148260E-02    0.210384445190429688E+02    0.860875758160593918E+01    0.181636663804891385E+01    0.111908733844757080E+01    0.921698155520844686E+01    0.837054646130255975E+01   -0.785459866136833940E+00
    0.571063408518203679E-02    0.210327014923095703E+02    0.820494593918085258E+01    0.121882257516648851E+01    0.174084454774856567E+00    0.921685828839119381E+01    0.793953407996903238E+01   -0.367358912486035472E-01
    0.563830500743903174E-02    0.210292091369628906E+02    0.791893680715837611E+01    0.294019689733421430E+01    0.143095695972442627E+01    0.636722725523587663E+01    0.861932835254124718E+01   -0.149565665197213438E+01
    0.556246077477490219E-02    0.210273094177246094E+02    0.834547438876944625E+01    0.913951193814604768E+00    0.123784267902374268E+01    0.963814489364123794E+01    0.736640311237907586E+01   -0.709490603711775636E+00
    0.550429905012208513E-02    0.210193462371826172E+02    0.833295945343794919E+01    0.929149282333667004E+00    0.602032065391540527E+00    0.960418989718405847E+01    0.754919650994450286E+01   -0.223620307460806300E+00
    0.548000780853021702E-02    0.209992065429687500E+02    0.837573911411043959E+01    0.126281985674481367E+01    0.105663263797760010E+01    0.929278387299965658E+01    0.771495060524844245E+01   -0.117649042021257011E+01
    0.541154412322487031E-02    0.209953651428222656E+02    0.774924894119454422E+01    0.302126057410446336E+01    0.114337766170501709E+01    0.685485682741679536E+01    0.820855017586164237E+01   -0.205611400055243010E+01
    0.534633671055537857E-02    0.209906253814697266E+02    0.869874610734916054E+01    0.194792379075406474E+01    0.253816902637481689E+00    0.927152185529168982E+01    0.768512359612192064E+01   -0.187628386068727449E+01
    0.527312734725408124E-02    0.209892158508300781E+02    0.828676568972143102E+01    0.159224079584061351E+01    0.204982829093933105E+01    0.936192830968503031E+01    0.956982541719539803E+01   -0.101701087900601972E+01
    0.519943764293071941E-02    0.209883766174316406E+02    0.824336910363336983E+01    0.184256560203763153E+01    0.575835220515727997E-01    0.886422956406612172E+01    0.729774204932035886E+01   -0.175692362435808613E+01
    0.516211149191431445E-02    0.209738006591796875E+02    0.853249238863321047E+01    0.167493120332044532E+01    0.620875477790832520E+00    0.931361744310567019E+01    0.824219928154821702E+01   -0.147022989471059540E+01
    0.508809981941793152E-02    0.209736976623535156E+02    0.848986431976363676E+01    0.148523517034434449E+01    0.425629913806915283E+00    0.931899389023043234E+01    0.750908414103237920E+01   -0.724416899567950079E+00
    0.501736422202386703E-02    0.209727115631103516E+02    0.814110522930415215E+01    0.191017655251262908E+01    0.150742185115814209E+01    0.893034942933319442E+01    0.915993501330371096E+01   -0.379240791616646256E+00
    0.495400013237776334E-02    0.209691448211669922E+02    0.863654840360425524E+01    0.159931643940621204E+01    0.275519430637359619E+00    0.945398406549592352E+01    0.735343867764670112E+01   -0.112030681636221630E+01
    0.489700458298857055E-02    0.209633026123046875E+02    0.847042754728593650E+01    0.104035210956032276E+01    0.111532366275787354E+01    0.971072523908930485E+01    0.781374103126902941E+01   -0.151814439658327904E+01
    0.484368484370771221E-02    0.209562129974365234E+02    0.828922644849658674E+01    0.136693725966335689E+01    0.680769801139831543E+00    0.920625615252421170E+01    0.751390056727217814E+01   -0.164951015122155509E+01
    0.480596461840858327E-02    0.209428634643554688E+02    0.825843481706969840E+01    0.150119520349735325E+01    0.106514108180999756E+01    0.944554328452485414E+01    0.907684075265887103E+01   -0.685699754095821623E+00
    0.474286336107792184E-02    0.209403114318847656E+02    0.858484486637769706E+01    0.135077778171678387E+01    0.138125693798065186E+01    0.943696116220543857E+01    0.765675103804240020E+01   -0.103177223793570705E+01
    0.467851988335115949E-02    0.209386444091796875E+02    0.876672591221210062E+01    0.186442281855389602E+01    0.177635848522186279E+00    0.941137287435581271E+01    0.715153622215752272E+01   -0.181164698264264157E+01
    0.464210801643258602E-02    0.209252853393554688E+02    0.836873704022998943E+01    0.200800475508712672E+01    0.195611327886581421E+00    0.883248097111702002E+01    0.711623340000923665E+01   -0.128580161368382817E+01
    0.457581370625941876E-02    0.209250679016113281E+02    0.818882524258691014E+01    0.166007628143404329E+01    0.382826060056686401E+00    0.886470511712160025E+01    0.753910638156208002E+01   -0.159025558383537691E+01
    0.454650985279376769E-02    0.209089317321777344E+02    0.821447627927909352E+01    0.103290458070721569E+01    0.571587741374969482E+00    0.954118833514291609E+01    0.805978167895180064E+01   -0.791268399747711237E+00
    0.449165729452083093E-02    0.209042224884033203E+02    0.832513403121466133E+01    0.113716724253217882E+01    0.888730645179748535E+00    0.932208014162698184E+01    0.715493306478326030E+01   -0.465946891062060553E+00
    0.444606135287448165E-02    0.208956432342529297E+02    0.841421282346259503E+01    0.164510645874545491E+01    0.319696605205535889E+00    0.920969940674761567E+01    0.753973675380182140E+01   -0.126485691079485951E+01
    0.440258221639043545E-02    0.208863124847412109E+02    0.841445418847980164E+01    0.181036481532504245E+01    0.102571690082550049E+01    0.870716429320360064E+01    0.703811548247450514E+01    0.230504400159752265E-01
    0.437967654110622655E-02    0.208677597045898438E+02    0.842955232654917097E+01    0.190187553331351711E+01    0.174806993454694748E-01    0.901985153498949010E+01    0.792549542385301553E+01   -0.209706243419995664E+01
    0.432999462950667442E-02    0.208615913391113281E+02    0.827698286614085532E+01    0.181571362506765910E+01    0.223161116242408752E+00    0.878373599553144224E+01    0.745743691442642120E+01   -0.218040385029495720E+01
    0.431188489032864435E-02    0.208409881591796875E+02    0.846508591002704236E+01    0.172240716005923211E+01    0.547102885320782661E-02    0.917040526764926867E+01    0.763868650236509694E+01   -0.969009794530349744E+00
    0.425450387124134272E-02    0.208387966156005859E+02    0.838589550208552126E+01    0.104113420483523300E+01    0.139267733320593834E-01    0.970600054609707463E+01    0.811934220239094095E+01   -0.375487052555514289E+00
    0.420754980061954168E-02    0.208320064544677734E+02    0.834328175100336011E+01    0.161399042265808723E+01    0.320122003555297852E+00    0.919750377573553557E+01    0.715851969869379623E+01   -0.152780228546145525E+01
    0.415079713227877595E-02    0.208301811218261719E+02    0.832360106701225000E+01    0.143731046821855313E+01    0.667639076709747314E+00    0.935867634439664897E+01    0.851801644375209754E+01   -0.149549917529743670E+01
    0.410527339442195906E-02    0.208232517242431641E+02    0.846177964448024333E+01    0.108325748829731250E+01    0.128616571426391602E+01    0.948840134109625311E+01    0.723053785263762805E+01   -0.367974331495490858E+00
    0.405098184474985898E-02    0.208208923339843750E+02    0.831947700309334692E+01    0.152275038249819228E+01    0.107964411377906799E+00    0.913613211516912926E+01    0.756260888725933711E+01   -0.417075543872231780E+00
    0.399459585900424456E-02    0.208199405670166016E+02    0.816900613715258572E+01    0.180514658883388579E+01    0.634701132774353027E+00    0.853543196253870562E+01    0.709645434769258721E+01   -0.555240230948984337E+00
    0.397542759786685164E-02    0.208005752563476562E+02    0.840954348615169600E+01    0.984992704180443379E+00    0.477386504411697388E+00    0.975821290839960298E+01    0.729819275658939493E+01   -0.654646119103247992E+00
    0.392050077541075594E-02    0.207994155883789062E+02    0.823506893138817375E+01    0.203006392046954831E+01    0.261372447013854980E+00    0.859210838914254360E+01    0.721759691972659034E+01   -0.147019374939891412E+01
    0.386851999515176173E-02    0.207971248626708984E+02    0.852795328307428235E+01    0.122034640868027999E+01    0.280539751052856445E+00    0.960255475737119468E+01    0.757337013884590693E+01   -0.405754536820110090E+00
    0.382332000490285921E-02    0.207916450500488281E+02    0.752352242418240902E+01    0.283669741247557505E+01    0.104275381565093994E+01    0.679086908235040454E+01    0.797999138879548475E+01   -0.161041035898445584E+01
    0.376939103312362881E-02    0.207910709381103516E+02    0.836491444872808110E+01    0.183459374297938482E+01    0.202445197105407715E+01    0.916528987039188969E+01    0.970622996258520843E+01   -0.796331381230913626E+00
    0.372866903625466506E-02    0.207838096618652344E+02    0.850868853062094033E+01    0.171724050451449206E+01    0.159865602850914001E+00    0.913310508355427686E+01    0.768132329790858659E+01   -0.292733574838203836E+00
    0.369783656296483786E-02    0.207714309692382812E+02    0.847900208901949171E+01    0.121431773048405112E+01    0.990282297134399414E+00    0.955900955680630204E+01    0.817068236080126198E+01   -0.137156734476540976E+01
    0.365129691000613691E-02    0.207677764892578125E+02    0.833022398627283245E+01    0.148971993491188326E+01    0.217332243919372559E+00    0.930134800756714952E+01    0.832064221150316996E+01   -0.141003387907891731E+01
    0.362859884591742793E-02    0.207512626647949219E+02    0.757354422740728683E+01    0.284404619419402005E+01    0.110964941978454590E+01    0.642566105429660972E+01    0.100962560459470403E+02   -0.139360400336026480E+01
    0.358018100590972973E-02    0.207491436004638672E+02    0.865829243363183032E+01    0.135713512466715258E+01    0.111353445053100586E+01    0.964830737146462170E+01    0.863500131283391781E+01   -0.139128724095821243E+01
    0.353707467753075488E-02    0.207443847656250000E+02    0.842458555052927061E+01    0.100359448652541494E+01    0.315617293119430542E+00    0.961569153609072202E+01    0.793224991652756550E+01    0.176956009782798240E-01
    0.351826603694616004E-02    0.207260627746582031E+02    0.836573795253840125E+01    0.111357753813996752E+01    0.753722310066223145E+00    0.958899336396132362E+01    0.784296695695621349E+01   -0.145532622491044616E+01
    0.347589855144981924E-02    0.207213077545166016E+02    0.831427302231093357E+01    0.202330256661806462E+01    0.408501565456390381E+00    0.865913412003563110E+01    0.724480272343435150E+01   -0.208024337120785630E+01
    0.343083003115075705E-02    0.207184238433837891E+02    0.833578385903563834E+01    0.154872376699433589E+01    0.106329984962940216E+00    0.928335030347380297E+01    0.815180766669142365E+01   -0.173740922978655710E+01
    0.341143445674446872E-02    0.207007770538330078E+02    0.839850032987408390E+01    0.141736449321296543E+01    0.110682260990142822E+01    0.915100904245912794E+01    0.743417512137951420E+01   -0.612679457226046109E+00
    0.336406267525112034E-02    0.206997585296630859E+02    0.767692188289991861E+01    0.290228361183774419E+01    0.114764714241027832E+01    0.653744325108679813E+01    0.736753359035967481E+01   -0.145581086038621277E+01
    0.332211978541117545E-02    0.206958656311035156E+02    0.861170017549932787E+01    0.157675360651668495E+01    0.537655413150787354E+00    0.937993121852247036E+01    0.794352409690347017E+01   -0.102343973203311056E+01
    0.327631317882316883E-02    0.206946487426757812E+02    0.852169401858775721E+01    0.148023842005084094E+01    0.998559966683387756E-01    0.942220113965722561E+01    0.846327459385191716E+01   -0.186265166198929411E+00
    0.323298757169370116E-02    0.206922874450683594E+02    0.824410815742836967E+01    0.138132046147628418E+01    0.127907410264015198E+00    0.926529679413558505E+01    0.813470249555572522E+01   -0.539673816786646166E+00
    0.318881743323703526E-02    0.206908149719238281E+02    0.843137434811234066E+01    0.160803705887500303E+01    0.415862172842025757E+00    0.912965047724628853E+01    0.803989732580820338E+01   -0.197329748692977258E+00
    0.315822950113512019E-02    0.206811065673828125E+02    0.852081897923354958E+01    0.128780396969530253E+01    0.939679980278015137E+00    0.943125581962384985E+01    0.772864893112184781E+01   -0.545522970352101177E+00
    0.315570425044831536E-02    0.206537208557128906E+02    0.831524024289753427E+01    0.110714308727246191E+01    0.121913097798824310E+00    0.950956023291679742E+01    0.759384390162232936E+01   -0.182221629540320507E+00
    0.311539043966448581E-02    0.206504497528076172E+02    0.840870779283618575E+01    0.135287503444273205E+01    0.208654299378395081E+00    0.953545062627253159E+01    0.826811900516623588E+01   -0.122945877002040937E+01
    0.307584389188110107E-02    0.206470146179199219E+02    0.860648423128989926E+01    0.164545113346321781E+01    0.113094031810760498E+01    0.913687015120754609E+01    0.700019559211809117E+01   -0.641997890990663622E+00
    0.304299175724678274E-02    0.206395053863525391E+02    0.749365913745126644E+01    0.267783909705030831E+01    0.107611131668090820E+01    0.654968395503013223E+01    0.978906867648867518E+01   -0.139853106773801583E+01
    0.300258834363133914E-02    0.206372528076171875E+02    0.855950349107239106E+01    0.120999620473067382E+01    0.192568227648735046E+00    0.964851547408488130E+01    0.781264934725182147E+01   -0.343103320697140113E+00
    0.296981615084684469E-02    0.206302165985107422E+02    0.778368952670171765E+01    0.295358078583006112E+01    0.124414455890655518E+01    0.624562627106281631E+01    0.102418746551874449E+02   -0.149349422177248248E+01
    0.366227160079545585E-02    0.202109794616699219E+02    0.839334864425476646E+01    0.160358866710461001E+01    0.103784871101379395E+01    0.899827353126185514E+01    0.702536388416388924E+01   -0.149431113454633424E+01
    0.296987929093347428E-02    0.206301040649414062E+02    0.847695819822000729E+01    0.152594149981696248E+01    0.785079836845397949E+00    0.931536120410139468E+01    0.813990497204376595E+01   -0.184746963142637699E+01
    0.339989550687303096E-02    0.203596572875976562E+02    0.839996465559389982E+01    0.153257066523471464E+01    0.820918083190917969E+00    0.913370052065141458E+01    0.749463599228034472E+01   -0.130741148113510830E+01
    0.376688528046502076E-02    0.201546497344970703E+02    0.853554310332253152E+01    0.171538779397664998E+01    0.123909676074981689E+01    0.901807096807221598E+01    0.733278119727069910E+01   -0.145219405309297334E+01
    0.325738498313799234E-02    0.204452972412109375E+02    0.853320999216001574E+01    0.170073295691819348E+01    0.706027984619140625E+00    0.905347242606243441E+01    0.701330697221161703E+01   -0.444484685392678713E+00
    0.319041446100220725E-02    0.204868450164794922E+02    0.854518773014859967E+01    0.167954436544265384E+01    0.691594839096069336E+00    0.906657120333583322E+01    0.760531141688822476E+01   -0.287764207969987140E+00
    0.331204354545050960E-02    0.204120159149169922E+02    0.834811664333050985E+01    0.154684275381085556E+01    0.937058269977569580E+00    0.899010795011302122E+01    0.758734390473754061E+01   -0.858261286781871746E+00
    0.317918268294093949E-02    0.204938983917236328E+02    0.847399123076530714E+01    0.140831883708529637E+01    0.658540189266204834E+00    0.941724943486299182E+01    0.824084354317120926E+01   -0.117202961010344775E+01
    0.323212828269816470E-02    0.204608650207519531E+02    0.833071667829824314E+01    0.192835490179993330E+01    0.717318058013916016E+00    0.859666674671873743E+01    0.744423034198240341E+01    0.213339363095057966E+00
    0.327730852746831083E-02    0.204331016540527344E+02    0.847510316240324180E+01    0.178843500217851448E+01    0.134172177314758301E+01    0.883142964890364546E+01    0.755848054826495108E+01   -0.507319833421992383E+00
    0.318821540761346891E-02    0.204882240295410156E+02    0.835641185590656832E+01    0.167138241490779693E+01    0.132491266727447510E+01    0.912244001403561455E+01    0.861953783618557168E+01   -0.104175482168747280E+00
    0.339029862405141507E-02    0.203653106689453125E+02    0.833623824129060154E+01    0.172876218451924912E+01    0.149029541015625000E+01    0.894497132473067680E+01    0.820359425105816342E+01   -0.959051052541994853E+00
    0.301114384911277400E-02    0.206025066375732422E+02    0.837240829198582226E+01    0.152817337780924545E+01    0.209451103210449219E+01    0.940513176963116315E+01    0.926749393953376988E+01   -0.109060968331814179E+01
    0.416995559963641033E-02    0.199513359069824219E+02    0.836860026309722471E+01    0.177342042414183543E+01    0.128264021873474121E+01    0.869537378139616735E+01    0.705632142770936976E+01   -0.884400941437578858E+00
    0.340448009648439001E-02    0.203569622039794922E+02    0.832242478986925427E+01    0.183340752591793321E+01    0.810647368431091309E+00    0.880542648710026654E+01    0.773811120554955156E+01   -0.789281609504300263E+00
    0.323939857634668359E-02    0.204563713073730469E+02    0.829294122316636262E+01    0.158780818580328020E+01    0.133805477619171143E+01    0.885539799216107859E+01    0.787940150170666609E+01   -0.630412453295914110E+00
    0.410376807436979660E-02    0.199833354949951172E+02    0.823583055907073103E+01    0.188886451951041767E+01    0.763712763786315918E+00    0.870139076579555137E+01    0.781847970775087298E+01   -0.687406377317269390E+00
    0.324376983734626532E-02    0.204536743164062500E+02    0.853156673927579590E+01    0.151818762767195814E+01    0.387535452842712402E+00    0.938746687042234385E+01    0.726053428581887861E+01   -0.130264544021990658E+01
    0.301153154689402097E-02    0.206022491455078125E+02    0.862489535636885130E+01    0.163054929380884106E+01    0.409295886754989624E+00    0.941953741111652754E+01    0.777142637732494279E+01   -0.143809678772570315E+01
    0.339762010872167236E-02    0.203609962463378906E+02    0.840993548478698294E+01    0.177890863038700409E+01    0.487393140792846680E+00    0.893614594567534937E+01    0.707463725912850272E+01   -0.118605547553686375E+01
    0.375580474234704078E-02    0.201605415344238281E+02    0.836674771333335521E+01    0.168372055418621747E+01    0.874073579907417297E-01    0.915595238752653806E+01    0.760958172044150505E+01   -0.143768182244210996E+01
    0.348271644385199234E-02    0.203115215301513672E+02    0.842345886979917502E+01    0.153763408041129979E+01    0.394030034542083740E+00    0.924208494406445169E+01    0.708567399276457000E+01   -0.156848204859589901E+01
    0.305849537763019713E-02    0.205713005065917969E+02    0.849725566088056539E+01    0.145724589446493380E+01    0.592080473899841309E+00    0.942798793187369988E+01    0.806072956313355427E+01   -0.145543123249413719E+01
    0.360748820449967528E-02    0.202411231994628906E+02    0.870257715479748484E+01    0.172581829477628812E+01    0.646589815616607666E+00    0.934966696568201350E+01    0.748880419362090866E+01   -0.198703424326975342E+01
    0.373103258723190070E-02    0.201737766265869141E+02    0.836794848463694407E+01    0.179809754901405250E+01    0.751166716217994690E-01    0.906231083978271990E+01    0.753514315708183258E+01   -0.212985094455121837E+01
    0.445631897034342965E-02    0.198185005187988281E+02    0.845245932455783233E+01    0.191283876511989814E+01    0.533688843250274658E+00    0.894857159644757516E+01    0.769343941731249981E+01   -0.173319829026282757E+01
    0.408812376868932653E-02    0.199909744262695312E+02    0.818437921223512710E+01    0.182428171165530695E+01    0.265176981687545776E+00    0.868002508007463369E+01    0.717700500229029981E+01   -0.138747425195218588E+01
    0.372114327389300777E-02    0.201790847778320312E+02    0.822454924766579509E+01    0.188016851274381502E+01    0.144539535045623779E+00    0.891896120369842826E+01    0.802949384784422904E+01   -0.147484342827434545E+01
    0.309433842584892283E-02    0.205479984283447266E+02    0.843291007900581135E+01    0.155862747324127771E+01    0.565151751041412354E+00    0.922949747099269935E+01    0.720858792647950608E+01   -0.178106872650675219E+01
    0.391725846025851518E-02    0.200763626098632812E+02    0.818758025157596236E+01    0.182918044660977364E+01    0.479355454444885254E+00    0.876546683130480453E+01    0.784659772011948764E+01   -0.141422684839636004E+01
    0.310318631883863515E-02    0.205422878265380859E+02    0.835922348616680111E+01    0.150023182751627004E+01    0.355864077806472778E+00    0.923789945346218389E+01    0.791754816248101800E+01   -0.175498636007881670E+01
    0.352207966271263521E-02    0.202890434265136719E+02    0.815758684865009087E+01    0.182284229673990450E+01    0.968199446797370911E-01    0.867519624370345888E+01    0.719667733271769450E+01   -0.137234181826324364E+01
    0.306702725325685944E-02    0.205657291412353516E+02    0.857316656323742343E+01    0.129349285802389513E+01    0.588315248489379883E+00    0.966716625567444687E+01    0.782021232943553279E+01   -0.152769190218380535E+01
    0.346593423290773080E-02    0.203211822509765625E+02    0.851670619926541050E+01    0.150330009628891337E+01    0.439027428627014160E+00    0.941949195273283557E+01    0.782119185824809637E+01   -0.191098291926641117E+01
    0.348134498516277941E-02    0.203123092651367188E+02    0.850783951250910775E+01    0.149192721626948432E+01    0.352347344160079956E+00    0.948928707143913286E+01    0.837867630743380865E+01   -0.177968915898827373E+01
    0.317909779073796521E-02    0.204939517974853516E+02    0.845709047712282391E+01    0.141814345096705341E+01    0.288613289594650269E+00    0.933604084798416345E+01    0.706783352732392256E+01   -0.701227885524800643E+00
    0.394896470966826004E-02    0.200602397918701172E+02    0.846120504763530690E+01    0.181704212165038204E+01    0.236206129193305969E+00    0.906901521490200757E+01    0.780710609928433197E+01   -0.151185088168021364E+01
    0.430593226270369316E-02    0.198871593475341797E+02    0.848863393743877204E+01    0.181565052228157686E+01    0.163278341293334961E+00    0.920089253096145931E+01    0.781515115804684690E+01   -0.211160395820183844E+01
    0.335017098007548341E-02    0.203891239166259766E+02    0.828894979994656822E+01    0.184693718471692048E+01    0.398885041475296021E+00    0.877703728018204288E+01    0.726245558174686590E+01   -0.197000895642279827E+01
    0.304411732892877467E-02    0.205807247161865234E+02    0.834636532710143442E+01    0.156465137476875116E+01    0.228598728775978088E+00    0.916020200046722621E+01    0.776725043609104837E+01   -0.747416632533307368E+00
    0.373644495785690036E-02    0.201708774566650391E+02    0.841019665712010323E+01    0.166535565534091967E+01    0.451699316501617432E+00    0.895148185552951503E+01    0.742472165971024189E+01   -0.190189237049608995E+00
    0.371695100432652354E-02    0.201813392639160156E+02    0.841646580821315382E+01    0.168578403176410752E+01    0.440550625324249268E+00    0.901516114535409052E+01    0.775154720629570981E+01   -0.609316146744291798E+00
    0.329353859513894110E-02    0.204232215881347656E+02    0.833360866332422034E+01    0.167498532368415720E+01    0.151236802339553833E+00    0.910794391231243594E+01    0.810259045938098410E+01   -0.568317911072752979E+00
    0.364478753061605416E-02    0.202205505371093750E+02    0.830874512120824349E+01    0.185709369250208400E+01    0.189991131424903870E+00    0.878341048819036097E+01    0.775670712211430402E+01    0.230110186059319766E+00
    0.305476705384610456E-02    0.205737400054931641E+02    0.855113258905075213E+01    0.179861869730767987E+01    0.212052643299102783E+00    0.914490537273332471E+01    0.801931338029661589E+01   -0.416197244183630577E+00
    0.298234767415608186E-02    0.206217250823974609E+02    0.809180198129733164E+01    0.167624406583553132E+01    0.415790706872940063E+00    0.869947359346677374E+01    0.763560557038891474E+01   -0.918440473182466466E+00
    0.299505976989776100E-02    0.206132183074951172E+02    0.854068160492010620E+01    0.144142830996337290E+01    0.112497642636299133E+00    0.950816749925367510E+01    0.865837947415123388E+01   -0.833676112942192127E-01
    0.303180413899878246E-02    0.205888309478759766E+02    0.842724139459796362E+01    0.176773664378354267E+01    0.444301664829254150E+00    0.885703876334396867E+01    0.768125695064572156E+01    0.130336584215910989E-01
    0.330418793524895997E-02    0.204167652130126953E+02    0.828106464529622599E+01    0.157252641296453022E+01    0.194638371467590332E+00    0.898817872598769263E+01    0.745893528676365847E+01   -0.340209225017900740E+00
    0.429211162358082449E-02    0.198935890197753906E+02    0.838951453353665499E+01    0.176524962898368276E+01    0.231684818863868713E+00    0.904688855160572736E+01    0.803576591603477119E+01   -0.575692880391321049E+00
    0.298135237434109723E-02    0.206223926544189453E+02    0.819454478494163041E+01    0.162360837207138431E+01    0.133043438196182251E+00    0.906140676840430004E+01    0.822915086197430057E+01   -0.542511954833406973E+00
    0.310080489265685856E-02    0.205438232421875000E+02    0.838054005683082615E+01    0.124150374153001675E+01    0.367057956755161285E-01    0.950663723580109554E+01    0.789013624443665140E+01   -0.554045079192357015E+00
    0.332189724721935727E-02    0.204060745239257812E+02    0.814105186803015712E+01    0.163308225731727275E+01    0.372518077492713928E-01    0.887567576720451079E+01    0.774850207723678963E+01   -0.769606246396405291E+00
    0.316626277315133417E-02    0.205020427703857422E+02    0.803644922274027707E+01    0.172705909883737818E+01    0.381188035011291504E+00    0.852173326632189188E+01    0.712423271315284090E+01   -0.376250484330368229E+00
    0.404805910888458419E-02    0.200106716156005859E+02    0.829585409552893793E+01    0.184879773212440268E+01    0.365134060382843018E+00    0.877086815868998926E+01    0.758543573550040229E+01   -0.419939121382427283E+00
    0.325988666323445437E-02    0.204437618255615234E+02    0.846869721100167894E+01    0.157092838611545749E+01    0.915892839431762695E+00    0.912341384146632706E+01    0.713904411529243976E+01   -0.964934184800182893E+00
    0.437904971866067035E-02    0.198534832000732422E+02    0.842193227521071641E+01    0.185973987126707208E+01    0.552593171596527100E+00    0.895196275522929596E+01    0.736109671563919754E+01   -0.172053022385386001E+01
    0.392376038699061586E-02    0.200730457305908203E+02    0.854792327636811144E+01    0.173209354823927408E+01    0.346856296062469482E+00    0.922497350913689473E+01    0.718451294984998334E+01   -0.170778039733664988E+01
    0.348091672256704713E-02    0.203125553131103516E+02    0.810165371618040453E+01    0.180067678389054509E+01    0.220862030982971191E-01    0.863277897168080344E+01    0.771676663656035977E+01    0.210387038954491512E+00
    0.297839403107438448E-02    0.206243782043457031E+02    0.820787625370382123E+01    0.171367405123927385E+01    0.444264113903045654E+00    0.881995509816677092E+01    0.760693885897649746E+01   -0.672394641839974661E+00
    0.385803889811417444E-02    0.201068286895751953E+02    0.811541026884606254E+01    0.180295615244029639E+01    0.920997336506843567E-01    0.881601102134020564E+01    0.790743406568417839E+01   -0.102274125517870207E+01
    0.346354857541130703E-02    0.203225593566894531E+02    0.832702393459950763E+01    0.171893902842755475E+01    0.156026288866996765E+00    0.905184073969729397E+01    0.761359305833913780E+01   -0.186145180567454460E+01
    0.389237899927720281E-02    0.200891056060791016E+02    0.832122606424248445E+01    0.164596560275786175E+01    0.799002587795257568E+00    0.889706915376181584E+01    0.718465498091626209E+01   -0.744756899056210786E+00
    0.414973513865102978E-02    0.199610576629638672E+02    0.822421627983564818E+01    0.192647946650037416E+01    0.113954050466418266E-01    0.877870936664431589E+01    0.748491007383162543E+01   -0.156152158820276332E+01
    0.356448394495865366E-02    0.202651081085205078E+02    0.866810596647004949E+01    0.164278265978974747E+01    0.709208250045776367E+00    0.943823027831350103E+01    0.812306870909700507E+01   -0.204724334027867272E+01
    0.408995268609414590E-02    0.199900798797607422E+02    0.837107123614936555E+01    0.173016730123516327E+01    0.100266017019748688E+00    0.921185930312093859E+01    0.837151485079866475E+01   -0.799056108179907909E+00
    0.374258252127728994E-02    0.201675949096679688E+02    0.832116865334590727E+01    0.181303036554338082E+01    0.581364393234252930E+00    0.879558289670456617E+01    0.759499685396949786E+01   -0.203400908580771356E+01
    0.329777848118896532E-02    0.204206485748291016E+02    0.838165563823329229E+01    0.173799509970456190E+01    0.645443499088287354E+00    0.898078318284272470E+01    0.711041032383061555E+01   -0.157735215093665859E+01
    0.300986623573637393E-02    0.206033554077148438E+02    0.772298362376365066E+01    0.289363731265084656E+01    0.116377151012420654E+01    0.660051772376582147E+01    0.999730645419585784E+01   -0.199655467133298758E+01
