 F
        1450        8474           3         150
   -0.165707591982681492E+02   -0.120318916096427539E+02
 T
   2
    0.200000000000000000E+01    0.300000000000000000E+01    0.540000000000000036E+00    0.460000000000000020E+00
   0
   0
 T T     0           0
    0.000000000000000000E+00   -0.340282346638528860E+39    0.000000000000000000E+00
 T F     1          81
    0.119701773766313187E-03   -0.172222861497273279E+02   -0.121010225181755793E+02
 T F     1          69
    0.606469123626545101E-04   -0.173073343628385778E+02   -0.119566239808871799E+02
