 F
        3169       27316           3         150
   -0.429402076677182052E+02   -0.277759654726535388E+02
 T
   2
    0.200000000000000000E+01    0.300000000000000000E+01    0.900000000000000022E+00    0.100000000000000006E+00
   0
   0
 T T     0           0
    0.000000000000000000E+00   -0.340282346638528860E+39    0.000000000000000000E+00
 T F     1         135
    0.158075933171962261E-08   -0.429402076677182052E+02   -0.277759654726535388E+02
 T F     1          15
    0.280087677925614881E-09   -0.865223625832647514E+02   -0.690144233784090915E+02
