 F
        1150        5032           3         150
   -0.187295857999206383E+02   -0.127823527738753402E+02
 T
   2
    0.200000000000000000E+01    0.300000000000000000E+01    0.906666666666666621E+00    0.933333333333333376E-01
   0
   0
 T T     0           0
    0.000000000000000000E+00   -0.340282346638528860E+39    0.000000000000000000E+00
 F F     1         136
    0.130915607722647469E-02   -0.190246126634683144E+02   -0.131329289754854077E+02
 F F     1          14
    0.374133589409894011E-04   -0.200941640204821219E+02   -0.117607485409253734E+02
