    0.182609945024497599E-98    0.496331756591796875E+03    0.749590742713442015E+01    0.110359930534192352E+01    0.785022974014282227E+00    0.728997056950260358E+01    0.737969145027077733E+01   -0.127324046706924721E+01
    0.744515821666226916E-98    0.493507659912109375E+03    0.965055724933762704E+01    0.415445441445311037E+01    0.396643161773681641E+00    0.873906480551526776E+01    0.933573857196249257E+01   -0.149652012096249987E+01
    0.902413249891623623E-98    0.493109649658203125E+03    0.956258274407544562E+01    0.373728014060099234E+01    0.814482748508453369E+00    0.839540430559892314E+01    0.858897153402905289E+01   -0.104463227900123057E+01
    0.173777820746582250E-97    0.491785736083984375E+03    0.790840574787677220E+01    0.312865329927730906E+01    0.156023219227790833E+00    0.622491588290750286E+01    0.725415771325013115E+01   -0.115989267582703448E+00
    0.177809539593372270E-97    0.491726531982421875E+03    0.805583878599321501E+01    0.742889378734178263E+00    0.253592681884765625E+01    0.769182702912695326E+01    0.923649895484718719E+01   -0.216575862473265568E+01
    0.179453379346514664E-97    0.491694793701171875E+03    0.828546796033206867E+01    0.430807519308967368E+01    0.115577399730682373E+00    0.644021161942849396E+01    0.756966537593609878E+01   -0.114375588477267165E+01
    0.323276955293843360E-97    0.490504272460937500E+03    0.856227285520111181E+01    0.141875958974252536E+01    0.442842960357666016E+00    0.869019490076734513E+01    0.972456723875654205E+01   -0.147420847332140270E+01
    0.529024116712858929E-97    0.489505889892578125E+03    0.879403490589414893E+01    0.269113782371166810E+01    0.134180858731269836E+00    0.836585976852288127E+01    0.821703762968828144E+01    0.811069904333248104E-01
    0.235236660855194102E-96    0.486508270263671875E+03    0.814508498579301587E+01    0.110409322110697317E+01    0.645856380462646484E+00    0.843910798517031324E+01    0.937612122728195807E+01   -0.176926532110696688E+01
    0.934805963807647768E-96    0.483735443115234375E+03    0.715450376384601761E+01    0.151587157401066519E+01    0.186918929219245911E+00    0.691913384324504666E+01    0.898948829044405784E+01   -0.435287963162270142E+00
    0.138634927710255216E-95    0.482933929443359375E+03    0.936110947006019956E+01    0.413848889704788014E+01    0.113874924182891846E+01    0.764697388689681290E+01    0.792675647259367455E+01   -0.174309678197292284E+01
    0.164036488026921157E-95    0.482584106445312500E+03    0.860107052977647513E+01    0.361199982559649602E+01    0.149513602256774902E+00    0.771913422248568004E+01    0.851230856981082340E+01   -0.158073298904538140E+01
    0.276176632150625628E-95    0.481528869628906250E+03    0.715860891313803105E+01    0.145133679376296754E+01    0.126080513000488281E+00    0.640790538702081403E+01    0.744714621226932749E+01   -0.103516401548317050E+01
    0.942913492425919833E-94    0.474454498291015625E+03    0.849343632007571969E+01    0.351893320495071071E+01    0.450269371271133423E+00    0.740532142666311888E+01    0.753171603920096011E+01   -0.144253567749136713E+01
    0.643677457205935066E-93    0.470599548339843750E+03    0.857110469372127071E+01    0.105555209710239395E+01    0.129664361476898193E+01    0.864905715608790437E+01    0.834229766524920002E+01   -0.212528172479005528E+01
    0.128751206608699458E-92    0.469199676513671875E+03    0.949807887338415036E+01    0.409043846376672970E+01    0.547832787036895752E+00    0.853025086792830756E+01    0.836519757328087721E+01   -0.194145852321408863E+01
    0.222265658333428058E-92    0.468094360351562500E+03    0.845169231001484178E+01    0.125522840702430605E+01    0.813202381134033203E+00    0.866784368308640119E+01    0.925472758346362845E+01   -0.174779719499946373E+01
    0.483475949342640893E-91    0.461921600341796875E+03    0.807464419410619705E+01    0.475099571316669778E+01    0.462539345026016235E-01    0.689289776598180381E+01    0.954353618495068545E+01   -0.131050172792582398E+01
    0.263378740152190407E-90    0.458517913818359375E+03    0.838792638093622145E+01    0.383191377378612197E+01    0.384625941514968872E-01    0.776429487781099414E+01    0.845281998544701807E+01   -0.663253673544562661E+00
    0.193189182016375076E-89    0.454519256591796875E+03    0.757369966032911623E+01    0.178360998139788363E+01    0.231943950057029724E+00    0.659239892287045226E+01    0.847488145888953426E+01   -0.216955459608860490E+01
    0.195022812926947993E-89    0.454487030029296875E+03    0.788879273642958800E+01    0.325245138061629158E+01    0.902433544397354126E-01    0.672916475929128310E+01    0.966445813258307851E+01   -0.215225599263359024E+01
    0.197698682076859404E-89    0.454446441650390625E+03    0.868144291435847570E+01    0.211987175936947114E+01    0.194089487195014954E+00    0.867372823166000728E+01    0.948577341858435652E+01   -0.511071981189795688E+00
    0.475501482498812291E-89    0.452677856445312500E+03    0.818943289311182632E+01    0.347044276535525853E+01    0.144159838557243347E+00    0.607028032489852443E+01    0.805813559904865251E+01   -0.154335529277269101E+01
    0.513646415007383694E-89    0.452510192871093750E+03    0.768380156779782464E+01    0.158737271173083938E+01    0.116988070309162140E+00    0.746791420474631096E+01    0.959157266053448865E+01    0.560410946165426083E-01
    0.173671814335619263E-88    0.450060424804687500E+03    0.916390647242817202E+01    0.426504800345167645E+01    0.947407353669404984E-02    0.861343987315322579E+01    0.938686877151368471E+01   -0.120578684422425919E+00
    0.195864547177035314E-88    0.449806579589843750E+03    0.843766164957100528E+01    0.182716458775835333E+01    0.735687613487243652E+00    0.800988345865263796E+01    0.938045286613486695E+01   -0.121475643348470408E+01
    0.237766160953198333E-88    0.449405517578125000E+03    0.972839667626830540E+01    0.463348045429405175E+01    0.129681015387177467E-01    0.893632944506475546E+01    0.896392438946334735E+01   -0.829943715787232694E+00
    0.674003638299594456E-88    0.447308288574218750E+03    0.891925525296159449E+01    0.265776680364292650E+01    0.129803478717803955E+01    0.743345586157630134E+01    0.814067443493986431E+01   -0.179518031525852972E+01
    0.128508083111484137E-87    0.446004272460937500E+03    0.863370052013062761E+01    0.238763005157616170E+01    0.146868243813514709E+00    0.837129979938915270E+01    0.102921955630014175E+02   -0.446745180935773867E+00
    0.589663951212349142E-87    0.442943817138671875E+03    0.840930400386577936E+01    0.549557218580825513E+00    0.116815954446792603E+00    0.937488050221296021E+01    0.836355773686134363E+01   -0.164459489341552034E+01
    0.707245576062619800E-87    0.442566833496093750E+03    0.842309756377683527E+01    0.403356609569991775E+01    0.159123409539461136E-01    0.780153832492967680E+01    0.977156315082547167E+01   -0.441647598883063264E+00
    0.268353633513822618E-86    0.439886474609375000E+03    0.917016362961087950E+01    0.357970046791907803E+01    0.570104718208312988E+00    0.840861333457717208E+01    0.104386313197584144E+02   -0.108120249519632483E+01
    0.338378253409831834E-86    0.439409423828125000E+03    0.916239547874815763E+01    0.377091566792964006E+01    0.733646571636199951E+00    0.804454369791008261E+01    0.101142822585950292E+02   -0.397296655320979797E+00
    0.454047878658834229E-86    0.438808013916015625E+03    0.945665991649162052E+01    0.444662218570681045E+01    0.120576608180999756E+01    0.789921446505779823E+01    0.869897509305803140E+01   -0.195970826061059178E+01
    0.508308525923120486E-86    0.438568908691406250E+03    0.865189665387242712E+01    0.123445490863973539E+01    0.475843608379364014E+00    0.907843076276901861E+01    0.979517681484579583E+01   -0.156871482943325535E+00
    0.681151067675049049E-86    0.437970184326171875E+03    0.770086847994177504E+01    0.103903117354273977E+01    0.849935650825500488E+00    0.751531978587421268E+01    0.795650651154669220E+01   -0.160836777946869836E+01
    0.351247025214046753E-85    0.434676269531250000E+03    0.920758336554252210E+01    0.382411651753921955E+01    0.714525640010833740E+00    0.815238358380705108E+01    0.809855570438368133E+01   -0.163395192103725018E+01
    0.810925636471752515E-85    0.432989562988281250E+03    0.831512809058918201E+01    0.393140266043880349E+01    0.334350675344467163E+00    0.668338397866073386E+01    0.885129337220588575E+01   -0.149037204341986573E+01
    0.125093863953269421E-84    0.432109283447265625E+03    0.876214626431465149E+01    0.111273765563964844E+01    0.567852795124053955E+00    0.943138792090843836E+01    0.104112748801708221E+02   -0.187394580513975395E+01
    0.127201719044116090E-84    0.432062530517578125E+03    0.831479447101403579E+01    0.374303496044541539E+01    0.257062613964080811E+00    0.692143880791304955E+01    0.918487094289641348E+01   -0.738918102673419508E+00
    0.405148380927616960E-84    0.429732238769531250E+03    0.974920550096533134E+01    0.424385325961603055E+01    0.491726040840148926E+00    0.882866940992879279E+01    0.978038103407236648E+01   -0.101577710057627191E+01
    0.132079218346447943E-83    0.427355438232421875E+03    0.894865922676552827E+01    0.449381313185153530E+01    0.175725340843200684E+00    0.820588691335826148E+01    0.975158469497852742E+01   -0.115564398989137129E+01
    0.148444230570288222E-83    0.427108489990234375E+03    0.840121341707017955E+01    0.311443225433269344E+01    0.147737756371498108E+00    0.782644879608285660E+01    0.979699900635535670E+01   -0.168347259615340472E+01
    0.218438009314293972E-83    0.426322570800781250E+03    0.838957155624368056E+01    0.336028177889135682E+01    0.298408299684524536E+00    0.748538684995583825E+01    0.870838708773922399E+01   -0.187410226174624106E+01
    0.106843667568733476E-82    0.423134338378906250E+03    0.770619611152883888E+01    0.235746259164162542E+01    0.255178898572921753E+00    0.696803690873632320E+01    0.103107217309824186E+02   -0.662477285331486421E-01
    0.110013598328968125E-82    0.423062530517578125E+03    0.874378714657999190E+01    0.162478393635143292E+01    0.527833938598632812E+00    0.830407003882138994E+01    0.779984485103009728E+01   -0.157454631429389025E+01
    0.111069641494623177E-82    0.423030090332031250E+03    0.747747420889862280E+01    0.157601858415903262E+01    0.179088205099105835E+00    0.740952011121819787E+01    0.969789971306385112E+01   -0.403709461945614301E+00
    0.140167775845484790E-82    0.422551391601562500E+03    0.720678507112902622E+01    0.101815766254421858E+01    0.156767502427101135E+00    0.732806420165293027E+01    0.836957286370698661E+01   -0.135292533931150549E+01
    0.145860649262298131E-82    0.422458435058593750E+03    0.828238889341127305E+01    0.212247910459796563E+01    0.507173120975494385E+00    0.774413156793077295E+01    0.961958416559353680E+01   -0.139397120600232483E+01
    0.170484389194653429E-82    0.422133117675781250E+03    0.949698119663270468E+01    0.365787489731299686E+01    0.562182843685150146E+00    0.862511184259049024E+01    0.895041800429244638E+01   -0.304993607728476279E+00
    0.185406968507266592E-82    0.421951965332031250E+03    0.872053680803536579E+01    0.126798000979669157E+01    0.232824776321649551E-01    0.924988045113978608E+01    0.947027982890666387E+01   -0.454209536383203050E+00
    0.205192654575139135E-82    0.421735839843750000E+03    0.940624235194188429E+01    0.399092159815518643E+01    0.120445632934570312E+01    0.791595611010579603E+01    0.745871048852951990E+01   -0.204289074935702075E+01
    0.343848567860098142E-82    0.420690002441406250E+03    0.867493404289227144E+01    0.345472626114247960E+01    0.537890851497650146E+00    0.752971456362051939E+01    0.725096486119222217E+01   -0.929924692433069966E+00
    0.114337633415734840E-81    0.418273590087890625E+03    0.717537368301949385E+01    0.130667647127960618E+01    0.287515044212341309E+00    0.692430724239256179E+01    0.743063933615144023E+01   -0.689443923231903399E+00
    0.282647841844668548E-81    0.416450164794921875E+03    0.818015992641588774E+01    0.371680748842510811E+01    0.201784402132034302E+00    0.698595954029268640E+01    0.849653543826527979E+01   -0.191358976037819994E+01
    0.513389823879162443E-81    0.415243164062500000E+03    0.840220816093425071E+01    0.239278872874817727E+01    0.520999789237976074E+00    0.787248996886509822E+01    0.103589223459975663E+02   -0.961889757944656143E+00
    0.850785906844984890E-80    0.409614410400390625E+03    0.708540161610883423E+01    0.120224917345959836E+01    0.268384397029876709E+00    0.662675631420289690E+01    0.716282695295520089E+01   -0.984900642002098703E+00
    0.973944980490354450E-80    0.409330688476562500E+03    0.843466421513009834E+01    0.343665242539676674E+01    0.413709104061126709E+00    0.645829855660949192E+01    0.725520741980461192E+01   -0.213773421999741320E+01
    0.273617221919251032E-79    0.407251434326171875E+03    0.953193951615162050E+01    0.360437659145976586E+01    0.165533900260925293E+00    0.912172920436329626E+01    0.989322485372878013E+01   -0.132176149520939412E+01
    0.991866586868357195E-79    0.404662384033203125E+03    0.813335982570342253E+01    0.310460163144925438E+01    0.871634557843208313E-01    0.761800021584803133E+01    0.857505896936392276E+01   -0.593050031669144273E+00
    0.343916152417875141E-78    0.402162261962890625E+03    0.829348303252829133E+01    0.105959152126974154E+01    0.135471343994140625E+00    0.871143957529793944E+01    0.869683368298063186E+01   -0.119061548960995323E+01
    0.949758189014037043E-78    0.400117309570312500E+03    0.922190305231125151E+01    0.304595719197434578E+01    0.695477545261383057E+00    0.856545367515052192E+01    0.902172471319952507E+01   -0.131714173177593197E+01
    0.320296040187932189E-77    0.397672729492187500E+03    0.707172619835403982E+01    0.130113660393814534E+01    0.435437522828578949E-01    0.705027583156528870E+01    0.995737133743601355E+01   -0.279396880033551342E+00
    0.134383584266977864E-76    0.394791320800781250E+03    0.899202088521459686E+01    0.233459358534936623E+01    0.560720682144165039E+00    0.865614744517478307E+01    0.102795283276605378E+02   -0.171833651281009825E+01
    0.357899752618340990E-76    0.392818878173828125E+03    0.805443101426352115E+01    0.141226046505097780E+01    0.484476089477539062E+00    0.809173900621810027E+01    0.986786844485610359E+01   -0.465595998942086364E+00
    0.453631130550006198E-76    0.392331481933593750E+03    0.867703483584884339E+01    0.375645170079925617E+01    0.558556728065013885E-01    0.787033743920582296E+01    0.863232898877621402E+01    0.149276931738504981E+00
    0.531313158665053375E-76    0.392002014160156250E+03    0.919072243329827998E+01    0.407700804876841882E+01    0.342253714799880981E+00    0.842591459327740999E+01    0.938338386107721867E+01   -0.195532760732918653E+01
    0.804379885630916194E-76    0.391159240722656250E+03    0.912308739782622169E+01    0.410678479602873026E+01    0.953682303428649902E+00    0.754456181547789040E+01    0.734212247785954375E+01   -0.177516527217428832E+01
    0.127632865605738319E-75    0.390222564697265625E+03    0.828643688209066021E+01    0.165147650049412165E+01    0.398409724235534668E+00    0.832113245442882921E+01    0.104260926345311198E+02   -0.102549444967181924E+01
    0.224085021538545285E-75    0.389083496093750000E+03    0.758501248419059504E+01    0.103492824539056039E+01    0.433716684579849243E+00    0.781113156582286727E+01    0.100868838374189203E+02   -0.142027044196677732E+01
    0.304299210221161380E-75    0.388458190917968750E+03    0.844057799213185689E+01    0.232920773651037294E+01    0.488572299480438232E+00    0.788594952157748708E+01    0.101538816761932704E+02   -0.133332569001054724E+01
    0.138185381464637158E-74    0.385418518066406250E+03    0.920483483809392311E+01    0.403966521472746187E+01    0.360806345939636230E+00    0.837905979523720745E+01    0.892694783725823093E+01   -0.927585258531656187E+00
    0.140573877895075916E-74    0.385370910644531250E+03    0.785059086530296035E+01    0.122417446821163201E+01    0.418972939252853394E+00    0.787769562340985718E+01    0.842864226222463842E+01   -0.105155250300677716E+01
    0.296914962925684272E-74    0.383862152099609375E+03    0.921381771737269162E+01    0.390096844706641654E+01    0.554505348205566406E+00    0.818502940840378379E+01    0.848981100247237563E+01   -0.603868860965686594E+00
    0.680673549537500740E-74    0.382189544677734375E+03    0.864444297034112275E+01    0.428917501313407268E+01    0.209499709308147430E-01    0.797852424907178914E+01    0.854924901965416950E+01   -0.146697977536166690E+01
    0.840803043626554331E-74    0.381753662109375000E+03    0.829141987557246196E+01    0.346125164165472610E+01    0.386109575629234314E-01    0.755238066573126066E+01    0.968481284523712915E+01   -0.117052166807869451E+00
    0.149798104740524945E-73    0.380585296630859375E+03    0.850823812553309899E+01    0.446102376551948154E+01    0.150534868240356445E+00    0.730968733871943144E+01    0.100750285319248292E+02   -0.169570489245168576E+01
    0.222926547425382502E-73    0.379776855468750000E+03    0.752187503789655043E+01    0.871853948784250266E+00    0.369680702686309814E+00    0.813867583985904908E+01    0.101857047814864679E+02   -0.897763916145664753E+00
    0.263853055861127366E-73    0.379426422119140625E+03    0.810496147019843782E+01    0.122988920005428026E+01    0.201643794775009155E+00    0.826320245762630989E+01    0.902107535332062760E+01   -0.172662206958638187E+01
    0.109708514808054400E-72    0.376563049316406250E+03    0.891233880177993321E+01    0.221046178447625685E+01    0.876850068569183350E+00    0.839619966778373339E+01    0.907698389197346600E+01   -0.181095972412537054E+01
    0.614272647623574865E-72    0.373104492187500000E+03    0.746632882607323811E+01    0.109596689381081203E+01    0.731349825859069824E+00    0.740104085487648078E+01    0.761798748206945930E+01   -0.603367015841712151E+00
    0.415338909467222869E-71    0.369268676757812500E+03    0.818261834013530986E+01    0.237567798416522580E+01    0.456338942050933838E+00    0.744360025274654280E+01    0.938868490094781727E+01   -0.169900631803371560E+00
    0.545711940784066213E-71    0.368709350585937500E+03    0.863711365639750461E+01    0.217306570489766626E+01    0.961439013481140137E+00    0.785210577363973083E+01    0.914532270850119389E+01   -0.188671634274476929E+01
    0.943857083206063340E-71    0.367600250244140625E+03    0.959063390165789009E+01    0.311680269053705139E+01    0.236296027898788452E+00    0.826305090552160770E+01    0.721969168969136899E+01   -0.116966897706202544E+01
    0.165452748516506463E-70    0.366464324951171875E+03    0.868667504004815960E+01    0.205044930371533907E+01    0.226645693182945251E+00    0.856423213285219376E+01    0.985519400539191892E+01   -0.361254768018110850E+00
    0.168461578098256574E-70    0.366414947509765625E+03    0.872317487804919445E+01    0.229119022061093958E+01    0.762681290507316589E-01    0.857114973343654363E+01    0.954631792662336132E+01    0.662142766454403287E-01
    0.875313448961212826E-70    0.363105865478515625E+03    0.853520653384626016E+01    0.250916683165992316E+01    0.277618438005447388E+00    0.807680863190772058E+01    0.982584194219004381E+01   -0.121462917420304262E+01
    0.154120265745745943E-69    0.361961059570312500E+03    0.813113153094762175E+01    0.220099748289481267E+01    0.131140798330307007E+00    0.775988756258556656E+01    0.813562513339510929E+01    0.769592240829992669E-01
    0.275190020047631938E-69    0.360788269042968750E+03    0.917130995972193119E+01    0.248154471038874069E+01    0.203857645392417908E+00    0.880576800804846016E+01    0.870219996069846324E+01   -0.260847057708009089E-01
    0.329656444123439285E-69    0.360413757324218750E+03    0.853201833202775006E+01    0.286389643671181071E+01    0.248285800218582153E+00    0.795773439568775487E+01    0.969100170089957125E+01   -0.175136623023936688E+01
    0.342067896457184368E-69    0.360326507568359375E+03    0.743481016555712859E+01    0.480892014385361444E+00    0.289290636777877808E+00    0.827520541129333154E+01    0.761306310276771825E+01   -0.435917249009724950E+00
    0.830492863630238934E-69    0.358539154052734375E+03    0.895281305059433485E+01    0.253188631193800262E+01    0.199173957109451294E+00    0.859733546274235572E+01    0.100961956608584877E+02   -0.813598760871250271E-01
    0.130605221590031568E-68    0.357620330810546875E+03    0.745146641718005043E+01    0.194631904608567230E+01    0.174577102065086365E+00    0.655691540882301016E+01    0.899847000066562153E+01   -0.661643297142201714E+00
    0.644070023797611143E-68    0.354415740966796875E+03    0.833841992456481762E+01    0.256319794787488320E+01    0.348863720893859863E+00    0.781537216241798749E+01    0.898919956067616255E+01   -0.367861845206208571E+00
    0.769207024957728624E-68    0.354047302246093750E+03    0.720896404801809076E+01    0.705037823998553415E+00    0.956871688365936279E+00    0.760813295372225085E+01    0.857639529406663925E+01   -0.307115149317837233E+00
    0.862800900605987752E-68    0.353804321289062500E+03    0.794483862640744221E+01    0.130696800076597075E+01    0.381491392850875854E+00    0.808577061337895842E+01    0.921387114506504368E+01   -0.158702685744993155E+01
    0.864185595495829244E-68    0.353787780761718750E+03    0.722882994754972952E+01    0.150898658067882652E+01    0.171889036893844604E+00    0.672749887097517885E+01    0.752536961550649952E+01   -0.832564115139270644E+00
    0.135769092770135411E-67    0.352870941162109375E+03    0.728226459277050697E+01    0.539711519516105742E+00    0.823680520057678223E+00    0.780703159249007239E+01    0.829461991458025949E+01   -0.171765252719371775E+01
    0.205848506172316022E-67    0.352025238037109375E+03    0.846108625221918764E+01    0.277742711496726447E+01    0.471113920211791992E+00    0.759090590059890946E+01    0.922650264871645831E+01   -0.200758366037638858E+01
    0.353224800912280060E-67    0.350931976318359375E+03    0.850142310536027779E+01    0.429759398963340900E+01    0.172739356756210327E+00    0.729518219757522601E+01    0.991222488374233457E+01   -0.168903603633761401E+01
    0.453003867892583075E-67    0.350421051025390625E+03    0.839310346218687719E+01    0.411740216727329855E+01    0.211470037698745728E+00    0.734940177895876623E+01    0.994185001624496323E+01   -0.328348280064778564E-01
    0.927394024286521662E-67    0.348974761962890625E+03    0.751485053023987248E+01    0.924612704060684854E+00    0.396413832902908325E+00    0.755659898451286161E+01    0.755946661287179822E+01   -0.161363681222783661E+01
    0.168111631778089681E-66    0.347771759033203125E+03    0.775659952374593864E+01    0.325571836944365511E+01    0.673481076955795288E-01    0.657199396436058070E+01    0.915606303632045915E+01    0.288720778129905042E-01
    0.257720522460917776E-66    0.346903930664062500E+03    0.955600651745458052E+01    0.402969988270889345E+01    0.183901965618133545E+00    0.899089933374800054E+01    0.100063898390847790E+02   -0.107018206356008050E+01
    0.403279988764655003E-66    0.345995086669921875E+03    0.785034690233432020E+01    0.335835111215778515E+01    0.564825646579265594E-01    0.673899269801610057E+01    0.832402285952498566E+01   -0.100734500844658736E+00
    0.759742122868048020E-66    0.344715057373046875E+03    0.906725267305971627E+01    0.411103684126302760E+01    0.333896189928054810E+00    0.807345550783541555E+01    0.921512231238142476E+01   -0.378134201969567041E+00
    0.181403930565307572E-65    0.342961059570312500E+03    0.915110650455621588E+01    0.423275009981886274E+01    0.756819605827331543E+00    0.769320734014104080E+01    0.880187896695247574E+01   -0.207692964521440437E+01
    0.199799779839817914E-65    0.342754547119140625E+03    0.795688432664271339E+01    0.249043882108143988E+01    0.300111144781112671E+00    0.664518505403571158E+01    0.870861680493539936E+01   -0.138206553930001630E+01
    0.458059269417045941E-65    0.341081848144531250E+03    0.910272501127935030E+01    0.400255777255666700E+01    0.158282071352005005E+00    0.831218100758289502E+01    0.832254630571508258E+01   -0.205184316898265884E-01
    0.533080461472861618E-65    0.340765167236328125E+03    0.881810689688867733E+01    0.360518439156251747E+01    0.574394702911376953E+00    0.782182468444720946E+01    0.862465972782472434E+01   -0.109788408938572268E+01
    0.191598270203891741E-64    0.338193206787109375E+03    0.870439694334709557E+01    0.150431150467733366E+01    0.182889014482498169E+00    0.899496619819560195E+01    0.930295093619116997E+01   -0.206497953781266119E+00
    0.276237843611596044E-64    0.337448150634765625E+03    0.802404422356300095E+01    0.317851553451139379E+01    0.957806259393692017E-01    0.629286164214675914E+01    0.759390446115937401E+01   -0.174724021835988008E+01
    0.345857082677779726E-64    0.336985290527343750E+03    0.886463872328202740E+01    0.246689765851384779E+01    0.989580690860748291E+00    0.809550189184946056E+01    0.904826906698207623E+01   -0.167116121577245336E+01
    0.464154054514074747E-64    0.336383575439453125E+03    0.801607745349730472E+01    0.290781540581022124E+01    0.151073589920997620E+00    0.730252531835615226E+01    0.922634060382983634E+01   -0.877132657123832038E+00
    0.530720692298985468E-64    0.336102203369140625E+03    0.846477156995564073E+01    0.164118643412686982E+01    0.366971105337142944E+00    0.847173871711675730E+01    0.945297198826680329E+01   -0.797668621708427894E+00
    0.269855916164320040E-63    0.332836395263671875E+03    0.730305364980357563E+01    0.482394836714188313E+00    0.545886874198913574E+00    0.806206041973711152E+01    0.825468708101733739E+01   -0.146429294148342493E+01
    0.303273364544790439E-63    0.332589569091796875E+03    0.942239001878887272E+01    0.410523344660267675E+01    0.246851071715354919E+00    0.866475421687999514E+01    0.904846504670572926E+01   -0.804894553667786283E+00
    0.350389430964913808E-63    0.332287414550781250E+03    0.867065166438414536E+01    0.324486679624609353E+01    0.242396637797355652E+00    0.803019356201658319E+01    0.823733956255774125E+01   -0.209687471944842496E+00
    0.399517251554199643E-63    0.332011657714843750E+03    0.829704568364898343E+01    0.142279242907794301E+01    0.473308026790618896E+00    0.824602304583679135E+01    0.829260109688319602E+01    0.563385467572499188E-01
    0.562937797427717298E-63    0.331312500000000000E+03    0.863572113917798845E+01    0.746011543281184242E+00    0.534447312355041504E+00    0.886355935599578970E+01    0.782340146962589333E+01   -0.190112721690713915E+01
    0.161481075993674294E-62    0.329191558837890625E+03    0.783504274392967837E+01    0.119715734748482716E+01    0.285675972700119019E+00    0.789179390657231661E+01    0.974862382233888347E+01   -0.193624957103757822E+01
    0.185012148026959086E-62    0.328906158447265625E+03    0.883267352864562127E+01    0.338007737794293339E+01    0.361899822950363159E+00    0.792625400024033500E+01    0.913022516565872166E+01   -0.840098366430570342E+00
    0.238869189099198530E-62    0.328381835937500000E+03    0.868452827147129724E+01    0.278429390879490768E+01    0.502694308757781982E+00    0.798027149595259200E+01    0.991310771065677443E+01   -0.813935134274272443E+00
    0.861805039292612701E-62    0.325802276611328125E+03    0.824185258543265853E+01    0.331959953424178877E+01    0.324727177619934082E+00    0.720224122100724262E+01    0.100742427543061428E+02   -0.147831835619441021E+01
    0.152166090570976419E-61    0.324651885986328125E+03    0.832250245439616521E+01    0.162813893867741366E+01    0.315174937248229980E+00    0.837793451390980692E+01    0.975356236607362348E+01   -0.124202577837693084E+01
    0.296530281339590883E-61    0.323304199218750000E+03    0.905701486361806296E+01    0.399381351143893282E+01    0.421745210886001587E+00    0.807128353660730546E+01    0.894785149050653672E+01   -0.515905380432229110E+00
    0.343478123618374771E-61    0.322996917724609375E+03    0.780465452586308484E+01    0.325568469315948006E+01    0.442132428288459778E-01    0.705672353123658702E+01    0.912283068604460468E+01   -0.135245849887294600E+00
    0.562931899373950869E-61    0.321995513916015625E+03    0.860820810146154969E+01    0.371267065032793386E+01    0.222704201936721802E+00    0.781663524435777290E+01    0.882846366050182851E+01    0.176448420687740359E-01
    0.824290486344956069E-61    0.321219451904296875E+03    0.891839409836288688E+01    0.394035642153318300E+01    0.812671482563018799E-01    0.833487073178128135E+01    0.103054540845734461E+02   -0.310703360643621362E+00
    0.352564004068611940E-60    0.318299530029296875E+03    0.829466375891983532E+01    0.198315248008855605E+01    0.595530152320861816E+00    0.761726452352922312E+01    0.100291134128663817E+02   -0.197684026354668174E+01
    0.129686951930958105E-59    0.315681243896484375E+03    0.947385539565494916E+01    0.347595774892522291E+01    0.677743017673492432E+00    0.874761770714969522E+01    0.104972952363189354E+02   -0.133602727643857966E+01
    0.231810492821058128E-59    0.314506317138671875E+03    0.949277433606738263E+01    0.299322108553410882E+01    0.585248291492462158E+00    0.890389161815429908E+01    0.910017867808242720E+01   -0.133135062898044287E+01
    0.293210773390872839E-59    0.314023040771484375E+03    0.902278266852724009E+01    0.392682023342721864E+01    0.309403538703918457E+00    0.807371491478485481E+01    0.986202913470082798E+01   -0.337627569448410769E+00
    0.459200198514467156E-59    0.313112518310546875E+03    0.888821809448683986E+01    0.432792543061726853E+01    0.103940904140472412E+00    0.798462365412238828E+01    0.826501145949159444E+01   -0.785415483826514160E+00
    0.546539041080754680E-59    0.312750946044921875E+03    0.847165765126464620E+01    0.876054671268883589E+00    0.125722289085388184E+01    0.898813467988581216E+01    0.918667233347254353E+01   -0.177795492751114370E+01
    0.756852730597649287E-59    0.312086486816406250E+03    0.714639941446826477E+01    0.690131266132683607E+00    0.344580352306365967E+00    0.782697941697857225E+01    0.901865375691400395E+01   -0.998494240733941885E+00
    0.826145429843157559E-59    0.311897949218750000E+03    0.844116917586808668E+01    0.671781243855918087E+00    0.167520391941070557E+01    0.922679724951954938E+01    0.948051671894558368E+01   -0.134409438731169995E+01
    0.118600347905272201E-58    0.311161468505859375E+03    0.796239996122810201E+01    0.144410993944904065E+01    0.398760706186294556E+00    0.753674640769067761E+01    0.724946477610900519E+01   -0.163383554843311574E+01
    0.144441398886087792E-58    0.310753906250000000E+03    0.811306584835865507E+01    0.381504681067848717E+01    0.713864043354988098E-01    0.633507751005715392E+01    0.884073827268989199E+01   -0.159056239705752778E+01
    0.171418757346406663E-58    0.310398101806640625E+03    0.849153627472415984E+01    0.286624729329022276E+01    0.575217723846435547E+00    0.723420943702396979E+01    0.891612219836443387E+01   -0.173589169223208750E+01
    0.181250804880779128E-58    0.310273223876953125E+03    0.913330686971752925E+01    0.319414962044183248E+01    0.316434681415557861E+00    0.863741441581740510E+01    0.102934071930757192E+02   -0.185821466106754296E+01
    0.181907713830208190E-58    0.310252655029296875E+03    0.854575559099117399E+01    0.386519005733907672E+01    0.315018087625503540E+00    0.734827781136344171E+01    0.952217822057586716E+01   -0.882057854838634414E+00
    0.192426506163984992E-58    0.310126892089843750E+03    0.820413618384217891E+01    0.804426945948183203E+00    0.448433041572570801E+00    0.897958005308812623E+01    0.872546935524781198E+01   -0.734857123424045966E+00
    0.109298684691329252E-57    0.306639648437500000E+03    0.935578895192551485E+01    0.363640188770106798E+01    0.689198434352874756E+00    0.852493393949633926E+01    0.965977112312889119E+01   -0.119743577835611181E+01
    0.207150235595355554E-57    0.305347595214843750E+03    0.812365826964378357E+01    0.377906441688537598E+01    0.859994590282440186E-01    0.702384738318867186E+01    0.835916474461555481E+01   -0.954106573907460564E+00
    0.306939133386428573E-57    0.304547851562500000E+03    0.826126280426979065E+01    0.397158801555633545E+01    0.566608123481273651E-01    0.729917026328524443E+01    0.703508508205413818E+01   -0.744557798803731075E-01
    0.856039202753614502E-57    0.302483184814453125E+03    0.891993326502722716E+01    0.332925342060745333E+01    0.278475452214479446E-01    0.855293594952541270E+01    0.101087413426174759E+02   -0.494253296031011313E+00
    0.921612045031070316E-57    0.302322235107421875E+03    0.807800217028680123E+01    0.284116983174184679E+01    0.330875784158706665E+00    0.672339267820304975E+01    0.894796926945286764E+01   -0.202714805261895670E+01
    0.946944657689954068E-57    0.302254669189453125E+03    0.963426037052213147E+01    0.411826342063233231E+01    0.374666392803192139E+00    0.878978260430682212E+01    0.899249755249694616E+01   -0.107720281121608097E+01
    0.315674862945546278E-56    0.299833221435546875E+03    0.826151664396127039E+01    0.654879021721902266E+00    0.745917797088623047E+00    0.894766538162029157E+01    0.830998667475432207E+01   -0.138932187375627203E+01
    0.456106195798834734E-56    0.299083862304687500E+03    0.927852868538221109E+01    0.306214660212787226E+01    0.895279645919799805E+00    0.827147645284653876E+01    0.983107588869851767E+01   -0.184168515138979627E+01
    0.561972023083358834E-56    0.298653076171875000E+03    0.798166493491220219E+01    0.187030740149419916E+01    0.325963377952575684E+00    0.732550115677025548E+01    0.757238031372156151E+01   -0.185747683789806195E+01
    0.656091120975556576E-56    0.298330047607421875E+03    0.965881563661803355E+01    0.412542253949231430E+01    0.349935650825500488E+00    0.895255247050324776E+01    0.969828998353181149E+01   -0.215312896894486361E+01
    0.115149498742312286E-55    0.297191680908203125E+03    0.917880855624552794E+01    0.341140213646946444E+01    0.441204696893692017E+00    0.840004894696180671E+01    0.888906835255601457E+01   -0.996616969124568541E-01
    0.127952061080407625E-55    0.296967498779296875E+03    0.838485622243725359E+01    0.967814232359122784E+00    0.818374097347259521E+00    0.823086934622088506E+01    0.746285688485546927E+01   -0.213714909560138411E+01
    0.435048602308587647E-55    0.294506561279296875E+03    0.739261307032374937E+01    0.500569366556470774E+00    0.126810118556022644E+00    0.850727830065850910E+01    0.960888767925992937E+01   -0.879898318987422101E-01
    0.839885501602424355E-55    0.293177612304687500E+03    0.885210842638519146E+01    0.237511154849346129E+01    0.855559468269348145E+00    0.813983308291056140E+01    0.935656195451375261E+01   -0.166186890663966391E+01
    0.267208843728894099E-54    0.290849578857421875E+03    0.834467662091775431E+01    0.365418308169631167E+01    0.313573896884918213E+00    0.692288558099013418E+01    0.823279031263287564E+01   -0.149610777921191973E+01
    0.374401029855755960E-54    0.290161651611328125E+03    0.832943903261517704E+01    0.806356213105310138E+00    0.651393905282020569E-01    0.948567247629365617E+01    0.100411788218671632E+02   -0.130832928660742054E+01
    0.445346160555014688E-54    0.289801269531250000E+03    0.838543016723324186E+01    0.160703164001257859E+01    0.362106382846832275E+00    0.837280080773854785E+01    0.877710507914774674E+01   -0.253835453754964746E-01
    0.130481914438270175E-53    0.287638000488281250E+03    0.752610313374230255E+01    0.103847992611504547E+01    0.210319399833679199E+00    0.795000581166300258E+01    0.923174625180128672E+01   -0.294787943585424372E+00
    0.135541276258415420E-53    0.287548583984375000E+03    0.811122739607625931E+01    0.144299632241384046E+01    0.377223193645477295E+00    0.819273904495793204E+01    0.997654213423973246E+01   -0.136444221884629679E+01
    0.150438777043596199E-53    0.287326690673828125E+03    0.872681503290616156E+01    0.143820045587936240E+01    0.857155203819274902E+00    0.868045735160970544E+01    0.100224782333565994E+02   -0.192838623281745636E+01
    0.158568264587826751E-53    0.287208099365234375E+03    0.960493236026823993E+01    0.325249385506828448E+01    0.182226061820983887E+01    0.820368902312159953E+01    0.948478623866412462E+01   -0.142721032933788838E+01
    0.176507673355604632E-53    0.286980407714843750E+03    0.838560977510902461E+01    0.357056489329697690E+01    0.821940228343009949E-01    0.770899617727423880E+01    0.980600267597887054E+01   -0.145037534929579648E+01
    0.221613606633245242E-53    0.286511932373046875E+03    0.922049128374062299E+01    0.358366968565781230E+01    0.719009816646575928E+00    0.808237337705274506E+01    0.858618117568451211E+01   -0.139948042580254794E+01
    0.271701122564740245E-53    0.286091064453125000E+03    0.822253276518608267E+01    0.208365529528728466E+01    0.412124603986740112E+00    0.755023212141682531E+01    0.843506695337325851E+01   -0.202741394912218986E+01
    0.275997030711286697E-53    0.286046356201171875E+03    0.756377187241353788E+01    0.864755798405402509E+00    0.507241249084472656E+00    0.770630807506782745E+01    0.757679667368223342E+01   -0.156945868897641061E+01
    0.145613144694480535E-52    0.282706726074218750E+03    0.834412673412751360E+01    0.721137351663508452E+00    0.530285537242889404E-01    0.893321270275980872E+01    0.829133752484744058E+01   -0.129821465576163231E+01
    0.165296381429149223E-52    0.282439819335937500E+03    0.811125373792376614E+01    0.108996770893494643E+01    0.575224041938781738E+00    0.817939339655299058E+01    0.853144415783142307E+01   -0.213396101076212252E+01
    0.229743890887883221E-52    0.281768035888671875E+03    0.779605682673176581E+01    0.915776581954567237E+00    0.738357454538345337E-01    0.837780714832156725E+01    0.914356715886274074E+01   -0.947842945780212887E-01
    0.519342780712440655E-52    0.280123504638671875E+03    0.883166281721657143E+01    0.185557469048989376E+01    0.674694657325744629E+00    0.860763600312700383E+01    0.100171869212648410E+02   -0.185926126991356933E+01
    0.114052924312744917E-51    0.278536804199218750E+03    0.752227862812372106E+01    0.734022902194554239E+00    0.470612823963165283E+00    0.802538057658998483E+01    0.913925881034674426E+01   -0.134268966248024357E+01
    0.123476664498232833E-50    0.273759521484375000E+03    0.860084753651176825E+01    0.123103132844021834E+01    0.335149839520454407E-01    0.921771155805654274E+01    0.987560944149330844E+01   -0.107531965405906238E+01
    0.140827902645469492E-50    0.273483215332031250E+03    0.783461744915110447E+01    0.870387132495200611E+00    0.124255013465881348E+01    0.779315393502480180E+01    0.828048611157883485E+01   -0.167554206286249840E+01
    0.254128878527366935E-50    0.272289276123046875E+03    0.777246092953549983E+01    0.196080782980881807E+01    0.217908620834350586E+00    0.727372670671235877E+01    0.851259625862659064E+01    0.181655722859406232E+00
    0.335717516713967689E-50    0.271719085693359375E+03    0.880212514783742606E+01    0.409890141562822663E+01    0.207353740930557251E+00    0.785790339741404686E+01    0.784158101584871403E+01   -0.782242095310250685E+00
    0.338614470376047261E-50    0.271688568115234375E+03    0.825535203356772840E+01    0.369333599956499015E+01    0.305165141820907593E+00    0.655360620765925184E+01    0.852423556044768560E+01   -0.162564671646103776E+00
    0.928477251122696220E-50    0.269657867431640625E+03    0.828907708037905344E+01    0.174637496390280722E+01    0.230831995606422424E+00    0.827980325888303170E+01    0.923796373419424555E+01   -0.185873750778806190E+00
    0.980474305428600511E-50    0.269535552978515625E+03    0.792845823843710740E+01    0.694915801969710256E+00    0.899768434464931488E-02    0.888515151595890273E+01    0.100051425324428749E+02    0.956179485120012274E-02
    0.184188777018008984E-49    0.268261199951171875E+03    0.917806770294281549E+01    0.375615873712984172E+01    0.249605089426040649E+00    0.850951895210373799E+01    0.888063755986356362E+01   -0.216764038152185812E+01
    0.430985968080802778E-49    0.266547637939453125E+03    0.959171440348757365E+01    0.392738030725297271E+01    0.724325299263000488E+00    0.861584137578945963E+01    0.903158114918530330E+01   -0.120477420764125975E+01
    0.480829622522391335E-49    0.266315429687500000E+03    0.845831445453685404E+01    0.409523376635918090E+01    0.231631249189376831E+00    0.716509165522632774E+01    0.753911394842440785E+01   -0.191548108400411454E+01
    0.593981779646191084E-49    0.265879425048828125E+03    0.766449029290424466E+01    0.479336695849353123E+00    0.392103910446166992E+00    0.882816972967913927E+01    0.985180978192679291E+01   -0.130211843947714567E+01
    0.689747209007009604E-49    0.265567138671875000E+03    0.901805699403703720E+01    0.346333910207434581E+01    0.101441168785095215E+01    0.763613402737802893E+01    0.977891346922786298E+01   -0.168247918134217000E+01
    0.881515109726439986E-49    0.265063171386718750E+03    0.718921041621227275E+01    0.436350529207070459E+00    0.288677811622619629E+00    0.832997107322826480E+01    0.939227138575603959E+01   -0.133578833222195259E+01
    0.111101339260243054E-48    0.264587066650390625E+03    0.815847437014491383E+01    0.262596920604140349E+01    0.248817250132560730E+00    0.718508719309250399E+01    0.969600986654234376E+01   -0.186921521673489299E+01
    0.235424488845788096E-48    0.263071838378906250E+03    0.837802266731538481E+01    0.418171910299299121E+01    0.721298381686210632E-01    0.754539933341103719E+01    0.847613858583622815E+01   -0.126602715098418317E+01
    0.308917540977702801E-48    0.262515136718750000E+03    0.796319057047199497E+01    0.883559075862570320E+00    0.171326816082000732E+00    0.862301396082324523E+01    0.972167541320644091E+01   -0.285674543567498107E+00
    0.610394873411384818E-48    0.261139739990234375E+03    0.807005124844614130E+01    0.187760472921170773E+01    0.159050047397613525E+00    0.780567557331469164E+01    0.973440966367807903E+01   -0.582354846224375500E-01
    0.999668931576075118E-48    0.260139770507812500E+03    0.803982657010147150E+01    0.613613574196267719E+00    0.470013737678527832E+00    0.862992164864072642E+01    0.807381188489992851E+01   -0.291070506597268297E+00
    0.141480379054560526E-47    0.259431793212890625E+03    0.888409101963043213E+01    0.363970398902893066E+01    0.355585724115371704E+00    0.791729148370581637E+01    0.103629806339740753E+02   -0.622989855983284713E-01
    0.141174359644509172E-47    0.259422790527343750E+03    0.828452352336931241E+01    0.776914157257872828E+00    0.162460589408874512E+01    0.859403675101579267E+01    0.872490699906701650E+01   -0.209292352625590361E+01
    0.232133258517398469E-47    0.258414825439453125E+03    0.895790686614142473E+01    0.377766598465604764E+01    0.257234752178192139E+00    0.810848463802064323E+01    0.995381749867837762E+01   -0.156122870093406507E+01
    0.379357177533391165E-47    0.257419158935546875E+03    0.811205486134377374E+01    0.365448096262953470E+01    0.164692923426628113E-01    0.731219113498697038E+01    0.775545951113438115E+01   -0.264767658794674565E+00
    0.396787741433490895E-47    0.257315979003906250E+03    0.733560207235889816E+01    0.505165062504696172E+00    0.178055846691131592E+01    0.784442005069518977E+01    0.787429357896498505E+01   -0.733494450189404068E+00
    0.715362131321590476E-47    0.256123870849609375E+03    0.720430828101022858E+01    0.605818326030570620E+00    0.244864165782928467E+00    0.793128885970684738E+01    0.881272183877031345E+01    0.123739183867995095E+00
    0.747307112950210104E-47    0.256023162841796875E+03    0.921437357373628885E+01    0.359717627790489436E+01    0.105774652957916260E+01    0.782390707814601161E+01    0.856750975390237102E+01   -0.135994953715624023E+01
    0.219445088055520196E-46    0.253855407714843750E+03    0.806725444636849787E+01    0.255195090100573108E+01    0.250517666339874268E+00    0.726481961961048217E+01    0.967824930467516431E+01   -0.167777440899556085E+01
    0.218898607914040097E-46    0.253847061157226562E+03    0.828068943166892701E+01    0.370558534202832313E+01    0.285323172807693481E+00    0.693782558870360866E+01    0.893459958285726152E+01    0.656067572936245291E-01
    0.223424177365599653E-46    0.253792800903320312E+03    0.986816532375975264E+01    0.334883298037880595E+01    0.771800279617309570E+00    0.919762504207758980E+01    0.999160096933510644E+01   -0.204053412159979786E+01
    0.249272758255577121E-46    0.253560516357421875E+03    0.839842688544569071E+01    0.163134708877384416E+01    0.734699070453643799E+00    0.811844019184957055E+01    0.983833986635244528E+01    0.644709289317155765E-01
    0.382928212409132930E-46    0.252688583374023438E+03    0.800265847309843714E+01    0.360028338210901255E+01    0.235406383872032166E-01    0.693815212992851205E+01    0.733712449332370209E+01   -0.214696695662330228E+01
    0.452413691385654223E-46    0.252341751098632812E+03    0.769157261904231770E+01    0.144490343745758398E+01    0.191144943237304688E+00    0.775825506162358547E+01    0.908278548238590133E+01   -0.928241078283545962E+00
    0.699372464587096770E-46    0.251457244873046875E+03    0.817054623621282516E+01    0.159054942881080441E+01    0.144098699092864990E+00    0.829833432407393268E+01    0.925148953203247437E+01   -0.430958214541282914E+00
    0.747313156704709544E-46    0.251311309814453125E+03    0.831952995179800503E+01    0.384953005631938883E+01    0.139826759696006775E+00    0.726011981018626518E+01    0.103866804336517085E+02   -0.145928454716581557E+01
    0.905064698777223739E-46    0.250914932250976562E+03    0.878883016109466553E+01    0.329322427511215210E+01    0.201046973466873169E+00    0.821852926783919990E+01    0.974602684378623962E+01    0.384005863271879022E-01
    0.156807894858777454E-45    0.249802398681640625E+03    0.871404494760536430E+01    0.349927200691703977E+01    0.312923848628997803E+00    0.777872285781703798E+01    0.807158332077448826E+01   -0.277512733089911867E+00
    0.163155439280774133E-45    0.249709701538085938E+03    0.813317895577108985E+01    0.137171429818458401E+01    0.376935184001922607E+00    0.823737363023588820E+01    0.849339545318018629E+01   -0.812430217678250077E+00
    0.187690762490748939E-45    0.249416183471679688E+03    0.884843121084835182E+01    0.264622459494528073E+01    0.110097062587738037E+01    0.765338929540453972E+01    0.886316978391721477E+01   -0.200747802732350999E+01
    0.291710215675568279E-45    0.248520919799804688E+03    0.904322622886340532E+01    0.416519042654514138E+01    0.181161820888519287E+00    0.829171227122396104E+01    0.903006381296625449E+01   -0.170265876398266625E+01
    0.302984125305354334E-45    0.248431747436523438E+03    0.803879161012428334E+01    0.130712896926813227E+01    0.384270370006561279E+00    0.800002362774749720E+01    0.905877084050785975E+01   -0.209076885527276080E+01
    0.336300860469416088E-45    0.248209762573242188E+03    0.820879425509747485E+01    0.132920640434504733E+01    0.426400899887084961E+00    0.829952499753222739E+01    0.968080012650882082E+01   -0.188538524743404601E+01
    0.346804663097921545E-45    0.248134918212890625E+03    0.843303859468772288E+01    0.813397724536522926E+00    0.166613340377807617E+00    0.901854046998569991E+01    0.853291641910384158E+01   -0.139784683403552812E+01
    0.515458479034822867E-45    0.247328994750976562E+03    0.854263374710377654E+01    0.102701102640801545E+01    0.371243208646774292E+00    0.917870238238872105E+01    0.959595533036842241E+01   -0.193714095456686786E+01
    0.578751031863775366E-45    0.247084030151367188E+03    0.892162839091045079E+01    0.408284057582799242E+01    0.191936641931533813E+00    0.802181179820276213E+01    0.812670582582812528E+01   -0.108910118877070250E+00
    0.228975905861747254E-44    0.244320037841796875E+03    0.848949581458369451E+01    0.436990322789288310E+01    0.609973855316638947E-01    0.752346680774655585E+01    0.751280421210055671E+01   -0.576125665466010073E+00
    0.271994847903978698E-44    0.243962371826171875E+03    0.839451492326056936E+01    0.301386034074982501E+01    0.347465574741363525E+00    0.743055379220647261E+01    0.736274006801088099E+01   -0.179065163592189269E+01
    0.405478929947601826E-44    0.243150466918945312E+03    0.876333931363121010E+01    0.298140567103341558E+01    0.600306451320648193E+00    0.786057878087723161E+01    0.794561699218622497E+01   -0.175816984601333592E+01
    0.448883117011849113E-44    0.242933746337890625E+03    0.903574846690608169E+01    0.392503730528569639E+01    0.400709390640258789E+00    0.806670080495140418E+01    0.955006580059739818E+01   -0.802484201041666623E+00
    0.648781422479106183E-44    0.242183746337890625E+03    0.912049939448046487E+01    0.296283369183780687E+01    0.649704217910766602E+00    0.825083691316962309E+01    0.999858948929794522E+01   -0.198868156589875533E+01
    0.644918193496380536E-44    0.242182357788085938E+03    0.832346291231311852E+01    0.380948957997499305E+01    0.233823180198669434E+00    0.710324321621208465E+01    0.943690836427197155E+01   -0.242315166267490056E+00
    0.135622015334545541E-43    0.240682357788085938E+03    0.910416598006912459E+01    0.421278516145931903E+01    0.578501857817173004E-01    0.844070572165421495E+01    0.925393877451557856E+01   -0.407490293073760279E+00
    0.145364913518660425E-43    0.240530273437500000E+03    0.849572287856357633E+01    0.302859416286450767E+01    0.228607565164566040E+00    0.786669825085439545E+01    0.891410445215451475E+01    0.193815954445690775E+00
    0.155297416567507042E-43    0.240384750366210938E+03    0.810649643095836936E+01    0.336233189814352151E+01    0.991263613104820251E-01    0.650520682661748584E+01    0.907703040191289290E+01   -0.211699634132285563E+01
    0.336854393438701752E-43    0.238822799682617188E+03    0.857728836020016416E+01    0.377892343341738624E+01    0.323272347450256348E+00    0.753767334940745215E+01    0.815420317777925696E+01   -0.182646074777540202E+01
    0.627754868061165197E-43    0.237564468383789062E+03    0.850922725449749962E+01    0.340127647288596791E+01    0.119490638375282288E+00    0.769475552688555453E+01    0.872539414324301532E+01   -0.207068948740298797E+01
    0.408802003538446335E-42    0.233803802490234375E+03    0.825503069201629280E+01    0.609581852565376114E+00    0.225408092141151428E+00    0.922186741819879785E+01    0.924222681477862196E+01   -0.213862500406675826E+01
    0.442159275612300398E-42    0.233633590698242188E+03    0.811194617857784017E+01    0.889805704877323578E+00    0.826628446578979492E+00    0.858070901875525394E+01    0.884498919709756670E+01   -0.698102861871587432E+00
    0.476094176847260233E-42    0.233472366333007812E+03    0.846500986488672780E+01    0.190435262257299254E+01    0.934246331453323364E-01    0.838445729710691268E+01    0.869104217481680941E+01   -0.222466068472782386E+00
    0.947694920533326772E-42    0.232082199096679688E+03    0.813397146428722273E+01    0.374933306437659652E+01    0.706421211361885071E-01    0.714518771429674526E+01    0.902780817340300423E+01   -0.504681135278222337E+00
    0.110376751713422569E-41    0.231763961791992188E+03    0.789798972128647581E+01    0.901094132734389874E+00    0.143196716904640198E+00    0.829506127890170752E+01    0.801859210545308976E+01   -0.496012052531915826E+00
    0.139002479878995018E-41    0.231289443969726562E+03    0.776576720780345564E+01    0.637134902733469177E+00    0.350787639617919922E+00    0.883239020076884884E+01    0.908808894959505409E+01   -0.338844058419416561E+00
    0.152487637930750467E-41    0.231090927124023438E+03    0.820358242959486006E+01    0.389261914628634820E+01    0.227894261479377747E+00    0.666697922548819832E+01    0.975144479925532792E+01   -0.147631424237214004E+01
    0.172300352607507797E-41    0.230833282470703125E+03    0.946401901614774310E+01    0.410676848256189952E+01    0.226057752966880798E+00    0.865657897386589426E+01    0.875974472350421962E+01   -0.142676792933886309E+01
    0.247480472179915698E-41    0.230095764160156250E+03    0.848533855745836618E+01    0.255937411124858549E+01    0.391428887844085693E+00    0.772473633855283826E+01    0.796605188059117708E+01   -0.182343462751016472E+01
    0.246788850553991682E-41    0.230088027954101562E+03    0.738269555019265145E+01    0.489244280536097143E+00    0.128690373897552490E+01    0.778330527763283531E+01    0.814900345096972956E+01   -0.154747441006715158E+01
    0.978463588672367400E-41    0.227319793701171875E+03    0.811515511643558973E+01    0.451493361795753945E+01    0.653051212430000305E-01    0.661861412478530564E+01    0.892583574147393932E+01   -0.417190627124576219E+00
    0.116091031467319978E-40    0.226964508056640625E+03    0.872130654371503766E+01    0.268252635155683139E+01    0.838804900646209717E+00    0.773107666330209931E+01    0.850016605872105124E+01   -0.124445722081709942E+01
    0.119754397273240613E-40    0.226889038085937500E+03    0.822267622660820408E+01    0.366235386667402540E+01    0.270507633686065674E+00    0.695551729954318354E+01    0.866049358187350471E+01   -0.897414924924152979E+00
    0.120612809510143379E-40    0.226861419677734375E+03    0.800582670840745259E+01    0.321209386455616208E+01    0.154908299446105957E+00    0.630420418812521000E+01    0.965969644507272562E+01   -0.139076718783371200E+01
    0.209825234374127967E-40    0.225740707397460938E+03    0.702775683155844533E+01    0.310206285363912815E+00    0.223852658271789551E+01    0.787053767259086534E+01    0.822499700941194867E+01   -0.835098239887021476E+00
    0.230256703131127468E-40    0.225541534423828125E+03    0.805206631900496994E+01    0.396601601455880193E+01    0.853972211480140686E-01    0.684786674930259753E+01    0.934731023635825586E+01   -0.128757293794096839E+01
    0.258561219173755945E-40    0.225296325683593750E+03    0.939182573135070164E+01    0.383963445564796624E+01    0.440291762351989746E+00    0.857750828250176234E+01    0.104614639350153364E+02   -0.977466394740121647E+00
    0.284048021635914342E-40    0.225094970703125000E+03    0.874858873672781812E+01    0.356480445224225662E+01    0.136884851381182671E-01    0.822941287210976391E+01    0.920012016374217190E+01    0.571641141544931841E-01
    0.293848705098547490E-40    0.225013793945312500E+03    0.820520894972933945E+01    0.441546680044092277E+01    0.140557825565338135E+00    0.672290745582490246E+01    0.899561899739362580E+01   -0.115675816027727185E+01
    0.335901299746292672E-40    0.224732955932617188E+03    0.897086339090039075E+01    0.406627984860708658E+01    0.188796028494834900E+00    0.812617538060574951E+01    0.927094275421287506E+01   -0.846363882813440327E+00
    0.593904957827854185E-40    0.223579818725585938E+03    0.809033600683120291E+01    0.255060975508590282E+01    0.352808415889739990E+00    0.661029095454618076E+01    0.930298760020836824E+01   -0.169514637606318619E+01
    0.898879904789876908E-40    0.222737625122070312E+03    0.863909340024039452E+01    0.339224826607116636E+01    0.335292458534240723E+00    0.759078652779433316E+01    0.734963925296769194E+01    0.209528144283610551E+00
    0.117454654672769662E-39    0.222189315795898438E+03    0.825161257509438784E+01    0.294283757209172192E+01    0.328663468360900879E+00    0.728732078424078455E+01    0.838197113381693271E+01    0.386314170572226168E-01
    0.118944562752122151E-39    0.222150772094726562E+03    0.753125930407962052E+01    0.144606507312722821E+01    0.131186470389366150E+00    0.752976237297100504E+01    0.104112353603982548E+02   -0.795907372871613950E+00
    0.134568321340855038E-39    0.221890609741210938E+03    0.907819862529692934E+01    0.320172332200178822E+01    0.269550740718841553E+00    0.855501624054988241E+01    0.973639783057010888E+01   -0.661881672396284149E+00
    0.174976964033788572E-39    0.221352111816406250E+03    0.831039914121237899E+01    0.948591922982792712E+00    0.801879048347473145E+00    0.790539436375237159E+01    0.706015444461973818E+01   -0.185901740230243084E+01
    0.294431881618288107E-17    0.118997566223144531E+03    0.841831095309627564E+01    0.672827171589799211E+00    0.450593590736389160E+00    0.895370011591703552E+01    0.833716500382578118E+01   -0.209563824282189159E+01
    0.598558124155772139E-18    0.122183784484863281E+03    0.827298917920950139E+01    0.727610229023301969E+00    0.202949571609497070E+01    0.843826733611013324E+01    0.890666075384826250E+01   -0.202408102662141820E+01
    0.635696718545180888E-29    0.172720260620117188E+03    0.800510639062078511E+01    0.647668880002813863E+00    0.916071653366088867E+00    0.848145990738732714E+01    0.872158269019460164E+01   -0.202481975819078874E+01
    0.132408520330207334E-16    0.115990707397460938E+03    0.780402500410262778E+01    0.531613862628750433E+00    0.940895736217498779E+00    0.887583067361012468E+01    0.965492836646767572E+01   -0.136881501952679718E+01
    0.202493310724687558E-26    0.161192779541015625E+03    0.717600668599364599E+01    0.400452777977821528E+00    0.125465190410614014E+01    0.821999961897448905E+01    0.944328440071097930E+01   -0.114007183477308227E+01
    0.559547039187806960E-29    0.172975448608398438E+03    0.788832824567264446E+01    0.715535244445676621E+00    0.112999069690704346E+01    0.844556990955019238E+01    0.950235999837453704E+01   -0.141484387004251122E+01
    0.100843638165002883E-33    0.194823242187500000E+03    0.791511776657233401E+01    0.496559975372171614E+00    0.974188983440399170E+00    0.891835793583338443E+01    0.877912410280344702E+01   -0.186179424503036928E+01
    0.224761729435569614E-07    0.734858779907226562E+02    0.764494460985147839E+01    0.434613741518786012E+00    0.226678228378295898E+01    0.807579696682671155E+01    0.875689887336340078E+01   -0.183261830903869605E+01
    0.165475669713754379E-21    0.138570693969726562E+03    0.772531762613304895E+01    0.673139358579793678E+00    0.888536155223846436E+00    0.819518491180129338E+01    0.871657032939013732E+01   -0.151840215595412609E+01
    0.133590611576101826E-09    0.837367401123046875E+02    0.808103926237498627E+01    0.591540722410684339E+00    0.196177506446838379E+01    0.859338439813948440E+01    0.916305715449029279E+01   -0.170220643268029637E+01
    0.465202410822312023E-08    0.766361846923828125E+02    0.772068580296312934E+01    0.665774543876809011E+00    0.622621417045593262E+00    0.836056018054455485E+01    0.837897126992776009E+01   -0.123526514494359874E+01
    0.983363925932583993E-34    0.194873596191406250E+03    0.765487937423350751E+01    0.105279349837614133E+01    0.476628303527832031E+00    0.770041116881454002E+01    0.768091271502242279E+01   -0.106874844466452923E+01
    0.140968210289428495E-36    0.207968826293945312E+03    0.731111435052833514E+01    0.464372013596083877E+00    0.555110692977905273E+00    0.781264905659682629E+01    0.723248886809114655E+01   -0.108532189537563051E+01
    0.286758254784632116E-15    0.109840042114257812E+03    0.810384680429134363E+01    0.643015612321173657E+00    0.431468546390533447E+00    0.839392978109444599E+01    0.735148952940392508E+01   -0.182307242816480963E+01
    0.620102705589803647E-12    0.944820404052734375E+02    0.815115846336201955E+01    0.623788328604703901E+00    0.499331086874008179E+00    0.840737918047396171E+01    0.748122188669745380E+01   -0.192067950205674709E+01
    0.267413186528859946E-25    0.156031433105468750E+03    0.724921483070801909E+01    0.281708444627113808E+00    0.276617193222045898E+01    0.826315813886487049E+01    0.871200396576723080E+01   -0.111575986859122667E+01
    0.651965354265097194E-04    0.575404663085937500E+02    0.787817937319517991E+01    0.517530414916518633E+00    0.225716662406921387E+01    0.800920610083658069E+01    0.768655545393317663E+01   -0.164524095214238986E+01
    0.183390647720228866E-29    0.175206466674804688E+03    0.772800105477205879E+01    0.593841954990301679E+00    0.205493807792663574E+01    0.795983538980778427E+01    0.803096820823759572E+01   -0.132491143124487643E+01
    0.382306424897495999E-29    0.173737258911132812E+03    0.835092396466574982E+01    0.847488289044668552E+00    0.182701897621154785E+01    0.781812438700207579E+01    0.719957993138764074E+01   -0.204168467819798316E+01
    0.457443718980168113E+00    0.398284606933593750E+02    0.725549395996368052E+01    0.365143088135743088E+00    0.113002777099609375E+01    0.829791381113203741E+01    0.847581000578496457E+01   -0.127359478391448366E+01
    0.647768671141700340E-33    0.191103317260742188E+03    0.774068372786769920E+01    0.700876436034825412E+00    0.925325214862823486E+00    0.814866677534763539E+01    0.805468515766143511E+01   -0.950266922692773797E+00
    0.529995823416241697E-18    0.122427093505859375E+03    0.780873740852576148E+01    0.550089621268608608E+00    0.196539449691772461E+01    0.797920145443064044E+01    0.840044319156901054E+01   -0.196847268838370959E+01
    0.383163554148989151E-06    0.678138656616210938E+02    0.756930952536646195E+01    0.459559375544404791E+00    0.720508635044097900E+00    0.866394045157774961E+01    0.912478855035538494E+01   -0.127248112078020537E+01
    0.354764567760122220E-29    0.173886795043945312E+03    0.827480164431498899E+01    0.675301310810003663E+00    0.512183487415313721E+00    0.870878290568713531E+01    0.799698380127493458E+01   -0.155223611648370685E+01
    0.542263046633829293E+00    0.394882659912109375E+02    0.783402995688784554E+01    0.465274407831418657E+00    0.138286530971527100E+01    0.878267706197024722E+01    0.101910967851088667E+02   -0.168674566373218093E+01
    0.295092970439219865E-25    0.155834442138671875E+03    0.810174875952103513E+01    0.962568202311980703E+00    0.412118732929229736E+00    0.836070033839215654E+01    0.817851773649874403E+01   -0.165273198001928456E+01
    0.215301758671073687E-24    0.151859771728515625E+03    0.774682401987739411E+01    0.873198779405570558E+00    0.200819835066795349E+00    0.844585244859426965E+01    0.913359731215785331E+01   -0.696569890989331197E+00
    0.416336530546226306E-26    0.159751205444335938E+03    0.768327862355804836E+01    0.594674051648387825E+00    0.555384382605552673E-01    0.851405355586693346E+01    0.799251142998280173E+01   -0.950708422789361407E+00
    0.734888842194107247E-27    0.163219924926757812E+03    0.722299818397948723E+01    0.416518233079656630E+00    0.280738860368728638E+00    0.818669425859171263E+01    0.760876320658355176E+01   -0.472030782011394923E+00
    0.161241469554338519E-14    0.106386344909667969E+03    0.794107089460761273E+01    0.583036978488956081E+00    0.665139198303222656E+00    0.872623280241851518E+01    0.831030083032471012E+01   -0.556555035235134721E+00
    0.660326082098842603E-39    0.218695938110351562E+03    0.857333805705073182E+01    0.159364402835314456E+01    0.492322891950607300E+00    0.850276886127285003E+01    0.913729158111373962E+01    0.759795216634868709E-01
    0.137475910279501312E-29    0.175782806396484375E+03    0.760959783211865037E+01    0.109754006311350394E+01    0.949148684740066528E-01    0.795233120750409750E+01    0.869369966509997738E+01   -0.439454849442527662E+00
    0.809786796041929255E-38    0.213682693481445312E+03    0.795713288556287335E+01    0.138951489992420418E+01    0.150572285056114197E+00    0.789519108668051661E+01    0.760386206214473948E+01   -0.324112441129466688E+00
    0.111380632362034157E-22    0.143967605590820312E+03    0.759028907109905226E+01    0.782023280458240655E+00    0.387583136558532715E+00    0.818210812773960505E+01    0.844280943256921645E+01   -0.358452012687817900E+00
    0.291152729628911087E-39    0.220333709716796875E+03    0.765411368361351396E+01    0.128323300964049425E+01    0.895200371742248535E-01    0.788146298067464102E+01    0.848019754951768867E+01   -0.101437908865412507E+01
    0.863091486501672682E-26    0.158293151855468750E+03    0.741753793462045952E+01    0.511464780432838828E+00    0.139538750052452087E+00    0.839402654172762475E+01    0.822997966015211979E+01   -0.432018675718480738E+00
    0.691271760430619579E-39    0.218604339599609375E+03    0.813897023611480641E+01    0.465916980989288076E+00    0.301763355731964111E+00    0.897913311080284515E+01    0.787581380720327040E+01   -0.903139759966292921E+00
    0.189896522141657284E-25    0.156716064453125000E+03    0.707122452024459669E+01    0.373342692791632846E+00    0.313036501407623291E+00    0.828000880558176000E+01    0.822056078760478393E+01   -0.106721555273381585E+01
    0.109155081447238963E-30    0.180849334716796875E+03    0.830778471041450928E+01    0.162185098421041429E+01    0.302554845809936523E+00    0.795494837925676013E+01    0.769376009763183788E+01    0.853966964099943660E-01
    0.172781124460221798E-36    0.207561843872070312E+03    0.776074370150899906E+01    0.475538784127498837E+00    0.525875806808471680E+00    0.900638820990154798E+01    0.938498812025561335E+01   -0.593119846828750630E+00
    0.161501614577898447E-32    0.189276184082031250E+03    0.713237211841767671E+01    0.653572487620148523E+00    0.491099566221237183E+00    0.769058776385887644E+01    0.890026685662168049E+01   -0.356316252601184269E+00
    0.132576554782564276E-35    0.203486404418945312E+03    0.713536523189907790E+01    0.643598376703275576E+00    0.377729684114456177E+00    0.774936764383726384E+01    0.849444958441344866E+01   -0.327461889462855593E+00
    0.427529194084779244E-31    0.182723999023437500E+03    0.710162458429273791E+01    0.668606462792136758E+00    0.591814279556274414E+00    0.768633883675669782E+01    0.917225317459913825E+01   -0.210912228087201115E+00
    0.107588330258629806E-37    0.213114440917968750E+03    0.823226043811900610E+01    0.726658463429266210E+00    0.384809345006942749E+00    0.907584518738615031E+01    0.896184911988935085E+01   -0.969900007133322806E+00
    0.653232325638335202E-12    0.943779449462890625E+02    0.828442806798544851E+01    0.713472304369672683E+00    0.170097559690475464E+00    0.943179782571671943E+01    0.101610851372036102E+02   -0.136838419481394724E+01
    0.204599695327310648E-20    0.133541061401367188E+03    0.852334925901887530E+01    0.873462391529951532E+00    0.165033802390098572E+00    0.946966530388844241E+01    0.104198592568204660E+02   -0.163541746752851580E+01
    0.112578056197608333E-28    0.171577239990234375E+03    0.832466083652638744E+01    0.905638021875359245E+00    0.889881923794746399E-01    0.897209025111390091E+01    0.875702914993133419E+01   -0.118014293425467232E+01
    0.464170615547226478E-31    0.182559539794921875E+03    0.817074871994237206E+01    0.963627354384074430E+00    0.483510911464691162E+00    0.874199977385496219E+01    0.932865455431893587E+01   -0.833469103567247460E+00
    0.567626996319382833E-04    0.578175201416015625E+02    0.804732464247145707E+01    0.620389538396103557E+00    0.182728067040443420E+00    0.926036901819468738E+01    0.995811736088916000E+01   -0.110218982548736788E+01
    0.115088320116846227E-20    0.134691772460937500E+03    0.807688965259699287E+01    0.525393839028006737E+00    0.364755749702453613E+00    0.915511662171489782E+01    0.866121051846862855E+01   -0.158996583268181668E+01
    0.120722949214182695E-27    0.166832366943359375E+03    0.787862304174360695E+01    0.685873128395444009E+00    0.972149133682250977E+00    0.866949891463427313E+01    0.104878157450028517E+02   -0.114533130870879307E+01
    0.168254355626359069E-03    0.556443252563476562E+02    0.820489651743391413E+01    0.621315999871148494E+00    0.449284881353378296E+00    0.928663980194159677E+01    0.953709108205236511E+01   -0.172512302529121531E+01
    0.364490534868727120E-29    0.173832702636718750E+03    0.850042470209605128E+01    0.113575465585976043E+01    0.617736577987670898E+00    0.886092981467072072E+01    0.101109212639788772E+02   -0.176800818564281825E+01
    0.108769572720771048E-26    0.162435729980468750E+03    0.764829970843151674E+01    0.923311458267525365E+00    0.508717596530914307E+00    0.796686612167586006E+01    0.821603998377415046E+01   -0.811314096181142252E+00
    0.108258540640254348E-30    0.180865829467773438E+03    0.861659802869823288E+01    0.192732343636758108E+01    0.350609213113784790E+00    0.844540219847252516E+01    0.982057779645705509E+01   -0.215136288316939428E-01
    0.275857942098640549E-30    0.178995101928710938E+03    0.894062298276212530E+01    0.399992386002723999E+01    0.167172566056251526E+00    0.814801609825808093E+01    0.940041442110804049E+01   -0.415971005943919003E+00
    0.416956918474299525E-31    0.182774078369140625E+03    0.910760515889463207E+01    0.366455279264909439E+01    0.270850092172622681E+00    0.831509501852941746E+01    0.913765277397550335E+01    0.228187816098483154E+00
    0.793666398675551518E-39    0.218328079223632812E+03    0.897768785693722293E+01    0.300880996540915424E+01    0.149056047201156616E+00    0.841052049623693421E+01    0.829905890468564067E+01   -0.386667478121764274E+00
    0.123502865428128171E-27    0.166786834716796875E+03    0.893661371530176041E+01    0.342977885117649040E+01    0.133990958333015442E+00    0.840395956533779831E+01    0.998238197868595378E+01   -0.199237905021753203E+00
    0.439214724547084074E-39    0.219511428833007812E+03    0.842270669423241891E+01    0.361299331266466872E+01    0.197438476607203484E-02    0.780100385588405132E+01    0.100156981713590270E+02    0.208140887849360467E+00
    0.193347531526616208E-31    0.184311065673828125E+03    0.882884249043130609E+01    0.304850184332743845E+01    0.935484617948532104E-01    0.835199175144592587E+01    0.101694227907940213E+02   -0.763556379764893656E-01
    0.437374456133501795E-29    0.173468124389648438E+03    0.875370502982442567E+01    0.362226379585790204E+01    0.324274525046348572E-01    0.817745686145226358E+01    0.894739002955376073E+01   -0.257960494657281991E+00
    0.389384811554586384E-35    0.201331588745117188E+03    0.912776535643971521E+01    0.303775593989178505E+01    0.207112848758697510E+00    0.867587616573994858E+01    0.959048235924113257E+01   -0.858412012393943158E-01
    0.161129766787052086E-34    0.198491134643554688E+03    0.910006596206047647E+01    0.346810198242429646E+01    0.359910845756530762E+00    0.808884964845456800E+01    0.775957902664553245E+01   -0.187499367793496852E+00
    0.109827426252016411E-32    0.190047393798828125E+03    0.917454292741058453E+01    0.312396093062539393E+01    0.117660656571388245E+00    0.872327744850534081E+01    0.906626441706799113E+01    0.853152861703518894E-01
    0.252278879032810748E-36    0.206804824829101562E+03    0.776291908883307791E+01    0.180666684183615667E+01    0.257657289505004883E+00    0.730388609277863932E+01    0.961239947559264962E+01    0.923428275175819380E-01
    0.123640793801416512E-30    0.180600112915039062E+03    0.808267958296314859E+01    0.212457265713318844E+01    0.326385170221328735E+00    0.749361384416048626E+01    0.971229537176680680E+01    0.346641091100687859E-01
    0.802149530295068797E-31    0.181465454101562500E+03    0.835655140180369571E+01    0.304744023608297088E+01    0.183901399374008179E+00    0.774057173014647670E+01    0.881179279842743313E+01   -0.175289649505494971E+00
    0.703200781850766024E-38    0.213964950561523438E+03    0.794854752387811203E+01    0.369162275844603682E+01    0.504089780151844025E-01    0.649681231081142574E+01    0.812379022057952760E+01    0.148905289239566585E+00
    0.356249098173593991E-39    0.219930145263671875E+03    0.810952690330661774E+01    0.398998434756258913E+01    0.719921737909317017E-01    0.713757018760421058E+01    0.923441722430433209E+01   -0.498629321658069724E+00
    0.728356647471813782E-16    0.112580909729003906E+03    0.818906189473007196E+01    0.359856749939160858E+01    0.187953025102615356E+00    0.714584721644997778E+01    0.102614876769200620E+02   -0.291013655599516641E+00
    0.389633643241148891E-39    0.219750991821289062E+03    0.819257046491193464E+01    0.407563880583439797E+01    0.482654608786106110E-01    0.727477086191546718E+01    0.100891767635822269E+02   -0.688318007088395856E+00
    0.836656522231910228E-30    0.176776046752929688E+03    0.844191718237133415E+01    0.300136874436905643E+01    0.152214854955673218E+00    0.758011934073915228E+01    0.718961086763045731E+01    0.124362432525630506E+00
    0.873860276944844151E-22    0.139847671508789062E+03    0.830943213373793199E+01    0.347082588492421928E+01    0.229502141475677490E+00    0.723686940015391400E+01    0.733016979480125208E+01    0.993239005068686787E-01
    0.277767385592327537E-28    0.169770965576171875E+03    0.831489104472729679E+01    0.289912353185060878E+01    0.358482003211975098E+00    0.720406982296775844E+01    0.724759884937453869E+01    0.214132949895314173E+00
    0.512736532013237518E-24    0.150124328613281250E+03    0.815303449028180971E+01    0.368163244053149086E+01    0.102563105523586273E+00    0.723961241707348080E+01    0.955996099275801114E+01   -0.684264239877418579E+00
    0.662645730345950807E-22    0.140401031494140625E+03    0.848358419907350125E+01    0.363641589193244785E+01    0.253207772970199585E+00    0.748932233534334646E+01    0.972995419965576502E+01   -0.260063335239141491E+00
    0.804468653119695108E-25    0.153828659057617188E+03    0.815682970492896864E+01    0.377381477031349588E+01    0.214374244213104248E+00    0.661572492733763706E+01    0.778661324292844359E+01   -0.451503668403781644E+00
    0.117351488718340080E-28    0.171494186401367188E+03    0.816160035280190321E+01    0.380443469155648151E+01    0.202514708042144775E+00    0.675227638686991583E+01    0.754566588844971875E+01   -0.257452476542858522E+00
    0.973134862373842384E-35    0.199499679565429688E+03    0.820402344717322052E+01    0.357684987463023196E+01    0.259943425655364990E+00    0.698932232825352440E+01    0.717123525148689289E+01   -0.330308040073899356E+00
    0.381870033984723748E-32    0.187555053710937500E+03    0.822382578800569775E+01    0.319414954225515002E+01    0.287846028804779053E+00    0.690364587649911776E+01    0.936405113277880119E+01   -0.167371252745265764E+01
    0.469095293131226043E-34    0.196353942871093750E+03    0.811314254627102827E+01    0.308162802524874291E+01    0.153692588210105896E+00    0.620191921729074735E+01    0.873276612286074538E+01   -0.187450942044677449E+01
    0.104905496203782364E-35    0.203954605102539062E+03    0.823973496666671323E+01    0.320998124090110837E+01    0.344483971595764160E+00    0.613486186031302072E+01    0.927258189231042707E+01   -0.147005095212504289E+01
    0.383865789218406968E-21    0.136887756347656250E+03    0.809761400077636750E+01    0.314281023669990356E+01    0.221992269158363342E+00    0.656303496331758129E+01    0.899759203757892223E+01   -0.145181675207983529E+01
    0.637810777283273722E-19    0.126661918640136719E+03    0.825551866147359092E+01    0.298495340542651899E+01    0.233062580227851868E+00    0.753800316241054524E+01    0.894779347642293210E+01   -0.107473322310097363E+01
    0.637480779404501940E-09    0.806112518310546875E+02    0.841677667421298992E+01    0.316108728488801338E+01    0.283931076526641846E+00    0.757719288798176471E+01    0.883776031670890916E+01   -0.110529020625773300E+01
    0.272930681454435210E-27    0.165200927734375000E+03    0.831553955560318236E+01    0.353068381320753222E+01    0.292344719171524048E+00    0.726181502189907668E+01    0.101166627146577461E+02   -0.112435260940821546E+01
    0.855644927162584308E-15    0.107653610229492188E+03    0.822011545289464962E+01    0.336138096273860887E+01    0.229920476675033569E+00    0.689327771248807863E+01    0.752577974420253693E+01   -0.198930313337148057E+01
    0.180726644612582959E-36    0.207471923828125000E+03    0.809282461695964095E+01    0.298980390426245402E+01    0.281239032745361328E+00    0.711283310989243933E+01    0.756054752710531996E+01   -0.141505795970650894E+01
    0.162357762441103987E-32    0.189265609741210938E+03    0.826671987664930263E+01    0.381759016816466978E+01    0.923823043704032898E-01    0.726111830771463573E+01    0.848994853386043147E+01   -0.197408649593631114E+01
    0.331389067730505733E-22    0.141786926269531250E+03    0.862746443974456234E+01    0.357860064218694474E+01    0.347694247961044312E+00    0.753166706673208086E+01    0.779496692396673563E+01   -0.139744788721065238E+01
    0.577409401901166395E-17    0.117650558471679688E+03    0.858265390231493974E+01    0.343852194279840084E+01    0.338527351617813110E+00    0.766274630013105895E+01    0.810151665802950838E+01   -0.157441978883236677E+01
    0.235782126380000665E-36    0.206940078735351562E+03    0.841168294484544532E+01    0.418854521740961250E+01    0.127964511513710022E+00    0.735970067018299900E+01    0.829794530929595453E+01   -0.167663432263513190E+01
    0.371029527893589232E-35    0.201428161621093750E+03    0.874842344725235677E+01    0.314795866285489145E+01    0.308737903833389282E+00    0.795283514522551549E+01    0.841879788424474995E+01   -0.137951853212434150E+01
    0.134161023581192298E-17    0.120569580078125000E+03    0.850941866110992251E+01    0.307183021478239704E+01    0.308448940515518188E+00    0.760052275762563045E+01    0.883772310901708202E+01   -0.171429898396895375E+01
    0.142402288716015491E-26    0.161896881103515625E+03    0.855700903823090009E+01    0.335963844389115973E+01    0.287023603916168213E+00    0.777300034250283289E+01    0.813681523107014826E+01   -0.125932372502724599E+01
    0.140177468780967651E-33    0.194164566040039062E+03    0.871232121283164851E+01    0.360851847142084603E+01    0.382628917694091797E+00    0.761693280295857278E+01    0.863488169076416234E+01   -0.155194891773001720E+01
    0.650364829523057952E-29    0.172674636840820312E+03    0.811877750702264400E+01    0.362461890244834883E+01    0.198828130960464478E+00    0.643798770856366787E+01    0.717757171227021473E+01   -0.584684483942692790E+00
    0.538493756431671017E-34    0.196078002929687500E+03    0.823895300140819487E+01    0.363762113021344557E+01    0.134724125266075134E+00    0.726716467879066919E+01    0.818099951893944244E+01   -0.114396788240426650E+01
    0.138500845206000445E-28    0.171162780761718750E+03    0.826902366573934700E+01    0.327504924387977958E+01    0.157977953553199768E+00    0.731108976908890185E+01    0.715630625912226392E+01   -0.865944408212787620E+00
    0.166980188960308286E-31    0.184604293823242188E+03    0.823594417040740367E+01    0.358087410473482892E+01    0.270948559045791626E+00    0.702144111940795135E+01    0.830975466174949418E+01   -0.110318109197028313E+01
    0.618985145922855436E-11    0.898804779052734375E+02    0.841364603756371388E+01    0.356908175670709271E+01    0.258031100034713745E+00    0.730363537260735285E+01    0.700775823393777042E+01   -0.118994143728301727E+01
    0.671452427577282805E-37    0.209452178955078125E+03    0.829938627383366878E+01    0.279334135558953101E+01    0.440239548683166504E+00    0.728608035988252212E+01    0.704742256348331697E+01   -0.129121975800599764E+01
    0.734021241190585289E-32    0.186248138427734375E+03    0.824684821007406832E+01    0.404729065327492155E+01    0.192918330430984497E+00    0.660654966184490178E+01    0.911812058214873566E+01   -0.156952431368465817E+01
    0.789697890269498661E-32    0.186101913452148438E+03    0.841465921283728413E+01    0.271869202933231602E+01    0.522137105464935303E+00    0.724650806229669620E+01    0.790085107567071354E+01   -0.177114677361369122E+01
    0.236632966736960404E-34    0.197722534179687500E+03    0.813158105975179346E+01    0.346401825901330929E+01    0.950774848461151123E-01    0.729823039102915416E+01    0.880864796332262223E+01   -0.101720183569365941E+01
    0.508417087711046915E-22    0.140930908203125000E+03    0.823444645373860951E+01    0.305023357357064029E+01    0.286477208137512207E+00    0.695225404656187251E+01    0.787830060533384025E+01   -0.217042425587249310E+01
    0.125870412187886718E-29    0.175959197998046875E+03    0.847987134150179145E+01    0.358471741122313103E+01    0.235695526003837585E+00    0.759240417278838642E+01    0.787697302220737772E+01   -0.899581258713375354E+00
    0.113651559788931901E-14    0.107085876464843750E+03    0.854390870701312011E+01    0.341305466052733220E+01    0.278000652790069580E+00    0.763564380154523370E+01    0.755859305025942341E+01   -0.120124579922511976E+01
    0.151679421222820970E-13    0.101903442382812500E+03    0.833007787553050250E+01    0.359780385986468021E+01    0.170362636446952820E+00    0.724727392978184604E+01    0.999541012683207164E+01   -0.202431342731901465E+01
    0.923217264438562596E-35    0.199604995727539062E+03    0.810068424565640832E+01    0.351223494775582701E+01    0.768433883786201477E-01    0.640021174498949108E+01    0.941267479093481896E+01   -0.194877676633233543E+01
    0.995117971303774858E-13    0.981412582397460938E+02    0.839218381203019881E+01    0.275035177426737487E+01    0.397789239883422852E+00    0.749440579908562299E+01    0.102756777166027149E+02   -0.171440500556427544E+01
    0.117161476445473187E-34    0.199128448486328125E+03    0.945674057754363773E+01    0.390839469081630009E+01    0.201739042997360229E+00    0.875638370413528122E+01    0.951820028879314783E+01   -0.650097323205012900E+00
    0.335587980352474390E-32    0.187813446044921875E+03    0.879531886149981190E+01    0.373615458982458382E+01    0.350893795490264893E+00    0.794578560777400700E+01    0.102448408748875579E+02   -0.156007070574981244E+01
    0.264418742133772436E-25    0.156053955078125000E+03    0.850682360417782668E+01    0.308221466311175352E+01    0.340324491262435913E+00    0.779745035513668405E+01    0.103904446928175975E+02   -0.111253248976210894E+01
    0.542382619184466963E-39    0.219089462280273438E+03    0.907708241580125907E+01    0.376272865840873116E+01    0.605665028095245361E+00    0.785309494622535542E+01    0.996261981646453165E+01   -0.209086275033390567E+01
    0.145486711460374309E-23    0.148038513183593750E+03    0.925107888303861436E+01    0.301621677926151666E+01    0.601868391036987305E+00    0.850654715647337234E+01    0.101614626242308290E+02   -0.195918937403146942E+01
    0.101648962442992810E-32    0.190202163696289062E+03    0.949672182211491567E+01    0.394619504602746085E+01    0.331666499376296997E+00    0.878259607157770539E+01    0.955930270796507386E+01   -0.186886828036568842E+01
    0.780486713529102245E-37    0.209151229858398438E+03    0.939268866521622847E+01    0.313242428768013159E+01    0.668656527996063232E+00    0.849209295010708587E+01    0.837661051255357947E+01   -0.116710568402628234E+01
    0.853770382476005834E-37    0.208971740722656250E+03    0.927657791689805933E+01    0.353990467277796039E+01    0.512445330619812012E+00    0.827893377069446501E+01    0.827035319480740050E+01   -0.131594297851278430E+01
    0.114579590799220399E-30    0.180752334594726562E+03    0.927964033466216165E+01    0.313755986321470592E+01    0.544963300228118896E+00    0.857240593871532752E+01    0.998003203070130596E+01   -0.110973423590104159E+01
    0.323862889204751390E-31    0.183279403686523438E+03    0.921617926678536747E+01    0.292904677199409580E+01    0.832851886749267578E+00    0.846902686389228698E+01    0.100577585382265422E+02   -0.173497252565952498E+01
    0.700250873695712270E-38    0.213973358154296875E+03    0.902105464097390097E+01    0.388330897631006833E+01    0.530371785163879395E+00    0.794816823017515617E+01    0.920923698856212880E+01   -0.117288915707958297E+01
    0.576085518985099460E-15    0.108444808959960938E+03    0.934297820322885286E+01    0.352443478290933632E+01    0.285141468048095703E+00    0.869794761771577640E+01    0.947089277414280950E+01   -0.127578867149588904E+01
    0.465974412047199538E-18    0.122684570312500000E+03    0.888084048012131966E+01    0.346945435136891245E+01    0.493555516004562378E+00    0.801047131396985357E+01    0.904897258622115608E+01   -0.127916407037067126E+01
    0.119397469164888753E-13    0.102382064819335938E+03    0.873456840247124333E+01    0.350891864685843391E+01    0.365950703620910645E+00    0.787332350072175036E+01    0.875503088187313239E+01   -0.145689405492178148E+01
    0.163615795564850920E-29    0.175434661865234375E+03    0.951108629964883789E+01    0.374101183085965605E+01    0.266539305448532104E+00    0.881092005270893175E+01    0.942473031940211925E+01   -0.181786018526655924E+01
    0.496017591861299414E-26    0.159400970458984375E+03    0.940027143587321312E+01    0.294719070849872500E+01    0.462176263332366943E+00    0.881308984937294149E+01    0.919604146456189753E+01   -0.200849900394041514E+01
    0.707963069853114014E-28    0.167899749755859375E+03    0.970604832882657220E+01    0.345437911091108907E+01    0.776489555835723877E+00    0.882055980916518223E+01    0.984847068969613204E+01   -0.186951430324459444E+01
    0.174580167101511007E-33    0.193725616455078125E+03    0.908315947221001707E+01    0.377043254071296463E+01    0.550826549530029297E+00    0.798647523640558443E+01    0.101921943698107711E+02   -0.179984066767453488E+01
    0.197264036355799806E-16    0.115193405151367188E+03    0.940286067588500529E+01    0.358905326117214996E+01    0.119394290447235107E+01    0.812835388686893623E+01    0.862474671958764461E+01   -0.176982831465775559E+01
    0.426775301057525252E-06    0.675982742309570312E+02    0.934756180903164768E+01    0.334486522903303252E+01    0.738506913185119629E+00    0.845832719038694059E+01    0.982387468302081501E+01   -0.166937931196340461E+01
    0.603143603417908357E-36    0.205061584472656250E+03    0.929993048779872566E+01    0.404162530672078102E+01    0.511722445487976074E+00    0.831455338358957974E+01    0.892474964123080738E+01   -0.149524434575525822E+01
    0.457955989028851105E-27    0.164165817260742188E+03    0.893391158042967071E+01    0.326131569673789556E+01    0.150355979800224304E+00    0.846586263251352200E+01    0.100993916935182355E+02   -0.928821879336468204E+00
    0.129058215758747489E-11    0.930161132812500000E+02    0.874243332960841713E+01    0.342681116376719030E+01    0.218278169631958008E+00    0.804662740949566135E+01    0.102735051943424693E+02   -0.103244591581027079E+01
    0.709981537306296248E-33    0.190919906616210938E+03    0.921102803185686270E+01    0.395272065165105069E+01    0.229970663785934448E+00    0.840697307840406971E+01    0.863051309899553232E+01   -0.202677464481774283E+01
    0.412772394384182708E-17    0.118321868896484375E+03    0.946026507187035115E+01    0.311236094958849829E+01    0.684324920177459717E+00    0.865474414380957313E+01    0.864638839080615718E+01   -0.201899264100484110E+01
    0.206746970742323904E-21    0.138125350952148438E+03    0.920220133626692061E+01    0.305556660422671156E+01    0.782487452030181885E+00    0.830978334538759178E+01    0.917717268323694668E+01   -0.153778983887923548E+01
    0.152092609856423588E-12    0.972928314208984375E+02    0.941472219155712864E+01    0.313324025350982938E+01    0.808923721313476562E+00    0.858369906762071899E+01    0.895389058268976967E+01   -0.215235073160957802E+01
    0.936951763273989974E-19    0.125892738342285156E+03    0.933259923999613150E+01    0.304469473750359443E+01    0.123478436470031738E+01    0.829786932136019573E+01    0.981509919377253581E+01   -0.200792007227074087E+01
    0.334042804607552969E-08    0.772985916137695312E+02    0.894721726914415072E+01    0.350819176123001375E+01    0.640080034732818604E+00    0.785693954986370091E+01    0.933771945242816237E+01   -0.165391390037189767E+01
    0.207517520792784200E-27    0.165748931884765625E+03    0.914545936405802706E+01    0.333408527453597703E+01    0.483456909656524658E+00    0.819002447665455868E+01    0.818001433826767510E+01   -0.156628802775194020E+01
    0.234142424793504935E-09    0.826144409179687500E+02    0.924070165620975281E+01    0.333987498776644109E+01    0.540295779705047607E+00    0.841711108461974256E+01    0.945891340075641196E+01   -0.175851693430023626E+01
    0.354450016140695993E-18    0.123231697082519531E+03    0.907223439144599908E+01    0.310267790384573949E+01    0.552061259746551514E+00    0.837143225967710158E+01    0.947801888806999671E+01   -0.128440322417024078E+01
    0.108292024368535511E-22    0.144023849487304688E+03    0.886243860934458638E+01    0.369632903643322130E+01    0.301421999931335449E+00    0.801352670832806524E+01    0.840858414779643404E+01   -0.184210333126552261E+01
    0.364532713074506506E-34    0.196858322143554688E+03    0.935984662668338707E+01    0.380938050944818452E+01    0.940943658351898193E+00    0.810894746175388903E+01    0.958524514343314848E+01   -0.169615474688853807E+01
    0.265957669889824845E-38    0.215909561157226562E+03    0.910005572685796871E+01    0.332974707408400983E+01    0.204172313213348389E+00    0.859667578153119472E+01    0.103022228196457757E+02   -0.697281058169693768E+00
    0.107104418502081378E-35    0.203913116455078125E+03    0.902181237572827044E+01    0.398516187810673328E+01    0.582752883434295654E+00    0.788799282720026174E+01    0.913091721558483016E+01   -0.169852487797902119E+01
    0.349364837483846459E-19    0.127865768432617188E+03    0.846080229092788549E+01    0.381916721807450044E+01    0.249351739883422852E+00    0.740986617810813897E+01    0.102081822850341570E+02   -0.126227631068994617E+01
    0.217937359646886681E-05    0.643372039794921875E+02    0.930798917404488613E+01    0.336213430632773091E+01    0.510762393474578857E+00    0.856084175507391265E+01    0.103185436905090633E+02   -0.167407147905094655E+01
