 F
        2689       31566           3         150
   -0.276513596325295836E+02   -0.153959559033256781E+02
 T
   2
    0.200000000000000000E+01    0.300000000000000000E+01    0.613333333333333286E+00    0.386666666666666659E+00
   0
   0
 T T     0           0
    0.000000000000000000E+00   -0.340282346638528860E+39    0.000000000000000000E+00
 T F     1          92
    0.192267622919164364E-07   -0.279435231702394091E+02   -0.151561009634723618E+02
 T F     1          58
    0.311358817990905914E-07   -0.290243288535504256E+02   -0.161028211200796392E+02
