 F
        2256       15164           3         150
   -0.310345761643288327E+02   -0.217081924468863328E+02
 T
   2
    0.200000000000000000E+01    0.300000000000000000E+01    0.126666666666666677E+00    0.873333333333333295E+00
   0
   0
 T T     0           0
    0.000000000000000000E+00   -0.340282346638528860E+39    0.000000000000000000E+00
 T F     1          19
    0.677868191094010966E-07   -0.329771794526147275E+02   -0.214094294808799077E+02
 T F     1         131
    0.750854649160194901E-06   -0.311892790523391881E+02   -0.217581788036205914E+02
