 F
        4388       49162           3         150
   -0.535748198396730118E+02   -0.306999474078005257E+02
 T
   2
    0.200000000000000000E+01    0.300000000000000000E+01    0.906666666666666621E+00    0.933333333333333376E-01
   0
   0
 T T     0           0
    0.000000000000000000E+00   -0.340282346638528860E+39    0.000000000000000000E+00
 T F     1         136
    0.258099457844392418E-12   -0.535748198396730118E+02   -0.306999474078005257E+02
 T F     1          14
    0.273568501757440407E-10   -0.111305279789001091E+03   -0.925296654803517953E+02
