 F
        2843       37650           3         150
   -0.293043607080333004E+02   -0.155662316591498175E+02
 T
   2
    0.200000000000000000E+01    0.300000000000000000E+01    0.273333333333333317E+00    0.726666666666666683E+00
   0
   0
 T T     0           0
    0.000000000000000000E+00   -0.340282346638528860E+39    0.000000000000000000E+00
 T F     1          41
    0.193392666194243855E-07   -0.328379957493900463E+02   -0.195816011264329788E+02
 T F     1         109
    0.674505894954069219E-08   -0.293339940552552569E+02   -0.154454622582319647E+02
