 F
        1150        4593           3         150
   -0.223597851214239789E+02   -0.158448773582767171E+02
 T
   2
    0.200000000000000000E+01    0.300000000000000000E+01    0.206666666666666665E+00    0.793333333333333335E+00
   0
   0
 T T     0           0
    0.000000000000000000E+00   -0.340282346638528860E+39    0.000000000000000000E+00
 F F     1          31
    0.240865530355261707E-03   -0.236302811704777866E+02   -0.155114846151067880E+02
 F F     1         119
    0.104174098538141490E-02   -0.226892512483381061E+02   -0.159749757835928605E+02
