 F
        2264       16210           3         150
   -0.268088638549330938E+02   -0.185376433971900028E+02
 T
   2
    0.200000000000000000E+01    0.300000000000000000E+01    0.746666666666666701E+00    0.253333333333333355E+00
   0
   0
 T T     0           0
    0.000000000000000000E+00   -0.340282346638528860E+39    0.000000000000000000E+00
 T F     1         112
    0.390086109906190775E-06   -0.270535283110784128E+02   -0.184170241949810354E+02
 T F     1          38
    0.604409404475089033E-06   -0.283365707042613373E+02   -0.189727890839444981E+02
