 F
        1898       16909           3         150
   -0.286342804873089101E+02   -0.222457406362850207E+02
 T
   2
    0.200000000000000000E+01    0.300000000000000000E+01    0.900000000000000022E+00    0.100000000000000006E+00
   0
   0
 T T     0           0
    0.000000000000000000E+00   -0.340282346638528860E+39    0.000000000000000000E+00
 T F     1         135
    0.724114738140635880E-05   -0.287395593009553707E+02   -0.222400575954723259E+02
 T F     1          15
    0.198627057653395341E-05   -0.309376011989458455E+02   -0.222969298244923344E+02
