    0.881683911659563968E+01    0.151744887258060679E+01    0.195681917667388916E+01    0.604919772949610568E+01    0.723235505476752216E+01   -0.105128767400352907E+01   -0.322423324584960938E+02
    0.885807712367788369E+01    0.152706612276116083E+01    0.207708787918090820E+01    0.663711414181834236E+01    0.780383785247104278E+01   -0.140963005543545883E+01   -0.317135696411132812E+02
    0.897222396101151531E+01    0.148887527993910429E+01    0.229616165161132812E+01    0.632949397036073602E+01    0.718183449857370260E+01   -0.126902010674273535E+01   -0.315740585327148438E+02
    0.900498444860186176E+01    0.149081766900335788E+01    0.232297039031982422E+01    0.600402229650812203E+01    0.819321583825235322E+01   -0.126783019783885553E+01   -0.312999610900878906E+02
    0.897702116826000029E+01    0.153114369141931617E+01    0.224116587638854980E+01    0.628789685480285243E+01    0.929538826412147934E+01   -0.139119827532138940E+01   -0.312699584960937500E+02
    0.876036441634174423E+01    0.149465668166896481E+01    0.204597735404968262E+01    0.662332998707214848E+01    0.738633129317331338E+01   -0.115103428299719135E+01   -0.309356994628906250E+02
    0.877804493835420985E+01    0.151392696948391925E+01    0.190212988853454590E+01    0.636576074308263617E+01    0.932088715651042854E+01   -0.114991711966928523E+01   -0.309295806884765625E+02
    0.883364263934686811E+01    0.149228066414142635E+01    0.214087057113647461E+01    0.676540813996097423E+01    0.101343774993955282E+02   -0.135442556219241927E+01   -0.308648300170898438E+02
    0.890778437652385335E+01    0.153763645219139211E+01    0.202672791481018066E+01    0.618057543976751678E+01    0.103248421527710761E+02   -0.136118779050379901E+01   -0.308159675598144531E+02
    0.882747746043473569E+01    0.151992946284784169E+01    0.198523914813995361E+01    0.658821324339387449E+01    0.984305924172057800E+01   -0.145508104966007079E+01   -0.307867736816406250E+02
    0.899161645993348024E+01    0.154862315479845392E+01    0.235289096832275391E+01    0.653806822745816962E+01    0.885287844368542487E+01   -0.122303968603902602E+01   -0.307224082946777344E+02
    0.878965010512660960E+01    0.150565865776253172E+01    0.197910737991333008E+01    0.655442939551048553E+01    0.850961640362837812E+01   -0.107653387108088383E+01   -0.307085113525390625E+02
    0.873632968983887714E+01    0.149565810957137657E+01    0.187924408912658691E+01    0.653624770365943064E+01    0.721722023243720034E+01   -0.122877240968982981E+01   -0.306831207275390625E+02
    0.882060564686581650E+01    0.151205678903440521E+01    0.200509738922119141E+01    0.627247252989429782E+01    0.926600103885064108E+01   -0.114392696484762357E+01   -0.306783638000488281E+02
    0.894224036571699799E+01    0.154929484787104865E+01    0.222381734848022461E+01    0.645478391189098666E+01    0.750682035665902792E+01   -0.118169729603612184E+01   -0.305654182434082031E+02
    0.893036551986720895E+01    0.150081043628845801E+01    0.228363132476806641E+01    0.649892222992573565E+01    0.823494427486460623E+01   -0.931682220994327626E+00   -0.305463104248046875E+02
    0.893452293967018107E+01    0.148566715887101441E+01    0.227740216255187988E+01    0.650046947746109005E+01    0.841757026541965381E+01   -0.133182213403466054E+01   -0.303865356445312500E+02
    0.879351327862959131E+01    0.150849371545004440E+01    0.195016753673553467E+01    0.650124132684097411E+01    0.764090303116418923E+01   -0.112735443670773816E+01   -0.303823165893554688E+02
    0.873327620406221250E+01    0.148715748347802079E+01    0.184210360050201416E+01    0.646765029457428753E+01    0.787744644182286002E+01   -0.120890936199487919E+01   -0.303796272277832031E+02
    0.900771476508126767E+01    0.154558452390078616E+01    0.225144791603088379E+01    0.605719327228776017E+01    0.996557666766742223E+01   -0.131439339407119737E+01   -0.303222541809082031E+02
    0.886898661055126070E+01    0.150561184396387082E+01    0.199497306346893311E+01    0.606282657958256621E+01    0.737728874435052440E+01   -0.124205535318988236E+01   -0.303218841552734375E+02
    0.884447578994364925E+01    0.149558643290457693E+01    0.202883362770080566E+01    0.656057835454259042E+01    0.992889863263110506E+01   -0.137648113942022365E+01   -0.302168998718261719E+02
    0.892378083463352390E+01    0.155669400779460565E+01    0.223258519172668457E+01    0.664432534108759931E+01    0.936323695121989630E+01   -0.130520594191179296E+01   -0.300765075683593750E+02
    0.879375555546042698E+01    0.152995678154972814E+01    0.199274635314941406E+01    0.661195804538822518E+01    0.861339347529057875E+01   -0.134411278351564833E+01   -0.300557250976562500E+02
    0.886348783206253010E+01    0.149666250536975043E+01    0.204694890975952148E+01    0.655092520169215131E+01    0.920551658853824861E+01   -0.144273946387462471E+01   -0.300287284851074219E+02
    0.889717585557578161E+01    0.151380590577110841E+01    0.215265870094299316E+01    0.646345741742568514E+01    0.925812957237193856E+01   -0.104032966691799356E+01   -0.299213981628417969E+02
    0.877503619768941334E+01    0.148364567747435583E+01    0.186550509929656982E+01    0.629173844161333307E+01    0.713120180664068748E+01   -0.135778275684667626E+01   -0.299132041931152344E+02
    0.898132003279084223E+01    0.150830465123179480E+01    0.238174867630004883E+01    0.646827764419491658E+01    0.926513700448759536E+01   -0.108795721343077822E+01   -0.298519058227539062E+02
    0.900434199833478566E+01    0.150135887271325852E+01    0.235308980941772461E+01    0.608173990499981443E+01    0.104383608635880094E+02   -0.105650559369491170E+01   -0.298033790588378906E+02
    0.897549254820848397E+01    0.152951261449014164E+01    0.230646252632141113E+01    0.627594326834705729E+01    0.712623279438830881E+01   -0.964758039474067131E+00   -0.297684707641601562E+02
    0.877460686927976852E+01    0.149763730708207410E+01    0.190502071380615234E+01    0.638031785930118822E+01    0.943077846434911926E+01   -0.116401945130624718E+01   -0.296606903076171875E+02
    0.882480051832907186E+01    0.153068193254898488E+01    0.194966781139373779E+01    0.644534795147781558E+01    0.792381940963706910E+01   -0.131158483151256311E+01   -0.296425094604492188E+02
    0.891725733660135056E+01    0.150335166125671793E+01    0.222880768775939941E+01    0.625431267452225903E+01    0.749661625709474322E+01   -0.949713918494678122E+00   -0.295998229980468750E+02
    0.891459474787821726E+01    0.152358021391768883E+01    0.221838974952697754E+01    0.636288828795965244E+01    0.100884473119163847E+02   -0.102101819294147411E+01   -0.295752906799316406E+02
    0.881020847234627524E+01    0.151510709830610124E+01    0.210220146179199219E+01    0.663566189764109637E+01    0.101020328830504287E+02   -0.104447355918732843E+01   -0.295104255676269531E+02
    0.896855933258670390E+01    0.149502853733645402E+01    0.237431287765502930E+01    0.632282741995941233E+01    0.102629889942036066E+02   -0.100481522939792800E+01   -0.294633216857910156E+02
    0.887302179243074463E+01    0.150471068008653175E+01    0.204395627975463867E+01    0.610724247733655279E+01    0.931922540385087750E+01   -0.112244326286193052E+01   -0.294552154541015625E+02
    0.882072465900356306E+01    0.149506741617685956E+01    0.217836999893188477E+01    0.675455381986507764E+01    0.841896830459195478E+01   -0.116045993448302931E+01   -0.294293785095214844E+02
    0.886478112564448395E+01    0.151902590643953439E+01    0.210028290748596191E+01    0.634795841857907650E+01    0.727331535064513979E+01   -0.102001910209902080E+01   -0.293850135803222656E+02
    0.877341856519069019E+01    0.149211567731857619E+01    0.186785054206848145E+01    0.626153824878241672E+01    0.878785553164173017E+01   -0.127722545508250662E+01   -0.293839416503906250E+02
    0.898263278256369802E+01    0.150755297271168121E+01    0.231742882728576660E+01    0.622409116637865267E+01    0.975581872946550277E+01   -0.105049415607828744E+01   -0.293190231323242188E+02
    0.885986342672990190E+01    0.150304336200727784E+01    0.200201225280761719E+01    0.636061547453664478E+01    0.752338711754784661E+01   -0.134298500603159021E+01   -0.293126144409179688E+02
    0.884896625207628240E+01    0.149331098794300665E+01    0.216123628616333008E+01    0.654418928431310132E+01    0.919159223350217047E+01   -0.991219997712033285E+00   -0.292111930847167969E+02
    0.881781335788623721E+01    0.150179620045149576E+01    0.213637256622314453E+01    0.663044965559128219E+01    0.756254134647779885E+01   -0.100993551659095737E+01   -0.292070350646972656E+02
    0.898806542000746234E+01    0.153677361521679945E+01    0.227634310722351074E+01    0.600771645048061931E+01    0.768142577908612090E+01   -0.110300405283513792E+01   -0.291442909240722656E+02
    0.889717419100979967E+01    0.149392818691814377E+01    0.215308213233947754E+01    0.616594908712996137E+01    0.945106197929634639E+01   -0.982288757428839032E+00   -0.291115303039550781E+02
    0.883613389722031783E+01    0.151279383025684044E+01    0.196342074871063232E+01    0.608151814917650668E+01    0.102204215705292860E+02   -0.128001022624505234E+01   -0.291029052734375000E+02
    0.893441823253952094E+01    0.153445418700016289E+01    0.214678859710693359E+01    0.611259776711898439E+01    0.101686255525664198E+02   -0.129318959836812719E+01   -0.290954666137695312E+02
    0.882460748706065168E+01    0.151248833369185065E+01    0.195542395114898682E+01    0.611170456818296604E+01    0.905883779877397544E+01   -0.116224070902006327E+01   -0.290916824340820312E+02
    0.888511777976681039E+01    0.151436903534056966E+01    0.209208536148071289E+01    0.635634635290573069E+01    0.942130085452327215E+01   -0.117249103934839360E+01   -0.290508842468261719E+02
    0.888511777976681039E+01    0.151436903534056966E+01    0.209208536148071289E+01    0.635634635290573069E+01    0.942130085452327215E+01   -0.117249103934839360E+01   -0.290508842468261719E+02
    0.881156266170706637E+01    0.149823178922853839E+01    0.206067633628845215E+01    0.655744731342457676E+01    0.923001223255928771E+01   -0.126058064183144403E+01   -0.290128784179687500E+02
    0.884904976814523891E+01    0.147960906621587718E+01    0.206761240959167480E+01    0.629622165324902117E+01    0.781832697865467097E+01   -0.128010031641116573E+01   -0.289501686096191406E+02
    0.884904976814523891E+01    0.147960906621587718E+01    0.206761240959167480E+01    0.629622165324902117E+01    0.781832697865467097E+01   -0.128010031641116573E+01   -0.289501686096191406E+02
    0.875019150553886149E+01    0.149468486212036633E+01    0.194095242023468018E+01    0.663041007219299239E+01    0.850572871855381152E+01   -0.133725947413053858E+01   -0.289410667419433594E+02
    0.892125460673952375E+01    0.149599028945297485E+01    0.209439921379089355E+01    0.615122553399632288E+01    0.934475242314396759E+01   -0.144949037453032492E+01   -0.289309616088867188E+02
    0.886064890498802527E+01    0.152989530550241204E+01    0.201022028923034668E+01    0.626234419176632962E+01    0.915663746432796977E+01   -0.127669495764107310E+01   -0.288619728088378906E+02
    0.890046182535242281E+01    0.150414712910617010E+01    0.232579755783081055E+01    0.665971578624379124E+01    0.892805673399131372E+01   -0.106400411480482804E+01   -0.288176078796386719E+02
    0.890046182535242281E+01    0.150414712910617010E+01    0.232579755783081055E+01    0.665971578624379124E+01    0.892805673399131372E+01   -0.106400411480482804E+01   -0.288176078796386719E+02
    0.887241998816580413E+01    0.148241332454825225E+01    0.213259196281433105E+01    0.601960951153841251E+01    0.889932582219207724E+01   -0.112393609754581059E+01   -0.287741508483886719E+02
    0.892751950026147689E+01    0.152950685173087031E+01    0.226073694229125977E+01    0.655755457068320080E+01    0.992087822631688887E+01   -0.103225001487947265E+01   -0.287575988769531250E+02
    0.884224529473918963E+01    0.148014170108828091E+01    0.207365369796752930E+01    0.638386322251967098E+01    0.987988844303494318E+01   -0.127658927213945939E+01   -0.286892318725585938E+02
    0.887110857664748487E+01    0.148487329893328801E+01    0.219119548797607422E+01    0.643220144287982443E+01    0.845397510529655527E+01   -0.102039847350495050E+01   -0.286574325561523438E+02
    0.887110857664748487E+01    0.148487329893328801E+01    0.219119548797607422E+01    0.643220144287982443E+01    0.845397510529655527E+01   -0.102039847350495050E+01   -0.286574325561523438E+02
    0.887745759746775853E+01    0.151367541166385489E+01    0.211952853202819824E+01    0.647716912112117260E+01    0.904356847979889089E+01   -0.131638214913579610E+01   -0.286539459228515625E+02
    0.883887167595628043E+01    0.151987894782946209E+01    0.202528500556945801E+01    0.633539251419589178E+01    0.791502314527839079E+01   -0.113310822688811852E+01   -0.286535987854003906E+02
    0.883887167595628043E+01    0.151987894782946209E+01    0.202528500556945801E+01    0.633539251419589178E+01    0.791502314527839079E+01   -0.113310822688811852E+01   -0.286535987854003906E+02
    0.895357085652266171E+01    0.148820537565890842E+01    0.226944565773010254E+01    0.603234531680762309E+01    0.102300182412616980E+02   -0.105191969673103669E+01   -0.285873413085937500E+02
    0.889601410415288818E+01    0.148336351719039450E+01    0.222756648063659668E+01    0.635342123237541312E+01    0.982683270115792062E+01   -0.105098926460433417E+01   -0.285662384033203125E+02
    0.889601410415288818E+01    0.148336351719039450E+01    0.222756648063659668E+01    0.635342123237541312E+01    0.982683270115792062E+01   -0.105098926460433417E+01   -0.285662384033203125E+02
    0.884481577170394218E+01    0.151739883018242994E+01    0.198698520660400391E+01    0.640797476207104122E+01    0.102200039226204495E+02   -0.131663630689738431E+01   -0.285567283630371094E+02
    0.884481577170394218E+01    0.151739883018242994E+01    0.198698520660400391E+01    0.640797476207104122E+01    0.102200039226204495E+02   -0.131663630689738431E+01   -0.285567283630371094E+02
    0.888377574644547607E+01    0.152434017721709414E+01    0.202522134780883789E+01    0.601043161938868398E+01    0.783748036453627339E+01   -0.122995712438796057E+01   -0.285280456542968750E+02
    0.891972554661681016E+01    0.152327100507849034E+01    0.216632246971130371E+01    0.628661628153720997E+01    0.938825394179454875E+01   -0.127009517142487183E+01   -0.285067825317382812E+02
    0.891972554661681016E+01    0.152327100507849034E+01    0.216632246971130371E+01    0.628661628153720997E+01    0.938825394179454875E+01   -0.127009517142487183E+01   -0.285067825317382812E+02
    0.892827107110512941E+01    0.149719229095286988E+01    0.215378642082214355E+01    0.627647124755434227E+01    0.802309587934216140E+01   -0.131367055106296826E+01   -0.285055313110351562E+02
    0.881829292499336503E+01    0.149269580777677069E+01    0.201367974281311035E+01    0.642645625404493526E+01    0.964369385252503974E+01   -0.108396490967060455E+01   -0.284939804077148438E+02
    0.897194892254386289E+01    0.153068520363150351E+01    0.228349685668945312E+01    0.636765190612339627E+01    0.861255579788809911E+01   -0.116638907914792722E+01   -0.284878349304199219E+02
    0.897194892254386289E+01    0.153068520363150351E+01    0.228349685668945312E+01    0.636765190612339627E+01    0.861255579788809911E+01   -0.116638907914792722E+01   -0.284878349304199219E+02
    0.884520115331929091E+01    0.149805104919856813E+01    0.196244215965270996E+01    0.601019868532779356E+01    0.728455305535978592E+01   -0.136169156221274745E+01   -0.284725952148437500E+02
    0.884520115331929091E+01    0.149805104919856813E+01    0.196244215965270996E+01    0.601019868532779356E+01    0.728455305535978592E+01   -0.136169156221274745E+01   -0.284725952148437500E+02
    0.880655577033379799E+01    0.151187706444240488E+01    0.194417560100555420E+01    0.649506650286119047E+01    0.898408204597665083E+01   -0.131790074947497704E+01   -0.284363708496093750E+02
    0.880655577033379799E+01    0.151187706444240488E+01    0.194417560100555420E+01    0.649506650286119047E+01    0.898408204597665083E+01   -0.131790074947497704E+01   -0.284363708496093750E+02
    0.898127549838819483E+01    0.149626859907176479E+01    0.235605883598327637E+01    0.624303963808828044E+01    0.775040057284263284E+01   -0.100688870212002812E+01   -0.284147834777832031E+02
    0.898127549838819483E+01    0.149626859907176479E+01    0.235605883598327637E+01    0.624303963808828044E+01    0.775040057284263284E+01   -0.100688870212002812E+01   -0.284147834777832031E+02
    0.883596950711738849E+01    0.151956941730187922E+01    0.196480166912078857E+01    0.634453653433694775E+01    0.790085732610909020E+01   -0.134595905256583581E+01   -0.284129257202148438E+02
    0.883596950711738849E+01    0.151956941730187922E+01    0.196480166912078857E+01    0.634453653433694775E+01    0.790085732610909020E+01   -0.134595905256583581E+01   -0.284129257202148438E+02
    0.881916795703939194E+01    0.148147320376648217E+01    0.202647471427917480E+01    0.622977177966079143E+01    0.101938603314796552E+02   -0.113895073741559072E+01   -0.283887977600097656E+02
    0.897219986355447396E+01    0.151062496880610597E+01    0.229144501686096191E+01    0.619451187976193740E+01    0.103217344584569553E+02   -0.108012130308877108E+01   -0.283545532226562500E+02
    0.895646982318126739E+01    0.152918692320537319E+01    0.226346158981323242E+01    0.631375227812175588E+01    0.913973029888358823E+01   -0.105817579034891796E+01   -0.283359336853027344E+02
    0.889913012859634733E+01    0.150449689519981877E+01    0.228051137924194336E+01    0.662342035296476883E+01    0.952654733819041866E+01   -0.105353318731551338E+01   -0.283149604797363281E+02
    0.882143345815087443E+01    0.149806185108059076E+01    0.197246861457824707E+01    0.610722157927874676E+01    0.769365997409292213E+01   -0.120848415322333391E+01   -0.282980499267578125E+02
    0.893764320585552596E+01    0.153359406002532106E+01    0.223354935646057129E+01    0.649276134214360656E+01    0.898358149311660092E+01   -0.120487774096158562E+01   -0.282640190124511719E+02
    0.893764320585552596E+01    0.153359406002532106E+01    0.223354935646057129E+01    0.649276134214360656E+01    0.898358149311660092E+01   -0.120487774096158562E+01   -0.282640190124511719E+02
    0.881111247532471253E+01    0.149308414092782415E+01    0.191477656364440918E+01    0.609942729244422033E+01    0.711693085245425827E+01   -0.129210435836585424E+01   -0.282231292724609375E+02
    0.881111247532471253E+01    0.149308414092782415E+01    0.191477656364440918E+01    0.609942729244422033E+01    0.711693085245425827E+01   -0.129210435836585424E+01   -0.282231292724609375E+02
    0.890389932253038729E+01    0.150442600912431490E+01    0.204331874847412109E+01    0.601322677726822619E+01    0.917943257593922723E+01   -0.138740676232237981E+01   -0.281888999938964844E+02
    0.890389932253038729E+01    0.150442600912431490E+01    0.204331874847412109E+01    0.601322677726822619E+01    0.917943257593922723E+01   -0.138740676232237981E+01   -0.281888999938964844E+02
    0.883683435817502527E+01    0.150379499376354575E+01    0.205889391899108887E+01    0.649038746905710706E+01    0.802489979186165492E+01   -0.109301295681316590E+01   -0.281364212036132812E+02
    0.883683435817502527E+01    0.150379499376354575E+01    0.205889391899108887E+01    0.649038746905710706E+01    0.802489979186165492E+01   -0.109301295681316590E+01   -0.281364212036132812E+02
    0.890899020976523914E+01    0.151345819853120989E+01    0.216956663131713867E+01    0.611718988327180391E+01    0.905836856566921789E+01   -0.106473575077492488E+01   -0.281264610290527344E+02
    0.890899020976523914E+01    0.151345819853120989E+01    0.216956663131713867E+01    0.611718988327180391E+01    0.905836856566921789E+01   -0.106473575077492488E+01   -0.281264610290527344E+02
    0.882014270515400867E+01    0.149899817916088196E+01    0.199928772449493408E+01    0.633731568761777098E+01    0.810727919124804686E+01   -0.112026650503741876E+01   -0.281020088195800781E+02
    0.892798579656621882E+01    0.148662016570322164E+01    0.217048788070678711E+01    0.600801698112117233E+01    0.818687885521553049E+01   -0.125235869374960496E+01   -0.280893135070800781E+02
    0.892798579656621882E+01    0.148662016570322164E+01    0.217048788070678711E+01    0.600801698112117233E+01    0.818687885521553049E+01   -0.125235869374960496E+01   -0.280893135070800781E+02
    0.882838045524891157E+01    0.150289472892712794E+01    0.201314783096313477E+01    0.640676444910624454E+01    0.923283170866157477E+01   -0.128595895970732510E+01   -0.280572013854980469E+02
    0.882838045524891157E+01    0.150289472892712794E+01    0.201314783096313477E+01    0.640676444910624454E+01    0.923283170866157477E+01   -0.128595895970732510E+01   -0.280572013854980469E+02
    0.893388363346681302E+01    0.149764359923379864E+01    0.218472409248352051E+01    0.611383312136863566E+01    0.772550985644673460E+01   -0.115296325198583061E+01   -0.280400390625000000E+02
    0.895143367131695555E+01    0.151783297043150278E+01    0.226996231079101562E+01    0.621332704351058762E+01    0.102183802173967084E+02   -0.101385511921534577E+01   -0.280315399169921875E+02
    0.879781597071765731E+01    0.150343642494188234E+01    0.197927689552307129E+01    0.652255728537597168E+01    0.838284003062424077E+01   -0.118913327244312406E+01   -0.280299835205078125E+02
    0.887888146389767918E+01    0.152498092736419855E+01    0.202543830871582031E+01    0.613793832742982737E+01    0.943241587180931873E+01   -0.127323524411182487E+01   -0.280130043029785156E+02
    0.887888146389767918E+01    0.152498092736419855E+01    0.202543830871582031E+01    0.613793832742982737E+01    0.943241587180931873E+01   -0.127323524411182487E+01   -0.280130043029785156E+02
    0.885663076218013146E+01    0.150063778145814131E+01    0.210976767539978027E+01    0.640377720455195565E+01    0.774550060274503416E+01   -0.103683491045990284E+01   -0.280044136047363281E+02
    0.885663076218013146E+01    0.150063778145814131E+01    0.210976767539978027E+01    0.640377720455195565E+01    0.774550060274503416E+01   -0.103683491045990284E+01   -0.280044136047363281E+02
    0.887208102610692961E+01    0.149159553931053845E+01    0.226250600814819336E+01    0.667662538162330055E+01    0.817387335521189584E+01   -0.124672674478744772E+01   -0.279818077087402344E+02
    0.887208102610692961E+01    0.149159553931053845E+01    0.226250600814819336E+01    0.667662538162330055E+01    0.817387335521189584E+01   -0.124672674478744772E+01   -0.279818077087402344E+02
    0.884199985769674690E+01    0.152380974561177918E+01    0.204276728630065918E+01    0.650079050290131377E+01    0.901642793881856619E+01   -0.121349919341819534E+01   -0.279501037597656250E+02
    0.884199985769674690E+01    0.152380974561177918E+01    0.204276728630065918E+01    0.650079050290131377E+01    0.901642793881856619E+01   -0.121349919341819534E+01   -0.279501037597656250E+02
    0.885158401721352384E+01    0.149558971882820035E+01    0.218386197090148926E+01    0.662437411334226400E+01    0.842792321538080103E+01   -0.106787212220732619E+01   -0.279318046569824219E+02
    0.885158401721352384E+01    0.149558971882820035E+01    0.218386197090148926E+01    0.662437411334226400E+01    0.842792321538080103E+01   -0.106787212220732619E+01   -0.279318046569824219E+02
    0.889816794595351190E+01    0.150112025665559878E+01    0.213003206253051758E+01    0.646498582888489004E+01    0.860592427555422645E+01   -0.139614731539726167E+01   -0.279284782409667969E+02
    0.889816794595351190E+01    0.150112025665559878E+01    0.213003206253051758E+01    0.646498582888489004E+01    0.860592427555422645E+01   -0.139614731539726167E+01   -0.279284782409667969E+02
    0.890326599209668146E+01    0.151406612791735284E+01    0.218352651596069336E+01    0.634159365148663667E+01    0.943825501143565759E+01   -0.110425509051813364E+01   -0.278884773254394531E+02
    0.890326599209668146E+01    0.151406612791735284E+01    0.218352651596069336E+01    0.634159365148663667E+01    0.943825501143565759E+01   -0.110425509051813364E+01   -0.278884773254394531E+02
    0.894679382566498305E+01    0.152572480207227601E+01    0.221925354003906250E+01    0.612237373576251542E+01    0.822888245396610785E+01   -0.113674258105703352E+01   -0.278364868164062500E+02
    0.892777911872401830E+01    0.149968427730559917E+01    0.218915700912475586E+01    0.644244288087271499E+01    0.102380484977090465E+02   -0.135540573813203236E+01   -0.278309059143066406E+02
    0.892777911872401830E+01    0.149968427730559917E+01    0.218915700912475586E+01    0.644244288087271499E+01    0.102380484977090465E+02   -0.135540573813203236E+01   -0.278309059143066406E+02
    0.885401223303523821E+01    0.151196093432534129E+01    0.208780479431152344E+01    0.640956045921907336E+01    0.104893283467092431E+02   -0.116498790972525357E+01   -0.278272781372070312E+02
    0.885401223303523821E+01    0.151196093432534129E+01    0.208780479431152344E+01    0.640956045921907336E+01    0.104893283467092431E+02   -0.116498790972525357E+01   -0.278272781372070312E+02
    0.881174691869400206E+01    0.152178311505171004E+01    0.202890300750732422E+01    0.657328782888618335E+01    0.718713747088844457E+01   -0.116778963916600609E+01   -0.278059234619140625E+02
    0.881174691869400206E+01    0.152178311505171004E+01    0.202890300750732422E+01    0.657328782888618335E+01    0.718713747088844457E+01   -0.116778963916600609E+01   -0.278059234619140625E+02
    0.892362760605519867E+01    0.150082325634180958E+01    0.217686557769775391E+01    0.640027277766389613E+01    0.712062845395095056E+01   -0.136811200687530254E+01   -0.277112693786621094E+02
    0.892362760605519867E+01    0.150082325634180958E+01    0.217686557769775391E+01    0.640027277766389613E+01    0.712062845395095056E+01   -0.136811200687530254E+01   -0.277112693786621094E+02
    0.883768848166669585E+01    0.149215563033455778E+01    0.202967810630798340E+01    0.653077017196750109E+01    0.785562183134214020E+01   -0.134042250328535784E+01   -0.277019081115722656E+02
    0.883768848166669585E+01    0.149215563033455778E+01    0.202967810630798340E+01    0.653077017196750109E+01    0.785562183134214020E+01   -0.134042250328535784E+01   -0.277019081115722656E+02
    0.896099257249576375E+01    0.150228600943441926E+01    0.229362845420837402E+01    0.621647180605423610E+01    0.810245788399985223E+01   -0.116622614284240678E+01   -0.276707038879394531E+02
    0.896099257249576375E+01    0.150228600943441926E+01    0.229362845420837402E+01    0.621647180605423610E+01    0.810245788399985223E+01   -0.116622614284240678E+01   -0.276707038879394531E+02
    0.881601367783737189E+01    0.149314151158567587E+01    0.197367846965789795E+01    0.645016535821304871E+01    0.710646964139207782E+01   -0.127771874952869613E+01   -0.276662178039550781E+02
    0.881601367783737189E+01    0.149314151158567587E+01    0.197367846965789795E+01    0.645016535821304871E+01    0.710646964139207782E+01   -0.127771874952869613E+01   -0.276662178039550781E+02
    0.892766583910895228E+01    0.152147243611874128E+01    0.219334721565246582E+01    0.624223348342323181E+01    0.849744062018737978E+01   -0.107402691694812380E+01   -0.276548080444335938E+02
    0.892450180581385055E+01    0.148994580550777833E+01    0.224397993087768555E+01    0.644567838036938312E+01    0.789003256589895852E+01   -0.120380314688052503E+01   -0.276407890319824219E+02
    0.892450180581385055E+01    0.148994580550777833E+01    0.224397993087768555E+01    0.644567838036938312E+01    0.789003256589895852E+01   -0.120380314688052503E+01   -0.276407890319824219E+02
    0.885836040533683899E+01    0.148556080772083443E+01    0.208862018585205078E+01    0.640247507384811421E+01    0.961827734751663144E+01   -0.133671898916791099E+01   -0.276006774902343750E+02
    0.885836040533683899E+01    0.148556080772083443E+01    0.208862018585205078E+01    0.640247507384811421E+01    0.961827734751663144E+01   -0.133671898916791099E+01   -0.276006774902343750E+02
    0.889700486000820945E+01    0.149019476995497402E+01    0.222121429443359375E+01    0.641902742619521405E+01    0.788775703169617692E+01   -0.100839401456102995E+01   -0.275756378173828125E+02
    0.889700486000820945E+01    0.149019476995497402E+01    0.222121429443359375E+01    0.641902742619521405E+01    0.788775703169617692E+01   -0.100839401456102995E+01   -0.275756378173828125E+02
    0.885593016885771789E+01    0.149858093267950054E+01    0.198128139972686768E+01    0.606683009467525380E+01    0.104354262993021010E+02   -0.129965464860631830E+01   -0.275699272155761719E+02
    0.893115268078764402E+01    0.152274233367486844E+01    0.220344567298889160E+01    0.628694840568994096E+01    0.715192639903853866E+01   -0.110237451133650644E+01   -0.275590362548828125E+02
    0.893115268078764402E+01    0.152274233367486844E+01    0.220344567298889160E+01    0.628694840568994096E+01    0.715192639903853866E+01   -0.110237451133650644E+01   -0.275590362548828125E+02
    0.887624159666792423E+01    0.150023602723693261E+01    0.209128880500793457E+01    0.652814154053280671E+01    0.813302013932962176E+01   -0.136689484822097684E+01   -0.275431251525878906E+02
    0.891824507524029464E+01    0.152329635421611509E+01    0.220830273628234863E+01    0.644792263242764818E+01    0.102432092017215002E+02   -0.115482837511353020E+01   -0.275430717468261719E+02
    0.887679635440282588E+01    0.151677732703222357E+01    0.208556652069091797E+01    0.621500356447111457E+01    0.967795703513417394E+01   -0.113173480939527349E+01   -0.275090980529785156E+02
    0.887679635440282588E+01    0.151677732703222357E+01    0.208556652069091797E+01    0.621500356447111457E+01    0.967795703513417394E+01   -0.113173480939527349E+01   -0.275090980529785156E+02
    0.887796218955901573E+01    0.152040711512629056E+01    0.212699556350708008E+01    0.643207389212707081E+01    0.900291249193330856E+01   -0.115553344143161651E+01   -0.274968452453613281E+02
    0.887796218955901573E+01    0.152040711512629056E+01    0.212699556350708008E+01    0.643207389212707081E+01    0.900291249193330856E+01   -0.115553344143161651E+01   -0.274968452453613281E+02
    0.886713590617296710E+01    0.150275525799294529E+01    0.200645279884338379E+01    0.612079987642532419E+01    0.988135673509884427E+01   -0.129704491066486316E+01   -0.274956054687500000E+02
    0.886713590617296710E+01    0.150275525799294529E+01    0.200645279884338379E+01    0.612079987642532419E+01    0.988135673509884427E+01   -0.129704491066486316E+01   -0.274956054687500000E+02
    0.887505385182405071E+01    0.149519034927846750E+01    0.206959056854248047E+01    0.639612330009356889E+01    0.869834458395184384E+01   -0.131771364188782947E+01   -0.274953231811523438E+02
    0.887505385182405071E+01    0.149519034927846750E+01    0.206959056854248047E+01    0.639612330009356889E+01    0.869834458395184384E+01   -0.131771364188782947E+01   -0.274953231811523438E+02
    0.886427972866797376E+01    0.151889645506469129E+01    0.204485654830932617E+01    0.623646709511611075E+01    0.979298989844000722E+01   -0.117735892099306394E+01   -0.274941024780273438E+02
    0.886427972866797376E+01    0.151889645506469129E+01    0.204485654830932617E+01    0.623646709511611075E+01    0.979298989844000722E+01   -0.117735892099306394E+01   -0.274941024780273438E+02
    0.880561971180313208E+01    0.150338508384287084E+01    0.205151152610778809E+01    0.664027928975881832E+01    0.894115406655415690E+01   -0.130867025921089519E+01   -0.274888305664062500E+02
    0.880561971180313208E+01    0.150338508384287084E+01    0.205151152610778809E+01    0.664027928975881832E+01    0.894115406655415690E+01   -0.130867025921089519E+01   -0.274888305664062500E+02
    0.883203585556144510E+01    0.149007257240870694E+01    0.199873161315917969E+01    0.618841268560236912E+01    0.928302525681481683E+01   -0.116405403351663694E+01   -0.274715995788574219E+02
    0.883203585556144510E+01    0.149007257240870694E+01    0.199873161315917969E+01    0.618841268560236912E+01    0.928302525681481683E+01   -0.116405403351663694E+01   -0.274715995788574219E+02
    0.892493130679746116E+01    0.152086355350739444E+01    0.215612483024597168E+01    0.617120388037376699E+01    0.941127940648804184E+01   -0.123264511831934143E+01   -0.274713668823242188E+02
    0.887294022403790095E+01    0.150995886101326104E+01    0.202872514724731445E+01    0.616797903460793417E+01    0.961043543284651669E+01   -0.127839591019550536E+01   -0.274706916809082031E+02
    0.887294022403790095E+01    0.150995886101326104E+01    0.202872514724731445E+01    0.616797903460793417E+01    0.961043543284651669E+01   -0.127839591019550536E+01   -0.274706916809082031E+02
    0.885574345143588104E+01    0.152048596261611335E+01    0.206568908691406250E+01    0.654436238752002808E+01    0.864067921275220741E+01   -0.131329932034916741E+01   -0.274702987670898438E+02
    0.890147619390800671E+01    0.151852819096019909E+01    0.208929562568664551E+01    0.615034671847433856E+01    0.872497096254062043E+01   -0.125764142120751110E+01   -0.274528083801269531E+02
    0.890147619390800671E+01    0.151852819096019909E+01    0.208929562568664551E+01    0.615034671847433856E+01    0.872497096254062043E+01   -0.125764142120751110E+01   -0.274528083801269531E+02
    0.886162391012538642E+01    0.149791507371541499E+01    0.209407210350036621E+01    0.638879465528478541E+01    0.828744876315466250E+01   -0.127821011856429356E+01   -0.274305419921875000E+02
    0.886162391012538642E+01    0.149791507371541499E+01    0.209407210350036621E+01    0.638879465528478541E+01    0.828744876315466250E+01   -0.127821011856429356E+01   -0.274305419921875000E+02
    0.888456881616023963E+01    0.152587014971566814E+01    0.209479331970214844E+01    0.633605973759101815E+01    0.967438386670045070E+01   -0.119603753392295920E+01   -0.274214057922363281E+02
    0.888456881616023963E+01    0.152587014971566814E+01    0.209479331970214844E+01    0.633605973759101815E+01    0.967438386670045070E+01   -0.119603753392295920E+01   -0.274214057922363281E+02
    0.888508599502602436E+01    0.152206176016121009E+01    0.210145044326782227E+01    0.641306608844735937E+01    0.831390530217976220E+01   -0.122296192871959741E+01   -0.274115104675292969E+02
    0.886920504921564934E+01    0.152174628974554493E+01    0.206291198730468750E+01    0.627879682888580160E+01    0.990956436104873006E+01   -0.118140824426467295E+01   -0.273882141113281250E+02
    0.878851595741125102E+01    0.149026542161118347E+01    0.198835778236389160E+01    0.657424966227780239E+01    0.824642370021864579E+01   -0.135072653227492756E+01   -0.273737258911132812E+02
    0.878851595741125102E+01    0.149026542161118347E+01    0.198835778236389160E+01    0.657424966227780239E+01    0.824642370021864579E+01   -0.135072653227492756E+01   -0.273737258911132812E+02
    0.890292867817084677E+01    0.150206413915380654E+01    0.214630675315856934E+01    0.602770762095368262E+01    0.763289033326798361E+01   -0.104408280595579184E+01   -0.273722038269042969E+02
    0.894693192615530997E+01    0.150337890730425539E+01    0.218661284446716309E+01    0.612051589602094825E+01    0.100838679275768968E+02   -0.131708504026192452E+01   -0.273659133911132812E+02
    0.894693192615530997E+01    0.150337890730425539E+01    0.218661284446716309E+01    0.612051589602094825E+01    0.100838679275768968E+02   -0.131708504026192452E+01   -0.273659133911132812E+02
    0.883827610643399275E+01    0.148524778538611080E+01    0.203560757637023926E+01    0.641096058779429079E+01    0.812419419852115254E+01   -0.126956944698527563E+01   -0.273486213684082031E+02
    0.888271565888940984E+01    0.151080112519849363E+01    0.212401080131530762E+01    0.627195201608977193E+01    0.768137762881419839E+01   -0.117229835042676744E+01   -0.273233795166015625E+02
    0.893359470352811513E+01    0.149209733678596801E+01    0.221557188034057617E+01    0.629161756304597564E+01    0.958992432772960512E+01   -0.125981853613762951E+01   -0.273207550048828125E+02
    0.893359470352811513E+01    0.149209733678596801E+01    0.221557188034057617E+01    0.629161756304597564E+01    0.958992432772960512E+01   -0.125981853613762951E+01   -0.273207550048828125E+02
    0.885349067910151710E+01    0.150718296564309551E+01    0.205649399757385254E+01    0.641282853359295313E+01    0.931092849443704118E+01   -0.128613547669027373E+01   -0.273178291320800781E+02
    0.885349067910151710E+01    0.150718296564309551E+01    0.205649399757385254E+01    0.641282853359295313E+01    0.931092849443704118E+01   -0.128613547669027373E+01   -0.273178291320800781E+02
    0.889495221388918544E+01    0.151318478504685805E+01    0.222480487823486328E+01    0.656692539293414246E+01    0.863972072542690306E+01   -0.109715521777234049E+01   -0.273178215026855469E+02
    0.895669955966205045E+01    0.149497819735767945E+01    0.229540562629699707E+01    0.613046937271627890E+01    0.897577800480767429E+01   -0.103991524312587513E+01   -0.273134689331054688E+02
    0.895669955966205045E+01    0.149497819735767945E+01    0.229540562629699707E+01    0.613046937271627890E+01    0.897577800480767429E+01   -0.103991524312587513E+01   -0.273134689331054688E+02
    0.890149259552653582E+01    0.151872548332629909E+01    0.217739653587341309E+01    0.649266883529436711E+01    0.104107741361839903E+02   -0.114854319762643464E+01   -0.273055152893066406E+02
    0.884707898110928781E+01    0.149347124608916304E+01    0.208914780616760254E+01    0.634715359704552551E+01    0.889533819375269452E+01   -0.111190884989651795E+01   -0.272802734375000000E+02
    0.884707898110928781E+01    0.149347124608916304E+01    0.208914780616760254E+01    0.634715359704552551E+01    0.889533819375269452E+01   -0.111190884989651795E+01   -0.272802734375000000E+02
    0.894241207876562250E+01    0.150315923921652250E+01    0.227733874320983887E+01    0.638509216572744265E+01    0.754960493896513540E+01   -0.108828589938773734E+01   -0.272788505554199219E+02
    0.890050413552176245E+01    0.151255145879849162E+01    0.213616752624511719E+01    0.612457547298061655E+01    0.100322852018403061E+02   -0.118496376275899107E+01   -0.272765083312988281E+02
    0.892619339280237867E+01    0.149158230447763462E+01    0.222209548950195312E+01    0.601073203558859248E+01    0.858844795727676491E+01   -0.112729824149622959E+01   -0.272747840881347656E+02
    0.890142842546085511E+01    0.151849917043725613E+01    0.218909478187561035E+01    0.652662418576337089E+01    0.103703823173041947E+02   -0.120835056070774227E+01   -0.272733535766601562E+02
    0.889992485690275181E+01    0.151681420212807883E+01    0.210732102394104004E+01    0.617967944112729395E+01    0.993890468532335802E+01   -0.124124446865863192E+01   -0.272731781005859375E+02
    0.893112342706612594E+01    0.149744479721163604E+01    0.225130081176757812E+01    0.623135590048862120E+01    0.854203469680214944E+01   -0.108521471099978384E+01   -0.272242965698242188E+02
    0.890424946173790843E+01    0.151118458899178942E+01    0.210897827148437500E+01    0.601698052330739941E+01    0.766173779397632071E+01   -0.117352673878621716E+01   -0.272240524291992188E+02
    0.890424946173790843E+01    0.151118458899178942E+01    0.210897827148437500E+01    0.601698052330739941E+01    0.766173779397632071E+01   -0.117352673878621716E+01   -0.272240524291992188E+02
    0.890150067199422068E+01    0.149648631447977776E+01    0.219512820243835449E+01    0.625237510555616272E+01    0.738602593614883318E+01   -0.107003819975004588E+01   -0.271934967041015625E+02
    0.895424752348309916E+01    0.149449825348659471E+01    0.227253293991088867E+01    0.609095631879968380E+01    0.750040540436584191E+01   -0.105744713162291104E+01   -0.271833229064941406E+02
    0.895424752348309916E+01    0.149449825348659471E+01    0.227253293991088867E+01    0.609095631879968380E+01    0.750040540436584191E+01   -0.105744713162291104E+01   -0.271833229064941406E+02
    0.889053008776137865E+01    0.149127196414291641E+01    0.214764285087585449E+01    0.649821472617097573E+01    0.885025938602347573E+01   -0.133609986016611337E+01   -0.271828231811523438E+02
    0.885633537346897270E+01    0.148586979578318368E+01    0.207474517822265625E+01    0.633681794791516317E+01    0.702134331642426535E+01   -0.131011260595862744E+01   -0.271684417724609375E+02
    0.885633537346897270E+01    0.148586979578318368E+01    0.207474517822265625E+01    0.633681794791516317E+01    0.702134331642426535E+01   -0.131011260595862744E+01   -0.271684417724609375E+02
    0.885427498068961683E+01    0.151090285482145470E+01    0.206598734855651855E+01    0.648036641039078010E+01    0.727586952915763074E+01   -0.126924542831900200E+01   -0.271663894653320312E+02
    0.885427498068961683E+01    0.151090285482145470E+01    0.206598734855651855E+01    0.648036641039078010E+01    0.727586952915763074E+01   -0.126924542831900200E+01   -0.271663894653320312E+02
    0.885853129629565750E+01    0.151787259979741695E+01    0.217050576210021973E+01    0.663212231251296735E+01    0.932701233820446696E+01   -0.124247622330665042E+01   -0.271596298217773438E+02
    0.885853129629565750E+01    0.151787259979741695E+01    0.217050576210021973E+01    0.663212231251296735E+01    0.932701233820446696E+01   -0.124247622330665042E+01   -0.271596298217773438E+02
    0.885080938649805837E+01    0.150354197744522455E+01    0.205557632446289062E+01    0.654685007514400397E+01    0.959927089051563698E+01   -0.135589214557292448E+01   -0.271573333740234375E+02
    0.885080938649805837E+01    0.150354197744522455E+01    0.205557632446289062E+01    0.654685007514400397E+01    0.959927089051563698E+01   -0.135589214557292448E+01   -0.271573333740234375E+02
    0.887947270707003788E+01    0.151891601745664140E+01    0.210033631324768066E+01    0.635219804511167041E+01    0.104707149854751442E+02   -0.116237256616868145E+01   -0.271513748168945312E+02
    0.886938625898685729E+01    0.150952341174565641E+01    0.206998968124389648E+01    0.629659145912020701E+01    0.100414420041276138E+02   -0.118343953524695111E+01   -0.271477966308593750E+02
    0.886938625898685729E+01    0.150952341174565641E+01    0.206998968124389648E+01    0.629659145912020701E+01    0.100414420041276138E+02   -0.118343953524695111E+01   -0.271477966308593750E+02
    0.881609810356691526E+01    0.148573625682297217E+01    0.204938817024230957E+01    0.650533579366405323E+01    0.978965855758585235E+01   -0.114815988137847724E+01   -0.271374740600585938E+02
    0.884183290933289001E+01    0.149542023888624342E+01    0.197711062431335449E+01    0.616141393246298286E+01    0.929668103721208894E+01   -0.132130755735942751E+01   -0.271374435424804688E+02
    0.884183290933289001E+01    0.149542023888624342E+01    0.197711062431335449E+01    0.616141393246298286E+01    0.929668103721208894E+01   -0.132130755735942751E+01   -0.271374435424804688E+02
    0.893365316985567404E+01    0.150319175896688240E+01    0.217081594467163086E+01    0.610730484843814825E+01    0.768004169436393447E+01   -0.130678108691258910E+01   -0.271253318786621094E+02
    0.884354375299909989E+01    0.150090164180562957E+01    0.219536066055297852E+01    0.664390670267016237E+01    0.832672868192755722E+01   -0.120492365731510276E+01   -0.271133575439453125E+02
    0.879833552210151559E+01    0.150304534862418593E+01    0.205623912811279297E+01    0.662654704996587096E+01    0.995356983253240024E+01   -0.118386995745793144E+01   -0.271061592102050781E+02
    0.888401988245919227E+01    0.150289655376635678E+01    0.213774347305297852E+01    0.627453287106969704E+01    0.753680113020719666E+01   -0.108530405634357874E+01   -0.271028785705566406E+02
    0.889268850294990187E+01    0.151745346838960349E+01    0.209639620780944824E+01    0.618423585867293824E+01    0.987326061499518559E+01   -0.120544589089775478E+01   -0.270808868408203125E+02
    0.888752759161570971E+01    0.150018994987437626E+01    0.211639165878295898E+01    0.619580130515021565E+01    0.865541597839798271E+01   -0.124208727220115245E+01   -0.270035591125488281E+02
    0.886509855014232784E+01    0.150331563610229102E+01    0.219337081909179688E+01    0.663836015325500473E+01    0.859798840133749209E+01   -0.130081658558961211E+01   -0.269897575378417969E+02
    0.886509855014232784E+01    0.150331563610229102E+01    0.219337081909179688E+01    0.663836015325500473E+01    0.859798840133749209E+01   -0.130081658558961211E+01   -0.269897575378417969E+02
    0.888829866095695742E+01    0.149293460287489177E+01    0.205692982673645020E+01    0.609037039444355166E+01    0.975792899224165033E+01   -0.133724566700916170E+01   -0.269786186218261719E+02
    0.895260085736273759E+01    0.149435058314304792E+01    0.226564764976501465E+01    0.607672488904347929E+01    0.842515338901814026E+01   -0.116859751279235025E+01   -0.269740371704101562E+02
    0.884559148879443846E+01    0.148579108019855277E+01    0.220368266105651855E+01    0.660485241580491866E+01    0.828990936157971348E+01   -0.115841086859468723E+01   -0.269629287719726562E+02
    0.884559148879443846E+01    0.148579108019855277E+01    0.220368266105651855E+01    0.660485241580491866E+01    0.828990936157971348E+01   -0.115841086859468723E+01   -0.269629287719726562E+02
    0.887239725775825328E+01    0.150422766191906376E+01    0.219325685501098633E+01    0.656313255618051716E+01    0.870864966229006221E+01   -0.111840182829329304E+01   -0.269455833435058594E+02
    0.887702129519261973E+01    0.148800170493104478E+01    0.210349988937377930E+01    0.615394007964261647E+01    0.961454578690052486E+01   -0.124755748398992350E+01   -0.269451522827148438E+02
    0.890343013743454748E+01    0.149690858284868655E+01    0.215760970115661621E+01    0.645028699115615822E+01    0.994901384116968934E+01   -0.135098978646978019E+01   -0.269288673400878906E+02
    0.890343013743454748E+01    0.149690858284868655E+01    0.215760970115661621E+01    0.645028699115615822E+01    0.994901384116968934E+01   -0.135098978646978019E+01   -0.269288673400878906E+02
    0.889056993681839458E+01    0.148756107132058513E+01    0.218701171875000000E+01    0.635010218016463845E+01    0.865870594750237643E+01   -0.110349613635714139E+01   -0.269021644592285156E+02
    0.887386128499584181E+01    0.151285924571662900E+01    0.209989571571350098E+01    0.637382772193805014E+01    0.950992847772774041E+01   -0.118007442795122741E+01   -0.268895339965820312E+02
    0.887386128499584181E+01    0.151285924571662900E+01    0.209989571571350098E+01    0.637382772193805014E+01    0.950992847772774041E+01   -0.118007442795122741E+01   -0.268895339965820312E+02
    0.884505508255509731E+01    0.148563565159690580E+01    0.209077453613281250E+01    0.641184632077412608E+01    0.824724249657364439E+01   -0.112608569014786153E+01   -0.268894462585449219E+02
    0.880363080923167374E+01    0.149453468457842575E+01    0.206586408615112305E+01    0.661693115963757172E+01    0.870884368551571875E+01   -0.130400686572772928E+01   -0.268693542480468750E+02
    0.887117534225749438E+01    0.148883203803152053E+01    0.212911510467529297E+01    0.649853313651589559E+01    0.963229906128161772E+01   -0.130082991657147407E+01   -0.268562850952148438E+02
    0.889256312519449921E+01    0.149751029409733061E+01    0.207246971130371094E+01    0.621635445998720648E+01    0.935550396565430020E+01   -0.136002838387512703E+01   -0.268551445007324219E+02
    0.889507629180006099E+01    0.148540184450229229E+01    0.214912271499633789E+01    0.605688973554897636E+01    0.975726666470810677E+01   -0.114403828615005576E+01   -0.268536491394042969E+02
    0.889507629180006099E+01    0.148540184450229229E+01    0.214912271499633789E+01    0.605688973554897636E+01    0.975726666470810677E+01   -0.114403828615005576E+01   -0.268536491394042969E+02
    0.882623445644073179E+01    0.148546768446557254E+01    0.206921672821044922E+01    0.655930828862292703E+01    0.820487993356457679E+01   -0.128115032812458240E+01   -0.268353309631347656E+02
    0.885213663507084547E+01    0.149178557240383269E+01    0.211313700675964355E+01    0.641785625565648488E+01    0.103716259503884114E+02   -0.114001360300276611E+01   -0.268313179016113281E+02
    0.882939436624217855E+01    0.149851333505476036E+01    0.211889696121215820E+01    0.658663507405014315E+01    0.943993596622989095E+01   -0.110110505945559511E+01   -0.268220634460449219E+02
    0.888941790702838475E+01    0.150257941441380227E+01    0.208487176895141602E+01    0.630761049671385443E+01    0.712064306064306951E+01   -0.134590991788974734E+01   -0.268154907226562500E+02
    0.887172122989563228E+01    0.148991582915502452E+01    0.205734062194824219E+01    0.619010705767928648E+01    0.974370163163310998E+01   -0.126929850590199012E+01   -0.268093414306640625E+02
    0.880960579517949682E+01    0.149132327608445303E+01    0.207288360595703125E+01    0.658636122514344269E+01    0.100454164698774875E+02   -0.127234750018807308E+01   -0.267856140136718750E+02
    0.878983560019240073E+01    0.149839442839699277E+01    0.201915884017944336E+01    0.660233907487996419E+01    0.102984462717536189E+02   -0.123006136182105830E+01   -0.267813796997070312E+02
    0.889541378909360603E+01    0.150191025151082669E+01    0.216353225708007812E+01    0.652324551346703352E+01    0.102186381506416488E+02   -0.133084627226048990E+01   -0.267723541259765625E+02
    0.888433615672407662E+01    0.151046485224052218E+01    0.210334753990173340E+01    0.627234502318205145E+01    0.866080138631764562E+01   -0.120528403494977354E+01   -0.267706680297851562E+02
    0.887786223817551701E+01    0.149803603655045725E+01    0.207386136054992676E+01    0.635710947247759517E+01    0.743957527762736515E+01   -0.136182281083204160E+01   -0.267586936950683594E+02
    0.885095911676168257E+01    0.149888202349922217E+01    0.212488460540771484E+01    0.654894168712130575E+01    0.764864505820882101E+01   -0.125860789424690145E+01   -0.267535324096679688E+02
    0.887225129122082201E+01    0.151056635862202571E+01    0.216132378578186035E+01    0.657945865273502850E+01    0.930112011099537561E+01   -0.125828978887391374E+01   -0.266912536621093750E+02
    0.883530346714506365E+01    0.149115130714325228E+01    0.203048777580261230E+01    0.649452144318682745E+01    0.838000650785316381E+01   -0.132340625891732966E+01   -0.266894302368164062E+02
    0.882134659791258713E+01    0.149649690753251430E+01    0.201729226112365723E+01    0.647465037016991118E+01    0.916997027698113598E+01   -0.121819827258764457E+01   -0.266806335449218750E+02
    0.885619249344509107E+01    0.150034443246248217E+01    0.219447422027587891E+01    0.664815091128897961E+01    0.911300352608630959E+01   -0.123911854310161917E+01   -0.266749191284179688E+02
    0.883300868290199936E+01    0.149361514390349992E+01    0.217783260345458984E+01    0.665200346630386719E+01    0.963973343488643941E+01   -0.121419385139279901E+01   -0.266703910827636719E+02
    0.885492215473465727E+01    0.149340849778650009E+01    0.210518836975097656E+01    0.656371492886635544E+01    0.776124039899636653E+01   -0.132044522895593941E+01   -0.266661453247070312E+02
    0.886117324027777009E+01    0.149857642568478688E+01    0.208955430984497070E+01    0.630568481371400136E+01    0.900421426912800982E+01   -0.112460369088771617E+01   -0.266593322753906250E+02
    0.885714057716313619E+01    0.148958604563638430E+01    0.211052846908569336E+01    0.635349088853763266E+01    0.707653621719706560E+01   -0.120513487547691467E+01   -0.266542358398437500E+02
    0.889884000212111914E+01    0.150165823342901050E+01    0.213653063774108887E+01    0.616667628948895086E+01    0.988212715911490136E+01   -0.122177785948967754E+01   -0.266485671997070312E+02
    0.881587679594512963E+01    0.148457239435184074E+01    0.214570069313049316E+01    0.662667337600500161E+01    0.994077636031163081E+01   -0.117018789960868785E+01   -0.266353874206542969E+02
    0.890437719350781975E+01    0.150019658015208956E+01    0.216686463356018066E+01    0.633862441337535998E+01    0.745626062117861999E+01   -0.126066389825831449E+01   -0.266266441345214844E+02
    0.887511145303298399E+01    0.149159811849959012E+01    0.220039510726928711E+01    0.656464146041420271E+01    0.715823394543462044E+01   -0.113505109849372965E+01   -0.266176834106445312E+02
    0.884087351530604693E+01    0.148679397323216289E+01    0.205696558952331543E+01    0.640791000047514725E+01    0.828116206819307976E+01   -0.126012562109119908E+01   -0.266086006164550781E+02
    0.889825322814620456E+01    0.150188824309012370E+01    0.214288306236267090E+01    0.628456424329620589E+01    0.941297719317581638E+01   -0.114245939404139274E+01   -0.266072044372558594E+02
    0.888229131117326709E+01    0.149150355167046444E+01    0.213153648376464844E+01    0.620219807550156954E+01    0.709666468177214416E+01   -0.120784607975519465E+01   -0.265903511047363281E+02
    0.888304632337929334E+01    0.149738457649663426E+01    0.214316058158874512E+01    0.634675670227606936E+01    0.104799761170236785E+02   -0.108254907031691960E+01   -0.265900840759277344E+02
    0.886117326724441057E+01    0.149276433469230452E+01    0.214720582962036133E+01    0.657624399946037030E+01    0.810515298332853007E+01   -0.134102278456205459E+01   -0.265783004760742188E+02
    0.889446745570455732E+01    0.150260928774333102E+01    0.212642717361450195E+01    0.609342067938387721E+01    0.782471141724257002E+01   -0.114529296712364514E+01   -0.265553703308105469E+02
    0.886592678651881272E+01    0.148915264616229592E+01    0.209885668754577637E+01    0.621743290458583342E+01    0.976928310578752779E+01   -0.120770799884177049E+01   -0.265500221252441406E+02
    0.883947891150641674E+01    0.149173092130295881E+01    0.201845526695251465E+01    0.628954921404027800E+01    0.753290256376816814E+01   -0.122946586371994360E+01   -0.265410766601562500E+02
    0.884382269669122323E+01    0.149395486364313612E+01    0.216290903091430664E+01    0.658081379294806368E+01    0.988950418515790020E+01   -0.119571847432876899E+01   -0.265366325378417969E+02
    0.884485655896959244E+01    0.149195792035431962E+01    0.205822253227233887E+01    0.629139717346880900E+01    0.833571434917760179E+01   -0.120882674429851766E+01   -0.265364227294921875E+02
    0.890642984171338803E+01    0.150178382595889737E+01    0.210975193977355957E+01    0.608015755680098913E+01    0.705932702161218995E+01   -0.128773492875221152E+01   -0.265164718627929688E+02
    0.884184254494361532E+01    0.149887484453182784E+01    0.208791923522949219E+01    0.650720299451246831E+01    0.861046663513809563E+01   -0.117798994689577197E+01   -0.265096549987792969E+02
    0.884833648683773788E+01    0.149433422494308710E+01    0.205164432525634766E+01    0.624382733835850701E+01    0.876718245243958627E+01   -0.115540230535036148E+01   -0.264948539733886719E+02
    0.888784685213370196E+01    0.149815918094987044E+01    0.206775784492492676E+01    0.615835175855551142E+01    0.953801234300836143E+01   -0.133020308756232186E+01   -0.264724578857421875E+02
    0.889125282627669478E+01    0.150594828816616255E+01    0.215707445144653320E+01    0.643870639741644979E+01    0.771866933703679248E+01   -0.117891354999235132E+01   -0.264694595336914062E+02
    0.885935509509957164E+01    0.150011559985686405E+01    0.212412285804748535E+01    0.652892802992010957E+01    0.862010274964417356E+01   -0.113548040750835844E+01   -0.264693679809570312E+02
    0.886927661349312935E+01    0.149313584431376767E+01    0.221501636505126953E+01    0.658206499705449932E+01    0.802449206533771253E+01   -0.120441290922641353E+01   -0.264646110534667969E+02
    0.890131353842044959E+01    0.149800403250687353E+01    0.214492344856262207E+01    0.639206074329923624E+01    0.747101266611575454E+01   -0.131898145138773559E+01   -0.264495010375976562E+02
    0.884544607474882838E+01    0.149603695402552472E+01    0.207881903648376465E+01    0.645334801983046980E+01    0.897773337808910021E+01   -0.122080934394559493E+01   -0.264474906921386719E+02
    0.881270613743538789E+01    0.148750057296082128E+01    0.203999066352844238E+01    0.653976224089161917E+01    0.805408245523534383E+01   -0.122015089904488505E+01   -0.264466781616210938E+02
    0.890984225166903521E+01    0.148925193060224181E+01    0.217624449729919434E+01    0.614410429720947171E+01    0.814120546448866911E+01   -0.119840786469451466E+01   -0.264434814453125000E+02
    0.891810212485732023E+01    0.149950525895959785E+01    0.220594644546508789E+01    0.633559379343838103E+01    0.952567188663558539E+01   -0.112421054080205818E+01   -0.264420166015625000E+02
    0.892766697194654490E+01    0.150178674573431281E+01    0.217779684066772461E+01    0.613557620303772921E+01    0.979255773857867950E+01   -0.123038683430319429E+01   -0.264352836608886719E+02
    0.891222481127404542E+01    0.150316043321749349E+01    0.213059091567993164E+01    0.607610846844959607E+01    0.843778938967792236E+01   -0.124213270242808305E+01   -0.264285278320312500E+02
    0.885915566810912125E+01    0.148836205098859797E+01    0.211555433273315430E+01    0.637288986645286037E+01    0.921817654954868893E+01   -0.119857919008644198E+01   -0.264189491271972656E+02
    0.885347535058310164E+01    0.149948019075163486E+01    0.204978299140930176E+01    0.634461987505613045E+01    0.862296178605249608E+01   -0.125750904999741975E+01   -0.264060058593750000E+02
    0.885882307143196002E+01    0.149946505089568549E+01    0.205938506126403809E+01    0.639860938458222073E+01    0.789069076532388625E+01   -0.131023138889206492E+01   -0.263986930847167969E+02
    0.891726981881008740E+01    0.150225216905114811E+01    0.220387935638427734E+01    0.631943869492598687E+01    0.772142803641241837E+01   -0.115050746780005819E+01   -0.263845558166503906E+02
    0.893022325461430633E+01    0.149969738075475334E+01    0.217491960525512695E+01    0.609319239776698929E+01    0.806279643418664094E+01   -0.124100505698384911E+01   -0.263826446533203125E+02
    0.890043928065513335E+01    0.150053633170130474E+01    0.210487198829650879E+01    0.606179476376108273E+01    0.878890947480697271E+01   -0.126440899283312547E+01   -0.263777999877929688E+02
    0.883935428871754603E+01    0.150301272432321076E+01    0.211340332031250000E+01    0.660227973353355413E+01    0.100111392965819306E+02   -0.129440580968959518E+01   -0.263760223388671875E+02
    0.885103336529199147E+01    0.149504317748543425E+01    0.205272388458251953E+01    0.639594368652071665E+01    0.899504384176798233E+01   -0.130200652588234167E+01   -0.263621368408203125E+02
    0.889369655307374529E+01    0.150491477544887586E+01    0.213116526603698730E+01    0.625710262478882484E+01    0.839827487279028695E+01   -0.117718352255756775E+01   -0.263595657348632812E+02
    0.891272270286033219E+01    0.149160246320396905E+01    0.216242408752441406E+01    0.611140319125774134E+01    0.914071030008528851E+01   -0.119643402550295552E+01   -0.263570747375488281E+02
    0.887082403042419543E+01    0.149675425662500694E+01    0.210690641403198242E+01    0.642199270510459641E+01    0.707063643644212192E+01   -0.129807846971885477E+01   -0.263537063598632812E+02
    0.890448453361036485E+01    0.149610596435577681E+01    0.216866898536682129E+01    0.636366708446177309E+01    0.983915016447937951E+01   -0.127025117639296137E+01   -0.263487091064453125E+02
    0.887640586689965083E+01    0.149742611514889035E+01    0.211187672615051270E+01    0.637486594578286336E+01    0.951318190298921706E+01   -0.118163493739434977E+01   -0.263395462036132812E+02
    0.887476048109397020E+01    0.150758521589048544E+01    0.217340707778930664E+01    0.657531564035577354E+01    0.814883019535769293E+01   -0.121329911445253291E+01   -0.263368225097656250E+02
    0.891223655705186601E+01    0.149894455035061314E+01    0.217100143432617188E+01    0.606620146424912576E+01    0.966503589450575973E+01   -0.116415612487361453E+01   -0.263243293762207031E+02
    0.889125473034483527E+01    0.150115382312838808E+01    0.214828062057495117E+01    0.630186784119261212E+01    0.825355713941441316E+01   -0.119653660830024222E+01   -0.263078727722167969E+02
    0.888695652535808911E+01    0.149869780677349596E+01    0.221755456924438477E+01    0.656476461484400264E+01    0.826728979550699705E+01   -0.122193336742232406E+01   -0.263024597167968750E+02
    0.882105468764208034E+01    0.150558128907886957E+01    0.208933424949645996E+01    0.660036692288397031E+01    0.853357715977205977E+01   -0.120253207913122662E+01   -0.262952575683593750E+02
    0.887657735503114154E+01    0.149572826936310821E+01    0.210089302062988281E+01    0.614955695464421481E+01    0.103930191568724979E+02   -0.113838642011764701E+01   -0.262843170166015625E+02
    0.886900564054273133E+01    0.149771260214789259E+01    0.211128711700439453E+01    0.647304625368081954E+01    0.765681242507924598E+01   -0.125084985965948881E+01   -0.260287017822265625E+02
    0.886913778127848751E+01    0.149886188832664269E+01    0.209876489639282227E+01    0.645750926831271421E+01    0.884694705620350774E+01   -0.125336807564471409E+01   -0.261128044128417969E+02
    0.891429657020421651E+01    0.149740533920026153E+01    0.216001510620117188E+01    0.602065844430061681E+01    0.738321297140253563E+01   -0.116725164640838930E+01   -0.259657554626464844E+02
    0.889533487285823377E+01    0.149634674026164283E+01    0.213890814781188965E+01    0.632066750452191428E+01    0.830338662938326344E+01   -0.125731964029454968E+01   -0.260499534606933594E+02
    0.888251100554946582E+01    0.149596561571222941E+01    0.209835863113403320E+01    0.629873337075796957E+01    0.862308207253282433E+01   -0.127483020818028558E+01   -0.260717849731445312E+02
    0.883445451723598651E+01    0.149147946132183384E+01    0.213306331634521484E+01    0.658915307935508121E+01    0.102286096882375155E+02   -0.123696515302976029E+01   -0.261404304504394531E+02
    0.885980089586151820E+01    0.149315480057553973E+01    0.211095261573791504E+01    0.636552191690480473E+01    0.777434200681928100E+01   -0.118247378750892485E+01   -0.261147384643554688E+02
    0.888662049570380930E+01    0.149865937470037669E+01    0.209293746948242188E+01    0.607279140057344158E+01    0.859818033135842263E+01   -0.121657021505697771E+01   -0.261363220214843750E+02
    0.884546840549355196E+01    0.149629868683737310E+01    0.206089496612548828E+01    0.637938690578319090E+01    0.737469753744120293E+01   -0.117916762988949464E+01   -0.261696472167968750E+02
    0.889475783613007209E+01    0.150128354547906140E+01    0.210352635383605957E+01    0.604783025456326762E+01    0.811026252209740761E+01   -0.120674251142103328E+01   -0.262261352539062500E+02
    0.886066697574062623E+01    0.149696149842161819E+01    0.214047002792358398E+01    0.655452902603835597E+01    0.807225167898250717E+01   -0.117890692212259185E+01   -0.258922004699707031E+02
    0.886852950990906308E+01    0.149062407567996091E+01    0.217145681381225586E+01    0.654214514466558583E+01    0.921636677277902905E+01   -0.121809904303584426E+01   -0.262433700561523438E+02
    0.886625094623814292E+01    0.149524348505834759E+01    0.215368580818176270E+01    0.655619103191596775E+01    0.727255693476430576E+01   -0.123648087371576088E+01   -0.257969093322753906E+02
    0.889517553290076357E+01    0.149307812130494844E+01    0.212872219085693359E+01    0.611282090771914355E+01    0.711541151763061475E+01   -0.116902915043856126E+01   -0.261038894653320312E+02
    0.887609281038309561E+01    0.149949945962827602E+01    0.210605239868164062E+01    0.636207750915250081E+01    0.860705101663944916E+01   -0.120194556889330229E+01   -0.261166000366210938E+02
    0.885305641346967143E+01    0.150691254360081217E+01    0.216047024726867676E+01    0.659058675037756192E+01    0.974422815358900607E+01   -0.119281696565919271E+01   -0.262667121887207031E+02
    0.890167408345342004E+01    0.149867441966581372E+01    0.218400955200195312E+01    0.637414093047056163E+01    0.101487896858249762E+02   -0.112719127180058898E+01   -0.261934356689453125E+02
    0.888825262768680879E+01    0.150082408940327228E+01    0.213490271568298340E+01    0.636892462781193380E+01    0.830269011639550136E+01   -0.120647649460885420E+01   -0.260653877258300781E+02
    0.884559017369228329E+01    0.149548346052490966E+01    0.205471897125244141E+01    0.644996762246718891E+01    0.705184731889327043E+01   -0.128218293542288952E+01   -0.262091522216796875E+02
    0.887187802405493997E+01    0.149145373184622554E+01    0.215876054763793945E+01    0.654128636309568545E+01    0.935079947119356802E+01   -0.123200110453057743E+01   -0.261075439453125000E+02
    0.883841222433974494E+01    0.149591867724068939E+01    0.215603923797607422E+01    0.662483953029124528E+01    0.754788011970114958E+01   -0.119346933046349402E+01   -0.262441329956054688E+02
    0.885299242724797253E+01    0.148831241335503406E+01    0.217796373367309570E+01    0.658822364054151954E+01    0.934272053111111589E+01   -0.115885077083091281E+01   -0.261901817321777344E+02
