 F
        3130       30508           3         150
   -0.440009277884987426E+02   -0.279092040907781929E+02
 T
   2
    0.200000000000000000E+01    0.300000000000000000E+01    0.380000000000000004E+00    0.619999999999999996E+00
   0
   0
 T T     0           0
    0.000000000000000000E+00   -0.340282346638528860E+39    0.000000000000000000E+00
 T F     1          57
    0.122685470085935753E-08   -0.440009277884987426E+02   -0.279092040907781929E+02
 T F     1          93
    0.122965717662922445E-08   -0.982725615489408852E+02   -0.830018493877351489E+02
