 F
        3162       39241           3         150
   -0.382485562071129053E+02   -0.243514247210575832E+02
 T
   2
    0.200000000000000000E+01    0.300000000000000000E+01    0.153333333333333321E+00    0.846666666666666679E+00
   0
   0
 T T     0           0
    0.000000000000000000E+00   -0.340282346638528860E+39    0.000000000000000000E+00
 T F     1          23
    0.869324862623458317E-11   -0.575222179851342261E+02   -0.378320798280152886E+02
 T F     1         127
    0.309206337415455732E-08   -0.382485562113743285E+02   -0.243514246636106542E+02
