 F
        1412        9158           3         150
   -0.192548898259223158E+02   -0.147375141892565811E+02
 T
   2
    0.200000000000000000E+01    0.300000000000000000E+01    0.773333333333333317E+00    0.226666666666666655E+00
   0
   0
 T T     0           0
    0.000000000000000000E+00   -0.340282346638528860E+39    0.000000000000000000E+00
 T F     1         116
    0.170297330921937259E-03   -0.194872150531178114E+02   -0.146943462036099550E+02
 T F     1          34
    0.547407463242957813E-04   -0.208284215390358227E+02   -0.149025736262813044E+02
