 F
        2901       33072           3         150
   -0.355917486438870228E+02   -0.225250502705121427E+02
 T
   2
    0.200000000000000000E+01    0.300000000000000000E+01    0.853333333333333388E+00    0.146666666666666667E+00
   0
   0
 T T     0           0
    0.000000000000000000E+00   -0.340282346638528860E+39    0.000000000000000000E+00
 T F     1         128
    0.107787593791556883E-07   -0.355917486438870299E+02   -0.225250502705121107E+02
 T F     1          22
    0.715255911188393065E-09   -0.688920909375770378E+02   -0.534295702168035973E+02
