#ID b_B435 b_V606 b_I814 b_Y105 b_J125 b_JH140 b_H160 b_Ks b_CH1 b_CH2 b_errB435 b_errV606 b_errI814 b_errY105 b_errJ125 b_errJH140 b_errH160 b_errKs b_errCH1 b_errCH2
1 0.19292544004143303 0.2546953289470666 0.33503295937682986 0.5239951669723685 0.7918461669698267 0.8931975459144438 0.9467106632390965 1.2443544051584836 1.4721329545911566 1.635544566573789 0.00190998517204287 0.0013213868960151888 0.002113635018427315 0.003027122496872414 0.003349885752052871 0.003349885752052871 0.003953939280223716 0.01909985172042871 0.017907295310991854 0.02296307242993762
2 1.1162488941651798 1.4725586848452812 1.9285915680876033 2.7051475102821447 3.2480447946720044 3.5579001957173473 3.760607947984986 5.022251446325313 5.812476475448891 6.002384951038264 0.00190998517204287 0.0013213868960151888 0.002113635018427315 0.003027122496872414 0.003349885752052871 0.003349885752052871 0.003953939280223716 0.01909985172042871 0.017907295310991854 0.02296307242993762
3 6.777079206291818 5.819275760763876 4.960711545486353 4.681179823940905 4.9753806026059575 5.394494923451587 5.2430649603366755 4.343733414587864 3.473105628547096 2.5226498298954865 0.00190998517204287 0.0013213868960151888 0.002113635018427315 0.003027122496872414 0.003349885752052871 0.003349885752052871 0.003953939280223716 0.01909985172042871 0.017907295310991854 0.02296307242993762
4 0.12352359962324712 0.19048925659740368 0.24157211187161157 0.38719747320123893 0.6420968674249572 0.721337258832283 0.7262960538520357 0.7222329597213881 1.0427411219925584 1.1126134606445304 0.00190998517204287 0.0013213868960151888 0.002113635018427315 0.003027122496872414 0.003349885752052871 0.003349885752052871 0.003953939280223716 0.01909985172042871 0.017907295310991854 0.02296307242993762
5 0.09715957249155446 0.12223818415864322 0.15393362711919922 0.24099937669999474 0.41786538708320103 0.4996879547357952 0.552612088470399 0.5996421762264312 0.8150133837389637 0.8840471304598868 0.00190998517204287 0.0013213868960151888 0.002113635018427315 0.003027122496872414 0.003349885752052871 0.003349885752052871 0.003953939280223716 0.01909985172042871 0.017907295310991854 0.02296307242993762
6 11.896963740142809 12.012422452913341 12.209744391557011 15.406424785207175 20.775780588227185 23.120751484679904 23.988648160967475 23.08774081090623 21.139228934703635 19.102710150841123 0.00190998517204287 0.0013213868960151888 0.002113635018427315 0.003027122496872414 0.003349885752052871 0.003349885752052871 0.003953939280223716 0.01909985172042871 0.017907295310991854 0.02296307242993762
7 0.08881668798811802 0.11378250400091454 0.13619097980253908 0.19612975246055503 0.3174077909298046 0.364869330269211 0.3924554733660525 0.44227024210166577 0.44259674925025244 0.466985512344149 0.00190998517204287 0.0013213868960151888 0.002113635018427315 0.003027122496872414 0.003349885752052871 0.003349885752052871 0.003953939280223716 0.01909985172042871 0.017907295310991854 0.02296307242993762
8 0.24138568793573406 0.30493458690570024 0.37752165206064026 0.5478278312261617 0.8683376677180804 1.110297382696961 1.2204764796938037 1.3433476754577587 1.6275970962088226 1.516650892745336 0.00190998517204287 0.0013213868960151888 0.002113635018427315 0.003027122496872414 0.003349885752052871 0.003349885752052871 0.003953939280223716 0.01909985172042871 0.017907295310991854 0.02296307242993762
9 1.2502997426742146 1.609628776223074 2.039948052438039 3.0115054477519614 4.6627675515031495 5.8114302920743075 6.370621398665932 6.616019212151828 8.670915126214352 9.30497038177873 0.00190998517204287 0.0013213868960151888 0.002113635018427315 0.003027122496872414 0.003349885752052871 0.003349885752052871 0.003953939280223716 0.01909985172042871 0.017907295310991854 0.02296307242993762
10 0.07051885803239907 0.10497726581692744 0.1448173872219358 0.2479952096381794 0.44103019628722784 0.5209157287481956 0.5473197176590141 0.6647504711303929 1.0184996262884096 1.128586523067917 0.00190998517204287 0.0013213868960151888 0.002113635018427315 0.003027122496872414 0.003349885752052871 0.003349885752052871 0.003953939280223716 0.01909985172042871 0.017907295310991854 0.02296307242993762
11 0.031385060460803554 0.03744653080055896 0.04592515439510156 0.06378156490361668 0.09836957197872453 0.13053220032718899 0.15124476728779043 0.11269491287099676 0.17425587754975347 0.18730597401767302 0.00190998517204287 0.0013213868960151888 0.002113635018427315 0.003027122496872414 0.003349885752052871 0.003349885752052871 0.003953939280223716 0.01909985172042871 0.017907295310991854 0.02296307242993762
12 0.5501022653099661 0.6424615385084382 0.7445462616945623 1.0327525677166256 1.5934888403411314 1.9579452683862184 2.127925374178221 2.238997946260668 2.450964408540418 2.256189555410344 0.00190998517204287 0.0013213868960151888 0.002113635018427315 0.003027122496872414 0.003349885752052871 0.003349885752052871 0.003953939280223716 0.01909985172042871 0.017907295310991854 0.02296307242993762
13 0.5738913492631765 0.6913706864360439 0.8305519364065079 1.2775689412524935 1.8032435802286277 1.9207921167606388 2.0152080743024037 2.4247542693872637 2.4491153889151254 2.4012628957218793 0.00190998517204287 0.0013213868960151888 0.002113635018427315 0.003027122496872414 0.003349885752052871 0.003349885752052871 0.003953939280223716 0.01909985172042871 0.017907295310991854 0.02296307242993762
14 0.03742439309816781 0.06074917272070856 0.09288168392437107 0.20715567390370992 0.4365317631341644 0.5478799928659643 0.620258997490109 0.8084174673736937 1.0847145327398648 1.1858274357620897 0.00190998517204287 0.0013213868960151888 0.002113635018427315 0.003027122496872414 0.003349885752052871 0.003349885752052871 0.003953939280223716 0.01909985172042871 0.017907295310991854 0.02296307242993762
15 0.2128497940574833 0.2346500415204679 0.2640697242744615 0.38212804214212853 0.6083804391909142 0.6967756898528474 0.7199520348225634 0.7980488672528645 0.7820339237943558 0.7050493585098421 0.00190998517204287 0.0013213868960151888 0.002113635018427315 0.003027122496872414 0.003349885752052871 0.003349885752052871 0.003953939280223716 0.01909985172042871 0.017907295310991854 0.02296307242993762
16 0.08168731894813289 0.0890627998922912 0.09807902325458967 0.12199473768884263 0.17942128855118974 0.2032917499257575 0.2089298511753545 0.20313012021532503 0.19155822062599343 0.16774257481502772 0.00190998517204287 0.0013213868960151888 0.002113635018427315 0.003027122496872414 0.003349885752052871 0.003349885752052871 0.003953939280223716 0.01909985172042871 0.017907295310991854 0.02296307242993762
17 2.9586653164754098 2.5471694473977453 2.2113104517918085 2.33557883161301 2.9133293496814776 3.116780373229766 3.0752347384113663 2.8052284551589857 2.3142908380893665 1.9120163712555225 0.00190998517204287 0.0013213868960151888 0.002113635018427315 0.003027122496872414 0.003349885752052871 0.003349885752052871 0.003953939280223716 0.01909985172042871 0.017907295310991854 0.02296307242993762
18 0.1547087847453076 0.2237499095249159 0.3011753667121645 0.47981374016852957 0.7679402039339619 0.8785442426988329 0.9236724737674 1.2141402230046259 1.7712261427058367 1.9738915332888456 0.00190998517204287 0.0013213868960151888 0.002113635018427315 0.003027122496872414 0.003349885752052871 0.003349885752052871 0.003953939280223716 0.01909985172042871 0.017907295310991854 0.02296307242993762
19 0.138892244208058 0.13605819155027782 0.12927933030588734 0.15494132603152133 0.21277493905785705 0.23113494800899773 0.22465311088216147 0.219075807910647 0.18124903552282773 0.15828921810246194 0.00190998517204287 0.0013213868960151888 0.002113635018427315 0.003027122496872414 0.003349885752052871 0.003349885752052871 0.003953939280223716 0.01909985172042871 0.017907295310991854 0.02296307242993762
20 1.737986441607963 1.8576942942713086 1.9409614623923375 2.424129638284371 3.418678610237024 4.225147545567642 4.5190532408574775 3.870443330872297 4.463606737358567 4.684505031702126 0.00190998517204287 0.0013213868960151888 0.002113635018427315 0.003027122496872414 0.003349885752052871 0.003349885752052871 0.003953939280223716 0.01909985172042871 0.017907295310991854 0.02296307242993762
21 0.6477590814924983 0.6031524758443898 0.5500032650034953 0.5887177501575831 0.7384817493621043 0.9157945551249765 0.9779552309799046 0.7291202681783464 0.6733164616805605 0.5731975585695737 0.00190998517204287 0.0013213868960151888 0.002113635018427315 0.003027122496872414 0.003349885752052871 0.003349885752052871 0.003953939280223716 0.01909985172042871 0.017907295310991854 0.02296307242993762
22 0.6745043671000227 0.6441067358816476 0.6023510681538821 0.6393254330702717 0.799878806299129 0.8891992201992692 0.8914179052158369 0.7492501005815908 0.6359934272761809 0.5355122731785162 0.00190998517204287 0.0013213868960151888 0.002113635018427315 0.003027122496872414 0.003349885752052871 0.003349885752052871 0.003953939280223716 0.01909985172042871 0.017907295310991854 0.02296307242993762
23 0.09189740872602231 0.09850721201553225 0.11215895632455221 0.15599793777585103 0.22146612983461114 0.2484947276975842 0.262407479458978 0.30499945664464206 0.2727741939855305 0.2512166809016135 0.00190998517204287 0.0013213868960151888 0.002113635018427315 0.003027122496872414 0.003349885752052871 0.003349885752052871 0.003953939280223716 0.01909985172042871 0.017907295310991854 0.02296307242993762
24 0.7155925860925711 0.9819797744662487 1.2731226307769299 1.928841564801894 2.9750294387333778 3.4315430475835615 3.6279389132889013 4.241763568470834 6.1479035186894215 6.940120132711157 0.00190998517204287 0.0013213868960151888 0.002113635018427315 0.003027122496872414 0.003349885752052871 0.003349885752052871 0.003953939280223716 0.01909985172042871 0.017907295310991854 0.02296307242993762
25 0.5261813979334046 0.6215164597678331 0.7338016836331591 1.0153673376688068 1.478578418698339 2.0229573771379457 2.298448503334521 1.9878762052313603 2.279584599968714 2.22403335961747 0.00190998517204287 0.0013213868960151888 0.002113635018427315 0.003027122496872414 0.003349885752052871 0.003349885752052871 0.003953939280223716 0.01909985172042871 0.017907295310991854 0.02296307242993762
26 0.08207532416053795 0.0917346748052422 0.10281177593294379 0.14661209320198465 0.22278722921737235 0.26242384494731513 0.28405327318124335 0.3130394910150179 0.2990912179718629 0.25414135629678836 0.00190998517204287 0.0013213868960151888 0.002113635018427315 0.003027122496872414 0.003349885752052871 0.003349885752052871 0.003953939280223716 0.01909985172042871 0.017907295310991854 0.02296307242993762
27 0.6322357117263386 0.7553683542903274 0.9118520147256496 1.3086446329288812 2.0373346346551093 2.5529875468044705 2.7883761984660866 2.81193019342529 3.4593345570751914 3.7391905554239537 0.00190998517204287 0.0013213868960151888 0.002113635018427315 0.003027122496872414 0.003349885752052871 0.003349885752052871 0.003953939280223716 0.01909985172042871 0.017907295310991854 0.02296307242993762
28 0.9663243498904407 1.0089739637044515 1.0490623811321034 1.2754593689468663 1.7412097237743573 1.9082997378439155 1.918562763559852 1.946378569834105 1.8229553351738288 1.5450983022479226 0.00190998517204287 0.0013213868960151888 0.002113635018427315 0.003027122496872414 0.003349885752052871 0.003349885752052871 0.003953939280223716 0.01909985172042871 0.017907295310991854 0.02296307242993762
29 0.5011530216474155 0.532619247565142 0.5681404962267277 0.7911252925262177 1.2491169464390006 1.5189900528673195 1.6174279035387362 1.4879491208003115 1.417833240354219 1.3086498613471136 0.00190998517204287 0.0013213868960151888 0.002113635018427315 0.003027122496872414 0.003349885752052871 0.003349885752052871 0.003953939280223716 0.01909985172042871 0.017907295310991854 0.02296307242993762
30 0.08444566913274609 0.09666960498920407 0.1162461341084347 0.16440160497691111 0.2536981746951142 0.2962551170997274 0.32449703068226116 0.38999820037793614 0.3566131500820746 0.3411820111812513 0.00190998517204287 0.0013213868960151888 0.002113635018427315 0.003027122496872414 0.003349885752052871 0.003349885752052871 0.003953939280223716 0.01909985172042871 0.017907295310991854 0.02296307242993762
31 0.21633697452810927 0.28695178401036076 0.3517310596623242 0.5087100911334177 0.7798867824376784 0.8793337722616646 0.9009617086521682 1.0097292336308568 1.3491874041437875 1.4362263326186284 0.00190998517204287 0.0013213868960151888 0.002113635018427315 0.003027122496872414 0.003349885752052871 0.003349885752052871 0.003953939280223716 0.01909985172042871 0.017907295310991854 0.02296307242993762
32 0.29186338557101826 0.31312866645387555 0.3336017766805206 0.4479850709683607 0.6929120117324321 0.8395988010942564 0.9096631887170017 0.8779502004645046 0.8319678160959648 0.8561521983885465 0.00190998517204287 0.0013213868960151888 0.002113635018427315 0.003027122496872414 0.003349885752052871 0.003349885752052871 0.003953939280223716 0.01909985172042871 0.017907295310991854 0.02296307242993762
33 0.25060400848721887 0.2868308513614899 0.33504991311849464 0.47202199175643567 0.714002737031544 0.8706728780136587 0.9452708209210494 0.9445432488847364 1.1741300966717048 1.226100191647705 0.00190998517204287 0.0013213868960151888 0.002113635018427315 0.003027122496872414 0.003349885752052871 0.003349885752052871 0.003953939280223716 0.01909985172042871 0.017907295310991854 0.02296307242993762
34 1.123182583365531 1.1920686901408706 1.254483430084584 1.4783861972524375 1.9684417350129082 2.2527185543692108 2.323889135246938 2.197637123595181 2.1960753993493305 1.8277545867982514 0.00190998517204287 0.0013213868960151888 0.002113635018427315 0.003027122496872414 0.003349885752052871 0.003349885752052871 0.003953939280223716 0.01909985172042871 0.017907295310991854 0.02296307242993762
35 0.4059166789624553 0.40352921144096277 0.3914940321913549 0.43599371468035825 0.569562587588577 0.638047971966854 0.6460445565173174 0.5475088539108772 0.4965475163515242 0.34547798773176763 0.00190998517204287 0.0013213868960151888 0.002113635018427315 0.003027122496872414 0.003349885752052871 0.003349885752052871 0.003953939280223716 0.01909985172042871 0.017907295310991854 0.02296307242993762
36 0.34646275309716157 0.37522461171917376 0.4050842773829227 0.5068184414415129 0.6455931105671484 0.7492099246709679 0.8031847886812561 0.7364746113057219 0.6695805748081014 0.561849072845948 0.00190998517204287 0.0013213868960151888 0.002113635018427315 0.003027122496872414 0.003349885752052871 0.003349885752052871 0.003953939280223716 0.01909985172042871 0.017907295310991854 0.02296307242993762
37 0.13708985945970228 0.16170561931360222 0.19196854204447322 0.24119071393287062 0.3067828274685912 0.33319746286399976 0.3429891799909048 0.46582341842437763 0.612671120951429 0.7230809101878913 0.00190998517204287 0.0013213868960151888 0.002113635018427315 0.003027122496872414 0.003349885752052871 0.003349885752052871 0.003953939280223716 0.01909985172042871 0.017907295310991854 0.02296307242993762
38 0.06989327382206226 0.07207441159619028 0.07832039338383018 0.10554714043516654 0.1655796974244431 0.18620625310041888 0.20056483042619652 0.212184730063486 0.18449177573593045 0.15032623180180343 0.00190998517204287 0.0013213868960151888 0.002113635018427315 0.003027122496872414 0.003349885752052871 0.003349885752052871 0.003953939280223716 0.01909985172042871 0.017907295310991854 0.02296307242993762
39 2.696821678428251 2.9162850373485134 2.90959236968578 3.431736372392018 4.2995943946949025 4.552183898056843 4.441298595292913 4.947770849261764 5.600254259630967 5.721206994700087 0.00190998517204287 0.0013213868960151888 0.002113635018427315 0.003027122496872414 0.003349885752052871 0.003349885752052871 0.003953939280223716 0.01909985172042871 0.017907295310991854 0.02296307242993762
40 0.12928832219018283 0.18289540138278912 0.24916295137140576 0.43811724164690447 0.7541617668513111 0.8815853197549033 0.9430464405427803 1.1697840490340063 1.4979082456317108 1.5863017143428122 0.00190998517204287 0.0013213868960151888 0.002113635018427315 0.003027122496872414 0.003349885752052871 0.003349885752052871 0.003953939280223716 0.01909985172042871 0.017907295310991854 0.02296307242993762
41 0.21012415754193234 0.23274421270720067 0.2660945912041339 0.3917026069417761 0.6461218086442472 0.7847988712943377 0.8379922784220428 0.8290829991538294 0.8741910464552128 0.8666288532163773 0.00190998517204287 0.0013213868960151888 0.002113635018427315 0.003027122496872414 0.003349885752052871 0.003349885752052871 0.003953939280223716 0.01909985172042871 0.017907295310991854 0.02296307242993762
42 0.12121184485649651 0.1691246592830878 0.22893924843266597 0.4028812393773779 0.6870482133126837 0.7995240938575772 0.8514592432586385 1.0667259707021677 1.328336714939343 1.4640832014827343 0.00190998517204287 0.0013213868960151888 0.002113635018427315 0.003027122496872414 0.003349885752052871 0.003349885752052871 0.003953939280223716 0.01909985172042871 0.017907295310991854 0.02296307242993762
43 0.9470237536495363 0.9565613295889862 0.9457732849940157 0.9833628598800344 1.064126016240467 1.169916102549357 1.1784949758001886 1.015424266405028 0.8429327070854354 0.6310290038006307 0.00190998517204287 0.0013213868960151888 0.002113635018427315 0.003027122496872414 0.003349885752052871 0.003349885752052871 0.003953939280223716 0.01909985172042871 0.017907295310991854 0.02296307242993762
44 0.4954375719886553 0.5525106038750236 0.6074547599623312 0.7603981895038954 1.0371541657092274 1.1602101056320477 1.201000184928066 1.2903289403677214 1.2947835609372909 1.0656949588295472 0.00190998517204287 0.0013213868960151888 0.002113635018427315 0.003027122496872414 0.003349885752052871 0.003349885752052871 0.003953939280223716 0.01909985172042871 0.017907295310991854 0.02296307242993762
45 0.10932312684802904 0.13587955338218893 0.16790149474347646 0.250481587188223 0.39671820944142133 0.48998605376424975 0.5185459706260815 0.5967316382363934 0.6604054910581045 0.6330805060249036 0.00190998517204287 0.0013213868960151888 0.002113635018427315 0.003027122496872414 0.003349885752052871 0.003349885752052871 0.003953939280223716 0.01909985172042871 0.017907295310991854 0.02296307242993762
46 0.025722619375082415 0.03202479070697309 0.04097492462739513 0.06277164724880073 0.11404223753296971 0.13184525051955887 0.14510233027273148 0.14591560055545744 0.21581140844126048 0.25757897035505883 0.00190998517204287 0.0013213868960151888 0.002113635018427315 0.003027122496872414 0.003349885752052871 0.003349885752052871 0.003953939280223716 0.01909985172042871 0.017907295310991854 0.02296307242993762
47 1.260398849034461 1.0264848355920404 0.8343749946565557 0.7733438347193955 0.8590803494972206 0.9768706201958983 0.9753536974931603 0.7563423106618786 0.648519443910539 0.44194620520001404 0.00190998517204287 0.0013213868960151888 0.002113635018427315 0.003027122496872414 0.003349885752052871 0.003349885752052871 0.003953939280223716 0.01909985172042871 0.017907295310991854 0.02296307242993762
48 0.037458570576456095 0.04738488374224668 0.05695328196349802 0.08372938173584764 0.14258605766364835 0.1694734749377005 0.17083713386601795 0.21127240862468688 0.23575021435032661 0.21640829370803077 0.00190998517204287 0.0013213868960151888 0.002113635018427315 0.003027122496872414 0.003349885752052871 0.003349885752052871 0.003953939280223716 0.01909985172042871 0.017907295310991854 0.02296307242993762
49 0.280135157999503 0.3340025913299502 0.4126664086723924 0.6763137723201288 1.1746270247963715 1.3907208065416528 1.5015571381653117 1.753866449851859 1.8301111723561938 1.6959302481723824 0.00190998517204287 0.0013213868960151888 0.002113635018427315 0.003027122496872414 0.003349885752052871 0.003349885752052871 0.003953939280223716 0.01909985172042871 0.017907295310991854 0.02296307242993762
50 0.34006193531394724 0.40441735028875203 0.4796947096094164 0.6532870621804121 0.9988416648486926 1.256664972268265 1.3882072202411577 1.4641590189459128 1.8439474340183106 1.9296994403375485 0.00190998517204287 0.0013213868960151888 0.002113635018427315 0.003027122496872414 0.003349885752052871 0.003349885752052871 0.003953939280223716 0.01909985172042871 0.017907295310991854 0.02296307242993762
51 0.36302631531027746 0.4073638595245205 0.4591238799444954 0.6330709824840081 0.8864316772550709 1.000894683724607 1.0719419081192494 1.0283965365071712 1.014579934297177 0.9815301882342514 0.00190998517204287 0.0013213868960151888 0.002113635018427315 0.003027122496872414 0.003349885752052871 0.003349885752052871 0.003953939280223716 0.01909985172042871 0.017907295310991854 0.02296307242993762
52 0.11879984837999216 0.17205540659906146 0.22642194494231502 0.3547542592978732 0.5766980176773022 0.6529250275856108 0.6749177863330783 0.8336176701740076 1.169288882710822 1.28912348894115 0.00190998517204287 0.0013213868960151888 0.002113635018427315 0.003027122496872414 0.003349885752052871 0.003349885752052871 0.003953939280223716 0.01909985172042871 0.017907295310991854 0.02296307242993762
53 0.46413834168415474 0.5297674617038439 0.5979238410259853 0.8376872898590415 1.2954290039706875 1.5049329218889105 1.579519356449526 1.6512964710466402 1.681977798338038 1.4710999077973053 0.00190998517204287 0.0013213868960151888 0.002113635018427315 0.003027122496872414 0.003349885752052871 0.003349885752052871 0.003953939280223716 0.01909985172042871 0.017907295310991854 0.02296307242993762
54 0.5176505716011138 0.608139878371932 0.710885098989651 1.0214068394728113 1.6363604552129023 1.928951394563884 2.0578936755597375 2.3643572411183182 2.490848947464026 2.365475259226734 0.00190998517204287 0.0013213868960151888 0.002113635018427315 0.003027122496872414 0.003349885752052871 0.003349885752052871 0.003953939280223716 0.01909985172042871 0.017907295310991854 0.02296307242993762
55 0.207323872648262 0.22402343390068985 0.23592856371047938 0.27555232664299345 0.35169919366482 0.3806738113525067 0.3829186309938193 0.4067369132593195 0.3753844298996321 0.27036340400084213 0.00190998517204287 0.0013213868960151888 0.002113635018427315 0.003027122496872414 0.003349885752052871 0.003349885752052871 0.003953939280223716 0.01909985172042871 0.017907295310991854 0.02296307242993762
56 0.23174606477766146 0.2959222524332501 0.3703287398421695 0.5615188528496589 0.8954093252130381 1.0489013774747602 1.1292452783383367 1.2581114799898632 1.5114904228602197 1.5783796586897354 0.00190998517204287 0.0013213868960151888 0.002113635018427315 0.003027122496872414 0.003349885752052871 0.003349885752052871 0.003953939280223716 0.01909985172042871 0.017907295310991854 0.02296307242993762
57 0.16635156089589215 0.21689240417023692 0.2730574873958106 0.3939774462440955 0.5865958225861049 0.7261498345063075 0.7916270504061921 0.8750032833166971 1.2345343678197405 1.3574235092139058 0.00190998517204287 0.0013213868960151888 0.002113635018427315 0.003027122496872414 0.003349885752052871 0.003349885752052871 0.003953939280223716 0.01909985172042871 0.017907295310991854 0.02296307242993762
58 0.06549153459598746 0.06712858201671984 0.07515506568089798 0.09920686940820142 0.15369088265733097 0.18584604579284536 0.19273415253961884 0.20880448795969006 0.1926547414046033 0.18896677986872495 0.00190998517204287 0.0013213868960151888 0.002113635018427315 0.003027122496872414 0.003349885752052871 0.003349885752052871 0.003953939280223716 0.01909985172042871 0.017907295310991854 0.02296307242993762
59 0.3222914022508232 0.3767811247551656 0.42930390856675493 0.5909475550088297 0.9038094536806595 1.0128390801365583 1.0524591444524798 1.1351781945665909 1.621712808295597 1.9006421279110957 0.00190998517204287 0.0013213868960151888 0.002113635018427315 0.003027122496872414 0.003349885752052871 0.003349885752052871 0.003953939280223716 0.01909985172042871 0.017907295310991854 0.02296307242993762
60 0.15623351424418502 0.1772962670433616 0.19449464070429 0.24589233057694176 0.33756231681015697 0.37991555670802546 0.38121607116719375 0.41376209459395774 0.43820532965669756 0.35550445632715444 0.00190998517204287 0.0013213868960151888 0.002113635018427315 0.003027122496872414 0.003349885752052871 0.003349885752052871 0.003953939280223716 0.01909985172042871 0.017907295310991854 0.02296307242993762
61 0.47532639038929136 0.5464794368701408 0.6247433425925432 0.8501574998240299 1.20938594316699 1.6369907706669384 1.8503370292779053 1.490277851652498 1.6619967503030262 1.6138110174340792 0.00190998517204287 0.0013213868960151888 0.002113635018427315 0.003027122496872414 0.003349885752052871 0.003349885752052871 0.003953939280223716 0.01909985172042871 0.017907295310991854 0.02296307242993762
62 0.042211456298695486 0.060511990732302554 0.07857065264651908 0.11613078808714417 0.1839100330680953 0.2336089419434304 0.2519843872359733 0.3126121625637014 0.34102433606599564 0.397977587750911 0.00190998517204287 0.0013213868960151888 0.002113635018427315 0.003027122496872414 0.003349885752052871 0.003349885752052871 0.003953939280223716 0.01909985172042871 0.017907295310991854 0.02296307242993762
63 0.12919361331880433 0.15040386621893814 0.17148483648721927 0.2199110402115475 0.33684383776167975 0.3740082222699351 0.3909600733055927 0.41411543705803244 0.451284584731892 0.35637963759143576 0.00190998517204287 0.0013213868960151888 0.002113635018427315 0.003027122496872414 0.003349885752052871 0.003349885752052871 0.003953939280223716 0.01909985172042871 0.017907295310991854 0.02296307242993762
64 0.22098311746315372 0.301237446522787 0.3854084600522217 0.5416732093303595 0.754585028674637 0.8252215428986462 0.8297789724363661 1.00872972363895 1.346701490971068 1.4777100919863502 0.00190998517204287 0.0013213868960151888 0.002113635018427315 0.003027122496872414 0.003349885752052871 0.003349885752052871 0.003953939280223716 0.01909985172042871 0.017907295310991854 0.02296307242993762
65 0.03424457240730366 0.034200259237425326 0.04621461829119913 0.07195533224890541 0.12982884810184353 0.1502644201897473 0.16466828510892595 0.17254669059853683 0.21372341898347152 0.16819485691985744 0.00190998517204287 0.0013213868960151888 0.002113635018427315 0.003027122496872414 0.003349885752052871 0.003349885752052871 0.003953939280223716 0.01909985172042871 0.017907295310991854 0.02296307242993762
66 0.6882950652244375 0.6454551103226456 0.5929965442011345 0.6455550560967029 0.8153808001330255 1.063207210199445 1.1616830583685906 0.8529511301111257 0.7693071932839001 0.6769560488839123 0.00190998517204287 0.0013213868960151888 0.002113635018427315 0.003027122496872414 0.003349885752052871 0.003349885752052871 0.003953939280223716 0.01909985172042871 0.017907295310991854 0.02296307242993762
67 0.27525674509426 0.32530137534760767 0.3894971309706479 0.5481087701050298 0.8563677349270372 1.0401842849669098 1.1277041638250234 1.2431485241168707 1.5848646000956537 1.7154219629306746 0.00190998517204287 0.0013213868960151888 0.002113635018427315 0.003027122496872414 0.003349885752052871 0.003349885752052871 0.003953939280223716 0.01909985172042871 0.017907295310991854 0.02296307242993762
68 0.06872315817694655 0.08876023804991996 0.11959017586632796 0.19652574640344717 0.3301304313864154 0.4187490659573139 0.46444101347363875 0.5009077701504355 0.6674513928399696 0.6918899685411097 0.00190998517204287 0.0013213868960151888 0.002113635018427315 0.003027122496872414 0.003349885752052871 0.003349885752052871 0.003953939280223716 0.01909985172042871 0.017907295310991854 0.02296307242993762
69 0.4130571557715973 0.4417592557560059 0.4621505172050563 0.5730114563652409 0.8097936050345752 0.8804818944418871 0.8883454783988896 0.9392427236943903 0.8911236139197452 0.7650567969848022 0.00190998517204287 0.0013213868960151888 0.002113635018427315 0.003027122496872414 0.003349885752052871 0.003349885752052871 0.003953939280223716 0.01909985172042871 0.017907295310991854 0.02296307242993762
70 3.375298887531147 3.4376944007626293 3.484228631157109 4.231000155641015 5.833902141350545 7.154414566079744 7.6536610218620496 6.814459825737552 6.4210926370701795 5.616167048519135 0.00190998517204287 0.0013213868960151888 0.002113635018427315 0.003027122496872414 0.003349885752052871 0.003349885752052871 0.003953939280223716 0.01909985172042871 0.017907295310991854 0.02296307242993762
71 0.16716276556486045 0.18536037887869042 0.21042455874361976 0.2842908136650217 0.436989480423833 0.541833197077589 0.5760017195304246 0.5412252725598918 0.6336728786782051 0.5448792604044608 0.00190998517204287 0.0013213868960151888 0.002113635018427315 0.003027122496872414 0.003349885752052871 0.003349885752052871 0.003953939280223716 0.01909985172042871 0.017907295310991854 0.02296307242993762
72 1.155673965422161 1.229429427814708 1.3233252119126215 1.7657064739929662 2.6253882743437584 3.0004215602999587 3.097663435013323 3.1054599355246286 2.860255695098592 2.5341406088606444 0.00190998517204287 0.0013213868960151888 0.002113635018427315 0.003027122496872414 0.003349885752052871 0.003349885752052871 0.003953939280223716 0.01909985172042871 0.017907295310991854 0.02296307242993762
73 0.094314534586171 0.11751757871385539 0.13642060069866174 0.20275626389779422 0.3515605489709251 0.42825814905238374 0.4598726082078217 0.54498210603544 0.5961797899915113 0.5357497353336271 0.00190998517204287 0.0013213868960151888 0.002113635018427315 0.003027122496872414 0.003349885752052871 0.003349885752052871 0.003953939280223716 0.01909985172042871 0.017907295310991854 0.02296307242993762
74 0.1164737605435791 0.1206853279450317 0.12442789617116884 0.1506723001780346 0.19707180934820195 0.22860662697795178 0.21987301337525714 0.24838350786830782 0.18523389526427364 0.12700403361394397 0.00190998517204287 0.0013213868960151888 0.002113635018427315 0.003027122496872414 0.003349885752052871 0.003349885752052871 0.003953939280223716 0.01909985172042871 0.017907295310991854 0.02296307242993762
75 0.05272688841722002 0.05776939355585236 0.06307786485802068 0.08113326668408109 0.11281649613538468 0.14238239789135992 0.16027858288614988 0.12150580906740761 0.14967669790471907 0.15403568684987093 0.00190998517204287 0.0013213868960151888 0.002113635018427315 0.003027122496872414 0.003349885752052871 0.003349885752052871 0.003953939280223716 0.01909985172042871 0.017907295310991854 0.02296307242993762
76 1.0635221358168838 1.0032779760672763 0.9318467871834415 1.0636128469804045 1.146840324796035 1.1091005921067583 1.1056841114482425 1.3031379987493572 1.2229244775162693 1.2364162265226084 0.00190998517204287 0.0013213868960151888 0.002113635018427315 0.003027122496872414 0.003349885752052871 0.003349885752052871 0.003953939280223716 0.01909985172042871 0.017907295310991854 0.02296307242993762
77 0.039104622442057306 0.04301620650910962 0.05485437432761991 0.08746683794700143 0.1318119265471552 0.1709015855116751 0.18839590955919355 0.18124812475836752 0.18981753647682703 0.1821683045217271 0.00190998517204287 0.0013213868960151888 0.002113635018427315 0.003027122496872414 0.003349885752052871 0.003349885752052871 0.003953939280223716 0.01909985172042871 0.017907295310991854 0.02296307242993762
78 0.11694242961369863 0.1589252471933677 0.20513379826788927 0.34942121708553087 0.6488773824752926 0.7627073010829735 0.8235437253067839 1.0117931250518029 1.3171179780347093 1.5430484545399035 0.00190998517204287 0.0013213868960151888 0.002113635018427315 0.003027122496872414 0.003349885752052871 0.003349885752052871 0.003953939280223716 0.01909985172042871 0.017907295310991854 0.02296307242993762
79 0.07455768272047297 0.1009357902996208 0.13186684484468883 0.23112513961406625 0.4021838069367889 0.4762204727331755 0.5189585713393166 0.6454677262114472 0.7284049431646943 0.7675580522080028 0.00190998517204287 0.0013213868960151888 0.002113635018427315 0.003027122496872414 0.003349885752052871 0.003349885752052871 0.003953939280223716 0.01909985172042871 0.017907295310991854 0.02296307242993762
80 0.7423660040715604 0.7790725551574866 0.7983509005823362 1.0454608331892252 1.5008859632455396 1.9234500408836537 2.1095411584109214 1.7423720536043803 1.7283084758898286 1.5694114139683284 0.00190998517204287 0.0013213868960151888 0.002113635018427315 0.003027122496872414 0.003349885752052871 0.003349885752052871 0.003953939280223716 0.01909985172042871 0.017907295310991854 0.02296307242993762
81 0.1020977380043079 0.141080206011849 0.1936536345401457 0.291652378928336 0.49279318262453575 0.6260941246572869 0.6983169524097715 0.7642235464752155 1.08591993598724 1.2054646657535446 0.00190998517204287 0.0013213868960151888 0.002113635018427315 0.003027122496872414 0.003349885752052871 0.003349885752052871 0.003953939280223716 0.01909985172042871 0.017907295310991854 0.02296307242993762
82 1.550778906516674 1.555060373609075 1.551020399700364 1.7841327938209868 2.3497706512758807 2.841385440850799 3.0055001181604615 2.5023146380369052 2.250571449923172 1.9004144336661433 0.00190998517204287 0.0013213868960151888 0.002113635018427315 0.003027122496872414 0.003349885752052871 0.003349885752052871 0.003953939280223716 0.01909985172042871 0.017907295310991854 0.02296307242993762
83 0.44174753004179995 0.4706929440699912 0.4897875917475986 0.6745185387410837 0.9885811567571576 1.103737023982801 1.1398684602690365 1.1166745396514992 1.2239691106581054 1.2852309680533756 0.00190998517204287 0.0013213868960151888 0.002113635018427315 0.003027122496872414 0.003349885752052871 0.003349885752052871 0.003953939280223716 0.01909985172042871 0.017907295310991854 0.02296307242993762
84 0.6298290948564674 0.649002110274829 0.6787813518884709 0.7331774458843374 0.8203339989407183 0.9348183062095899 0.9510509946541491 0.9409846618869075 0.9001589340420484 0.5790297197402464 0.00190998517204287 0.0013213868960151888 0.002113635018427315 0.003027122496872414 0.003349885752052871 0.003349885752052871 0.003953939280223716 0.01909985172042871 0.017907295310991854 0.02296307242993762
85 1.8261509961243723 1.7782144114639067 1.713976873969199 2.0440306096785736 2.859090156448242 3.371749645299888 3.509139360339763 3.1078113670294645 2.7120774882199585 2.424246440181006 0.00190998517204287 0.0013213868960151888 0.002113635018427315 0.003027122496872414 0.003349885752052871 0.003349885752052871 0.003953939280223716 0.01909985172042871 0.017907295310991854 0.02296307242993762
86 0.29974224349470496 0.41196872438983484 0.5385358709120622 0.8826151928199517 1.4707370448037447 1.7477373174074928 1.8618430735405604 2.0843302794434173 2.7386540809293343 2.979163687354064 0.00190998517204287 0.0013213868960151888 0.002113635018427315 0.003027122496872414 0.003349885752052871 0.003349885752052871 0.003953939280223716 0.01909985172042871 0.017907295310991854 0.02296307242993762
87 0.7839163717841404 0.9025606211912353 0.9413826963774314 1.1170485348177923 1.383677359710856 1.4642335059749867 1.4277475388238807 1.4745760541720825 1.7855630002307536 1.8869391455397397 0.00190998517204287 0.0013213868960151888 0.002113635018427315 0.003027122496872414 0.003349885752052871 0.003349885752052871 0.003953939280223716 0.01909985172042871 0.017907295310991854 0.02296307242993762
88 0.11999637576586232 0.12896425115865187 0.1352165578512444 0.17503876549384562 0.2263612362625139 0.23301447189322147 0.24656498788749284 0.2612633914146876 0.19812249061604986 0.20424464237151646 0.00190998517204287 0.0013213868960151888 0.002113635018427315 0.003027122496872414 0.003349885752052871 0.003349885752052871 0.003953939280223716 0.01909985172042871 0.017907295310991854 0.02296307242993762
89 0.07664002779415753 0.09294276306805332 0.12045954602290057 0.18138101486840782 0.26637973471364906 0.3046736594834968 0.32889261712034706 0.38256036708216573 0.5080194682797686 0.5191996120812832 0.00190998517204287 0.0013213868960151888 0.002113635018427315 0.003027122496872414 0.003349885752052871 0.003349885752052871 0.003953939280223716 0.01909985172042871 0.017907295310991854 0.02296307242993762
90 0.10376343164763353 0.12623783479997738 0.1480990768857352 0.21079463895402237 0.32715253818052115 0.4291286925303653 0.4715217830475767 0.45392855800479304 0.5250451511215835 0.5070219775295634 0.00190998517204287 0.0013213868960151888 0.002113635018427315 0.003027122496872414 0.003349885752052871 0.003349885752052871 0.003953939280223716 0.01909985172042871 0.017907295310991854 0.02296307242993762
91 0.029607972103210638 0.02806795546490064 0.02924755680154146 0.025500616349293445 0.03848345914733542 0.04778029630173844 0.0435124479943512 0.06236023597352976 0.031927243947171696 0.023452623169699118 0.00190998517204287 0.0013213868960151888 0.002113635018427315 0.003027122496872414 0.003349885752052871 0.003349885752052871 0.003953939280223716 0.01909985172042871 0.017907295310991854 0.02296307242993762
92 0.07082219679370116 0.07884224082905934 0.08162856584855754 0.1085958210592247 0.14967089265051214 0.17826841821855108 0.1866008667860741 0.19404506982416003 0.19820261633145092 0.2046431029367009 0.00190998517204287 0.0013213868960151888 0.002113635018427315 0.003027122496872414 0.003349885752052871 0.003349885752052871 0.003953939280223716 0.01909985172042871 0.017907295310991854 0.02296307242993762
93 0.2712438366504594 0.31517361651719744 0.3561763705819658 0.4507478564908491 0.6289984751660538 0.723354546469085 0.7692125325263146 0.7813690390213812 1.1226262919252403 1.3148323103709063 0.00190998517204287 0.0013213868960151888 0.002113635018427315 0.003027122496872414 0.003349885752052871 0.003349885752052871 0.003953939280223716 0.01909985172042871 0.017907295310991854 0.02296307242993762
94 0.07683297060611015 0.1041839938369198 0.13273165176924973 0.2122305787618708 0.3580054534845888 0.4363954531436486 0.48570012068233165 0.5111929702716749 0.6112543393342296 0.6260492394806999 0.00190998517204287 0.0013213868960151888 0.002113635018427315 0.003027122496872414 0.003349885752052871 0.003349885752052871 0.003953939280223716 0.01909985172042871 0.017907295310991854 0.02296307242993762
95 1.57265614383496 1.3780492275931537 1.1762064089815654 1.1115580598028325 1.2654179946145911 1.47368288354406 1.5036710490156562 1.0672128659382694 0.8743031533551177 0.6753016218958662 0.00190998517204287 0.0013213868960151888 0.002113635018427315 0.003027122496872414 0.003349885752052871 0.003349885752052871 0.003953939280223716 0.01909985172042871 0.017907295310991854 0.02296307242993762
96 0.21492569447111504 0.22353727699689618 0.23741280284786587 0.3004073082072609 0.42606697152793915 0.5286567471545244 0.5640253449930813 0.517509873909044 0.4938062082619428 0.4065245682805248 0.00190998517204287 0.0013213868960151888 0.002113635018427315 0.003027122496872414 0.003349885752052871 0.003349885752052871 0.003953939280223716 0.01909985172042871 0.017907295310991854 0.02296307242993762
97 1.2279217822954045 1.3449779717564174 1.4507725622442835 1.8802409656474617 2.7890356688288542 3.0797570508935315 3.137101729553993 3.355747830749871 3.142798968465921 2.8821787771494134 0.00190998517204287 0.0013213868960151888 0.002113635018427315 0.003027122496872414 0.003349885752052871 0.003349885752052871 0.003953939280223716 0.01909985172042871 0.017907295310991854 0.02296307242993762
98 0.4926571871578863 0.6712514347554583 0.8626939356433379 1.1223265448871105 1.3882597426997023 1.4968038176678353 1.5006586726109932 1.964931631115691 2.563757757180885 2.77115066796418 0.00190998517204287 0.0013213868960151888 0.002113635018427315 0.003027122496872414 0.003349885752052871 0.003349885752052871 0.003953939280223716 0.01909985172042871 0.017907295310991854 0.02296307242993762
99 0.8023148488487883 0.8585362538906252 0.9030628483223712 1.088260046178472 1.3138911317601722 1.4954980663364053 1.569694906859559 1.4233855833658051 1.2809687144179704 1.071894694710653 0.00190998517204287 0.0013213868960151888 0.002113635018427315 0.003027122496872414 0.003349885752052871 0.003349885752052871 0.003953939280223716 0.01909985172042871 0.017907295310991854 0.02296307242993762
100 1.5210105285174604 1.6082804443949505 1.7065015169655298 2.1297568825360855 3.0178215684399397 3.4764771627747835 3.606519323008843 3.54428826297721 3.420295707249641 2.9115617305565444 0.00190998517204287 0.0013213868960151888 0.002113635018427315 0.003027122496872414 0.003349885752052871 0.003349885752052871 0.003953939280223716 0.01909985172042871 0.017907295310991854 0.02296307242993762
